HeaderParameters 1
PlaneSketch 6
P -0.102361 3 0
T 0 0 -1
N 1 0 0
B 0 1 0
BoundaryCurves 1
SketchPoints 439
-1.34704 -0.122728
-1.35947 -0.121801
-1.35854 -0.12187
-1.37097 -0.120944
-1.38247 -0.120086
-1.4322 -0.116379
-1.50995 -0.113846
-1.53482 -0.113204
-1.63752 -0.11162
-1.74023 -0.111569
-1.8375 -0.111569
-1.84292 -0.111569
-1.85411 -0.111569
-1.925 -0.111569
-1.94562 -0.111569
-1.95709 -0.111641
-1.99136 -0.111994
-2.00386 -0.112122
-2.01649 -0.112252
-2.01662 -0.112253
-2.02912 -0.112382
-2.04174 -0.112512
-2.04829 -0.112579
-2.06349 -0.112802
-2.13457 -0.114364
-2.14785 -0.114656
-2.17629 -0.115656
-2.23616 -0.118765
-2.33418 -0.127087
-2.44497 -0.140925
-2.4557 -0.142268
-2.48612 -0.146609
-2.56049 -0.161297
-2.63058 -0.17502
-2.66287 -0.182999
-2.72801 -0.194813
-2.73598 -0.196256
-2.76237 -0.202376
-2.85174 -0.218409
-2.93818 -0.23419
-2.95487 -0.237713
-3.07079 -0.262752
-3.14841 -0.280171
-3.17147 -0.286524
-3.19628 -0.292506
-3.26089 -0.313385
-3.32568 -0.333965
-3.36803 -0.348076
-3.4698 -0.376357
-3.49064 -0.382147
-3.49539 -0.383731
-3.58682 -0.410306
-3.64506 -0.433942
-3.67794 -0.445746
-3.71596 -0.45864
-3.7496 -0.470045
-3.77582 -0.478937
-3.79718 -0.486179
-3.80398 -0.488846
-3.80608 -0.489518
-3.89575 -0.52022
-3.95782 -0.552195
-3.98713 -0.566796
-4.05489 -0.59318
-4.08053 -0.605038
-4.1115 -0.620373
-4.17333 -0.653944
-4.19217 -0.664598
-4.24875 -0.689417
-4.25579 -0.692505
-4.28614 -0.707634
-4.3094 -0.720878
-4.37039 -0.759482
-4.39413 -0.775092
-4.49149 -0.836061
-4.50813 -0.84799
-4.559 -0.881277
-4.58223 -0.896477
-4.60319 -0.910189
-4.62077 -0.92083
-4.69612 -0.978796
-4.70175 -0.983124
-4.71926 -0.997893
-4.8017 -1.0715
-4.81518 -1.08461
-4.88029 -1.1514
-4.89885 -1.17043
-4.90492 -1.17694
-4.92435 -1.20082
-4.96469 -1.25597
-5.00385 -1.32279
-5.04468 -1.43846
-5.06624 -1.53913
-5.0674 -1.55258
-5.08027 -1.63744
-5.0811 -1.64297
-5.08145 -1.67087
-5.08069 -1.73283
-5.07839 -1.75043
-5.07524 -1.77654
-5.06366 -1.83674
-5.05697 -1.86993
-5.03582 -1.94568
-5.01844 -1.99605
-5.01491 -2.0063
-4.99753 -2.05167
-4.95787 -2.11213
-4.9544 -2.11743
-4.93661 -2.14126
-4.88904 -2.19353
-4.86619 -2.21864
-4.82828 -2.25396
-4.78219 -2.29154
-4.72999 -2.32982
-4.69958 -2.34938
-4.61575 -2.39706
-4.58811 -2.41269
-4.56898 -2.42349
-4.52788 -2.4495
-4.48429 -2.47218
-4.4314 -2.4946
-4.41069 -2.50337
-4.33344 -2.52771
-4.29215 -2.54028
-4.26804 -2.54788
-4.22341 -2.56572
-4.17982 -2.57869
-4.13216 -2.59078
-4.09639 -2.59983
-4.02909 -2.6115
-3.9977 -2.61686
-3.89657 -2.62782
-3.79427 -2.63109
-3.69153 -2.63272
-3.58882 -2.63277
-3.48613 -2.63277
-3.38343 -2.63277
-3.28073 -2.63277
-3.17802 -2.63277
-3.07533 -2.63277
-2.97266 -2.63176
-2.56966 -2.59126
-2.45764 -2.5676
-2.34662 -2.5439
-2.27088 -2.529
-2.19006 -2.51272
-2.0737 -2.48648
-2.05286 -2.48159
-1.97524 -2.46349
-1.9521 -2.45678
-1.86233 -2.42786
-1.78969 -2.40264
-1.75555 -2.39079
-1.69703 -2.37405
-1.64499 -2.35657
-1.60811 -2.34591
-1.55558 -2.32683
-1.48634 -2.30005
-1.45035 -2.28641
-1.37866 -2.2625
-1.3594 -2.25529
-1.26555 -2.21324
-1.18398 -2.18122
-1.13761 -2.16353
-1.11569 -2.15432
-1.03209 -2.12053
-0.984102 -2.09309
-0.93153 -2.06206
-0.891859 -2.03902
-0.847532 -2.01327
-0.830349 -2.00329
-0.743508 -1.9495
-0.698187 -1.91771
-0.65403 -1.88257
-0.628948 -1.863
-0.592157 -1.83537
-0.578163 -1.82486
-0.550175 -1.80384
-0.527821 -1.78705
-0.517026 -1.7777
-0.45132 -1.72139
-0.425584 -1.69934
-0.37505 -1.64727
-0.344267 -1.61535
-0.334269 -1.60498
-0.281224 -1.53796
-0.259745 -1.51023
-0.248552 -1.49578
-0.234956 -1.47562
-0.202495 -1.43189
-0.184671 -1.40348
-0.178433 -1.39353
-0.162693 -1.36454
-0.151761 -1.3444
-0.142622 -1.32757
-0.135653 -1.31292
-0.110729 -1.27264
-0.0977931 -1.25242
-0.0848576 -1.2322
-0.0764971 -1.21913
-0.0425199 -1.1892
-0.035478 -1.183
-0.0222366 -1.17135
-0.0151948 -1.16515
0.0716068 -1.17157
0.0927778 -1.17628
0.109024 -1.17946
0.146659 -1.19622
0.17936 -1.20875
0.201161 -1.2171
0.212061 -1.22128
0.222962 -1.22545
0.226447 -1.22679
0.248068 -1.23902
0.295739 -1.25784
0.337545 -1.27297
0.387795 -1.28721
0.410937 -1.29376
0.420777 -1.29655
0.434181 -1.29858
0.512049 -1.30902
0.520499 -1.31016
0.580959 -1.31464
0.622273 -1.31766
0.69641 -1.32062
0.725307 -1.3217
0.831397 -1.3299
0.937932 -1.3486
1.03929 -1.36842
1.13256 -1.38703
1.1379 -1.3881
1.2386 -1.4004
1.34072 -1.40418
1.44332 -1.40567
1.5375 -1.40555
1.54605 -1.40555
1.6136 -1.40488
1.6488 -1.40458
1.74058 -1.40236
1.77769 -1.40058
1.83767 -1.3967
1.93077 -1.3852
2.02958 -1.36814
2.06509 -1.36163
2.12263 -1.35276
2.16514 -1.34409
2.24647 -1.33107
2.26216 -1.32856
2.30546 -1.32368
2.35622 -1.31799
2.3787 -1.31586
2.45162 -1.30877
2.54197 -1.29326
2.60977 -1.27395
2.65145 -1.25952
2.71348 -1.23681
2.7479 -1.22351
2.80833 -1.19502
2.85097 -1.1734
2.87839 -1.16422
2.9244 -1.14827
2.95788 -1.13666
2.97697 -1.13004
3.06078 -1.1212
3.1375 -1.11755
3.18927 -1.11721
3.24975 -1.11958
3.29587 -1.12118
3.3858 -1.12957
3.46114 -1.13461
3.50482 -1.13731
3.56345 -1.13527
3.60089 -1.13371
3.63454 -1.13218
3.67756 -1.12828
3.69511 -1.12669
3.75298 -1.11986
3.77724 -1.11659
3.79117 -1.11471
3.79983 -1.11354
3.81346 -1.11149
3.85676 -1.10452
3.89352 -1.0986
3.92113 -1.09135
3.96369 -1.08094
3.99305 -1.07375
4.03608 -1.06229
4.06937 -1.0533
4.10576 -1.04238
4.15182 -1.02649
4.1725 -1.01936
4.19494 -1.0112
4.20356 -1.00807
4.2208 -1.00048
4.26369 -0.982121
4.2833 -0.97373
4.30194 -0.965753
4.35647 -0.938617
4.37907 -0.927373
4.41049 -0.909636
4.45714 -0.878275
4.48015 -0.862808
4.50185 -0.848219
4.51477 -0.838851
4.55979 -0.798327
4.57291 -0.786516
4.59293 -0.768488
4.60162 -0.760663
4.60806 -0.754763
4.65161 -0.701943
4.66279 -0.688356
4.67269 -0.676312
4.70793 -0.613223
4.71394 -0.60247
4.7258 -0.578999
4.72878 -0.570731
4.73944 -0.539835
4.76016 -0.474992
4.76296 -0.4353
4.76361 -0.390987
4.73786 -0.293127
4.70642 -0.237005
4.60649 -0.104731
4.57204 -0.0720329
4.51173 -0.0212319
4.49458 -0.00677609
4.43091 0.0343266
4.40177 0.0527878
4.38221 0.0618119
4.32405 0.0851374
4.28648 0.0945504
4.2238 0.105841
4.14811 0.112855
4.11319 0.115533
4.01163 0.116391
3.91033 0.115689
3.89821 0.115202
3.82588 0.113892
3.80886 0.113584
3.73887 0.111366
3.70976 0.110583
3.63938 0.106322
3.61786 0.105022
3.58595 0.0988946
3.52531 0.0905149
3.47457 0.0765636
3.41064 0.0585024
3.36084 0.042742
3.30824 0.0248368
3.27088 0.00957704
3.20941 -0.0182943
3.16431 -0.0386
3.13108 -0.0534596
3.09497 -0.0712156
3.06666 -0.0885396
2.9934 -0.135545
2.95506 -0.163626
2.92687 -0.18427
2.90928 -0.197145
2.88632 -0.214715
2.82556 -0.27506
2.80648 -0.29402
2.79029 -0.310412
2.73555 -0.382685
2.72354 -0.398645
2.7123 -0.41358
2.68679 -0.449046
2.66641 -0.477372
2.65196 -0.49746
2.65043 -0.499592
2.61287 -0.544894
2.59078 -0.570624
2.57468 -0.589381
2.55513 -0.604562
2.49076 -0.623796
2.44264 -0.643941
2.42014 -0.644468
2.36256 -0.644269
2.34289 -0.644201
2.26323 -0.631274
2.22636 -0.626823
2.16035 -0.619884
2.05918 -0.612014
1.95699 -0.608693
1.85429 -0.607109
1.7516 -0.606953
1.6625 -0.606953
1.6 -0.606953
1.55 -0.606953
1.5 -0.606953
1.4625 -0.606953
1.44349 -0.606953
1.375 -0.606953
1.34079 -0.606953
1.26243 -0.607151
1.23915 -0.607205
1.14958 -0.608464
1.08643 -0.6106
1.04472 -0.612253
0.986304 -0.617335
0.940514 -0.620051
0.904756 -0.624038
0.843861 -0.630229
0.783458 -0.640582
0.734627 -0.649818
0.640915 -0.667797
0.608193 -0.675391
0.516908 -0.69519
0.457675 -0.707217
0.425686 -0.7144
0.342344 -0.740937
0.303926 -0.751724
0.274284 -0.759905
0.252961 -0.76579
0.223565 -0.776993
0.188828 -0.790833
0.162955 -0.801142
0.145182 -0.808223
0.114452 -0.815269
0.0898536 -0.818413
0.0791266 -0.819785
0.0438014 -0.8243
0.0192416 -0.827439
-0.0463998 -0.788719
-0.094245 -0.766567
-0.106698 -0.760801
-0.140124 -0.729465
-0.159666 -0.711144
-0.169632 -0.701801
-0.198355 -0.675987
-0.224614 -0.652388
-0.237561 -0.640752
-0.270099 -0.606713
-0.294749 -0.583605
-0.30765 -0.571533
-0.327215 -0.553225
-0.340115 -0.541153
-0.353217 -0.528892
-0.36511 -0.51751
BezierPoints 52
-1.34704 -0.122728
-2.44166 -0.0411228
-3.71902 -0.255127
-4.62077 -0.92083
-5.46002 -1.5404
-4.98761 -2.42062
-4.09639 -2.59983
-3.09979 -2.80023
-1.94718 -2.54632
-1.03209 -2.12053
-0.743185 -1.9861
-0.454626 -1.76181
-0.259745 -1.51023
-0.218172 -1.45657
-0.0911408 -1.16497
-0.0151948 -1.16515
0.167484 -1.16558
0.330408 -1.28465
0.512049 -1.30902
1.19233 -1.4003
1.93739 -1.48112
2.60977 -1.27395
2.76378 -1.2265
2.8976 -1.1339
3.06078 -1.1212
3.21044 -1.10955
3.35577 -1.13635
3.50482 -1.13731
3.85492 -1.13955
5.11953 -0.829454
4.70642 -0.237005
4.31395 0.325828
3.41781 0.175249
2.92687 -0.18427
2.79833 -0.278398
2.69716 -0.546319
2.55513 -0.604562
2.28671 -0.714638
1.88556 -0.606953
1.6 -0.606953
1.20701 -0.606953
0.843299 -0.626012
0.457675 -0.707217
0.365377 -0.726653
0.117267 -0.866107
0.0192416 -0.827439
-0.133631 -0.767136
-0.248532 -0.629081
-0.36511 -0.51751
-0.556255 -0.334575
-1.08319 -0.142398
-1.34704 -0.122728
P -0.102364 1.958 -0.502986
T -1 0 0
N 0 -0.668885 -0.743366
B -1.49619e-05 0.743366 -0.668885
BoundaryCurves 1
SketchPoints 353
-0.270877 0.485069
-0.287459 0.476352
-0.302502 0.463028
-0.304711 0.461072
-0.318695 0.449804
-0.332377 0.43878
-0.35975 0.416723
-0.379537 0.400779
-0.389587 0.392681
-0.402402 0.37515
-0.41867 0.352896
-0.446686 0.314275
-0.470386 0.264941
-0.483476 0.229617
-0.501004 0.199542
-0.512658 0.179547
-0.518624 0.142685
-0.522892 0.11632
-0.554338 0.0695802
-0.571283 0.0444614
-0.601694 0.0196128
-0.624 0.00301819
-0.65066 -0.0200721
-0.665772 -0.0331605
-0.68446 -0.0396708
-0.716774 -0.0487349
-0.778605 -0.0770496
-0.800291 -0.0847278
-0.830372 -0.095379
-0.84148 -0.099312
-0.860515 -0.106052
-0.92845 -0.139292
-0.974885 -0.167673
-1.05182 -0.218418
-1.07382 -0.234921
-1.08192 -0.240993
-1.10605 -0.256134
-1.13846 -0.276467
-1.17461 -0.306615
-1.22706 -0.342778
-1.27429 -0.38241
-1.30931 -0.409707
-1.33856 -0.439673
-1.36982 -0.48077
-1.38785 -0.509239
-1.41478 -0.549546
-1.42907 -0.573529
-1.43694 -0.586738
-1.45925 -0.628466
-1.48416 -0.688702
-1.49154 -0.710606
-1.50371 -0.755706
-1.51659 -0.786789
-1.54122 -0.851097
-1.56002 -0.899517
-1.57041 -0.953997
-1.59763 -1.02537
-1.60728 -1.05068
-1.62053 -1.09769
-1.63497 -1.15758
-1.63902 -1.16893
-1.64638 -1.22258
-1.64876 -1.23993
-1.65536 -1.2942
-1.66477 -1.35147
-1.7029 -1.41172
-1.7062 -1.41619
-1.71982 -1.46276
-1.73686 -1.50193
-1.75244 -1.54409
-1.75985 -1.58607
-1.76625 -1.62241
-1.77021 -1.64486
-1.77835 -1.69552
-1.78234 -1.7326
-1.7864 -1.77038
-1.79092 -1.80464
-1.78391 -1.864
-1.77028 -1.93931
-1.76817 -1.95092
-1.75449 -1.98413
-1.73894 -2.01986
-1.72978 -2.04089
-1.72656 -2.0483
-1.71757 -2.07052
-1.71323 -2.08127
-1.6977 -2.10115
-1.68507 -2.11723
-1.63894 -2.16064
-1.5999 -2.16455
-1.57467 -2.16509
-1.54485 -2.16574
-1.54485 -2.16574
-1.54485 -2.16574
-1.53804 -2.16008
-1.53769 -2.15979
-1.52883 -2.15142
-1.51597 -2.13927
-1.50314 -2.12715
-1.46605 -2.09212
-1.45996 -2.07478
-1.4483 -2.04162
-1.43226 -1.99682
-1.41272 -1.94224
-1.41229 -1.91979
-1.41051 -1.83323
-1.41035 -1.82127
-1.42489 -1.7687
-1.42822 -1.75666
-1.43623 -1.72702
-1.45377 -1.65172
-1.47187 -1.58641
-1.474 -1.57455
-1.48676 -1.45997
-1.48902 -1.44409
-1.48055 -1.40715
-1.47718 -1.3175
-1.44129 -1.25645
-1.42041 -1.22442
-1.4097 -1.20798
-1.38967 -1.15749
-1.36613 -1.1271
-1.34847 -1.10693
-1.32258 -1.06529
-1.30906 -1.02747
-1.30438 -1.01436
-1.28891 -0.98071
-1.27954 -0.960333
-1.26382 -0.911572
-1.25977 -0.899023
-1.22328 -0.850137
-1.20767 -0.812407
-1.18529 -0.774363
-1.17992 -0.765243
-1.1604 -0.720061
-1.14514 -0.700562
-1.11618 -0.661784
-1.10572 -0.647772
-1.09525 -0.633742
-1.07879 -0.611696
-1.06715 -0.595086
-1.02956 -0.567435
-0.99596 -0.538008
-0.980756 -0.524694
-0.934094 -0.501594
-0.879644 -0.473319
-0.833426 -0.459196
-0.79559 -0.446833
-0.769313 -0.438215
-0.730199 -0.419482
-0.689121 -0.404046
-0.67644 -0.399281
-0.635507 -0.376757
-0.592534 -0.356757
-0.541278 -0.329414
-0.531488 -0.32419
-0.448713 -0.29745
-0.442695 -0.295506
-0.40887 -0.28758
-0.358199 -0.273152
-0.335073 -0.266568
-0.294464 -0.266074
-0.227933 -0.275075
-0.20338 -0.278397
-0.197214 -0.279231
-0.128091 -0.291042
-0.105948 -0.294846
-0.0710504 -0.297714
-0.0399071 -0.300274
-0.00903784 -0.302758
0.0230996 -0.301574
0.060531 -0.299972
0.0770694 -0.299264
0.10593 -0.294965
0.185382 -0.278351
0.21445 -0.272689
0.281748 -0.251811
0.324494 -0.238003
0.339255 -0.232911
0.409878 -0.199817
0.431221 -0.188469
0.44553 -0.180861
0.509536 -0.167469
0.538735 -0.1631
0.564355 -0.160167
0.62885 -0.148915
0.68987 -0.161569
0.696862 -0.163019
0.742635 -0.171737
0.782821 -0.194448
0.823043 -0.213242
0.845586 -0.222135
0.87928 -0.242524
0.897005 -0.249235
0.90794 -0.253371
0.912074 -0.254935
0.927145 -0.260637
0.932884 -0.262808
0.982104 -0.283568
1.00911 -0.294956
1.0458 -0.306228
1.0963 -0.33713
1.12315 -0.354114
1.17752 -0.379713
1.19858 -0.412895
1.26548 -0.494549
1.29845 -0.568699
1.31583 -0.602305
1.32451 -0.639239
1.34953 -0.69779
1.36244 -0.742633
1.37805 -0.792629
1.3934 -0.830915
1.41512 -0.875791
1.42585 -0.903341
1.46039 -0.971685
1.47559 -1.02919
1.48256 -1.07306
1.48606 -1.08293
1.5115 -1.14274
1.52091 -1.16487
1.53765 -1.20252
1.56632 -1.27853
1.57345 -1.33761
1.57603 -1.36073
1.58236 -1.38697
1.60034 -1.47006
1.60975 -1.51568
1.63226 -1.58589
1.64478 -1.64304
1.65259 -1.67885
1.66176 -1.71161
1.66362 -1.71797
1.66922 -1.75026
1.69291 -1.8239
1.69799 -1.83971
1.71467 -1.88618
1.73032 -1.92059
1.7466 -1.95637
1.75338 -1.97126
1.77071 -2.00622
1.80044 -2.06247
1.8135 -2.08718
1.82139 -2.10212
1.82599 -2.11082
1.83302 -2.12148
1.83732 -2.12706
1.85425 -2.14526
1.87253 -2.16492
1.87832 -2.17115
1.88456 -2.17786
1.89659 -2.19079
1.90239 -2.19703
1.89615 -2.19032
1.90195 -2.19656
1.90152 -2.19609
1.90357 -2.1983
1.91192 -2.20366
1.924 -2.21137
1.9272 -2.21342
1.9304 -2.21547
1.9336 -2.21751
1.92545 -2.2123
1.92052 -2.20915
1.91238 -2.20395
2.08491 -2.01316
2.07124 -1.91743
2.06699 -1.89019
2.05014 -1.83725
2.03586 -1.79305
2.03276 -1.76256
2.03023 -1.7378
2.02819 -1.7177
2.02379 -1.69666
2.02206 -1.68539
2.00264 -1.6115
1.99591 -1.58591
1.98958 -1.5716
1.96109 -1.47415
1.95421 -1.4519
1.94645 -1.43126
1.91009 -1.33093
1.89483 -1.3047
1.87441 -1.23315
1.84511 -1.13401
1.83404 -1.06723
1.81043 -0.978092
1.81242 -0.919337
1.80859 -0.900705
1.78747 -0.860215
1.77437 -0.801449
1.77113 -0.786899
1.73649 -0.707875
1.72639 -0.677395
1.72241 -0.663275
1.71013 -0.625621
1.69787 -0.58804
1.68908 -0.568396
1.67302 -0.526253
1.65389 -0.488024
1.64198 -0.464897
1.61464 -0.428569
1.5961 -0.397859
1.58293 -0.373218
1.56668 -0.35262
1.54642 -0.323067
1.51916 -0.288293
1.49073 -0.244919
1.46715 -0.216863
1.45709 -0.204899
1.42732 -0.160792
1.40805 -0.138254
1.39874 -0.125251
1.35307 -0.0830759
1.31408 -0.0566094
1.28455 -0.0390142
1.2406 -0.0118044
1.2027 0.00454875
1.13209 0.034629
1.11604 0.040978
1.07259 0.0562547
1.04237 0.0674017
1.01458 0.0776559
0.971562 0.0981908
0.946342 0.11023
0.913197 0.12386
0.886125 0.137997
0.856215 0.153616
0.848196 0.157803
0.814639 0.170309
0.759196 0.200259
0.718534 0.218021
0.699089 0.231577
0.677485 0.248417
0.663648 0.259203
0.635978 0.280771
0.625921 0.288611
0.566783 0.334905
0.540455 0.354649
0.520149 0.374503
0.498898 0.390103
0.473829 0.407638
0.449307 0.428376
0.420964 0.452345
0.406468 0.460998
0.376887 0.481856
0.353897 0.497458
0.336143 0.509429
0.320077 0.520038
0.280128 0.539622
0.260134 0.549424
0.22875 0.562903
0.218512 0.567301
BezierPoints 52
-0.270877 0.485069
-0.458444 0.38647
-0.445782 0.176881
-0.571283 0.0444614
-0.679275 -0.0694846
-0.845538 -0.0847169
-0.974885 -0.167673
-1.3498 -0.408126
-1.50904 -0.667254
-1.62053 -1.09769
-1.6908 -1.36897
-1.82229 -1.65202
-1.77028 -1.93931
-1.75841 -2.00487
-1.64556 -2.24942
-1.54485 -2.16574
-1.2605 -1.92947
-1.55305 -1.60869
-1.47718 -1.3175
-1.3445 -0.808273
-0.872512 -0.326253
-0.335073 -0.266568
-0.198843 -0.251439
-0.0622771 -0.31463
0.0770694 -0.299264
0.268677 -0.278134
0.436409 -0.146765
0.62885 -0.148915
1.31087 -0.156533
1.4695 -1.00677
1.60975 -1.51568
1.65588 -1.68309
1.69035 -1.85048
1.77071 -2.00622
1.81149 -2.08525
2.00853 -2.26541
1.9336 -2.21751
1.90581 -2.19975
2.1039 -2.03043
2.06699 -1.89019
1.97235 -1.53069
1.90798 -1.12497
1.77113 -0.786899
1.53424 -0.201692
1.25587 -0.0619484
0.718534 0.218021
0.53669 0.312768
0.411604 0.484367
0.218512 0.567301
0.104519 0.616261
-0.161063 0.542795
-0.270877 0.485069
P -0.102364 1.66447 -1.43022
T -1 0 0
N 0 0.0178244 -0.999841
B 0 0.999841 0.0178244
BoundaryCurves 1
SketchPoints 284
0.28472 0.719882
0.293556 0.718572
0.319632 0.714706
0.394722 0.686891
0.422328 0.676547
0.472144 0.646416
0.500865 0.629044
0.524011 0.615078
0.58332 0.57057
0.603578 0.555367
0.64819 0.523532
0.67935 0.501899
0.70357 0.485085
0.767293 0.44884
0.809123 0.427055
0.887484 0.40108
0.922194 0.391892
0.963481 0.386152
0.98457 0.384086
1.01686 0.378318
1.09262 0.355005
1.18406 0.318135
1.26199 0.271106
1.28594 0.256726
1.34637 0.216815
1.38143 0.190223
1.44338 0.133749
1.48112 0.0992558
1.57112 0.00993457
1.58022 0.000904944
1.6555 -0.0848394
1.706 -0.150688
1.74342 -0.20075
1.77068 -0.250243
1.79193 -0.289761
1.79818 -0.301391
1.82623 -0.354003
1.85323 -0.404385
1.87701 -0.453873
1.90339 -0.509081
1.95341 -0.598478
1.99686 -0.661079
2.03399 -0.708626
2.05044 -0.72968
2.10634 -0.790773
2.13005 -0.81694
2.14229 -0.830451
2.16922 -0.863326
2.20319 -0.906234
2.22702 -0.936352
2.24793 -0.960747
2.31059 -1.04685
2.33682 -1.08386
2.35149 -1.10588
2.37571 -1.14388
2.39683 -1.17597
2.41493 -1.21017
2.43013 -1.24115
2.44707 -1.26707
2.47828 -1.3439
2.48307 -1.36445
2.49615 -1.44328
2.49764 -1.45223
2.49804 -1.49701
2.49441 -1.53911
2.49385 -1.54563
2.47888 -1.58567
2.44424 -1.6131
2.42462 -1.6174
2.39457 -1.6095
2.37119 -1.60334
2.36702 -1.60224
2.33376 -1.58473
2.32397 -1.57958
2.31418 -1.57443
2.29673 -1.56524
2.28526 -1.55725
2.22171 -1.50861
2.18864 -1.48343
2.12899 -1.42802
2.09942 -1.40065
2.04167 -1.32333
2.01103 -1.27237
1.96301 -1.19899
1.91415 -1.1205
1.886 -1.07321
1.85311 -1.01475
1.83159 -0.977866
1.82423 -0.963974
1.78179 -0.894716
1.74554 -0.83938
1.71841 -0.799289
1.65377 -0.715365
1.63247 -0.687961
1.59625 -0.640663
1.55608 -0.587141
1.52066 -0.531083
1.49444 -0.488258
1.4424 -0.405188
1.43117 -0.387226
1.39698 -0.331325
1.3679 -0.283826
1.34995 -0.254871
1.32835 -0.220016
1.31473 -0.198021
1.30238 -0.1778
1.25486 -0.117341
1.23929 -0.0974585
1.22284 -0.0764598
1.15752 -0.0356051
1.11434 -0.0110985
1.10267 -0.00447952
1.00952 0.031427
0.983501 0.0396032
0.945028 0.0474433
0.863159 0.0516064
0.829219 0.0523271
0.774661 0.0508074
0.738655 0.0498046
0.662323 0.039946
0.539468 0.0164726
0.470189 -0.00153578
0.427552 -0.0133822
0.351464 -0.0350157
0.319707 -0.0441301
0.25197 -0.0607476
0.218244 -0.0686333
0.202284 -0.0723615
0.125823 -0.0808025
0.109062 -0.0825068
0.0502716 -0.0827304
0.0247797 -0.0828275
-0.0790337 -0.0738398
-0.163401 -0.0555645
-0.18225 -0.0511099
-0.262373 -0.0278033
-0.283409 -0.0215226
-0.334359 -0.00712436
-0.369108 0.00265283
-0.381099 0.00602663
-0.463397 0.0209575
-0.483948 0.0245162
-0.512431 0.0272778
-0.549795 0.0295322
-0.596314 0.0323391
-0.650161 0.0280322
-0.710684 0.0228668
-0.774007 0.0164982
-0.806727 0.0131279
-0.845792 0.000559539
-0.887063 -0.0127186
-0.929074 -0.0286668
-0.998309 -0.0567385
-1.0185 -0.064104
-1.11805 -0.163856
-1.17937 -0.24956
-1.20577 -0.308908
-1.21437 -0.329124
-1.24789 -0.38877
-1.26952 -0.428119
-1.27661 -0.441008
-1.32138 -0.512243
-1.34778 -0.554202
-1.35759 -0.566386
-1.37649 -0.597345
-1.42577 -0.659239
-1.46451 -0.704345
-1.48835 -0.732102
-1.50121 -0.746527
-1.53795 -0.785284
-1.55583 -0.804138
-1.57553 -0.823321
-1.58966 -0.83709
-1.62626 -0.871655
-1.65206 -0.895801
-1.67533 -0.917574
-1.6908 -0.932595
-1.72259 -0.963471
-1.75313 -0.993126
-1.82788 -1.05797
-1.85051 -1.07719
-1.92192 -1.12828
-1.947 -1.14576
-1.99355 -1.17224
-2.0415 -1.20069
-2.07035 -1.21839
-2.13171 -1.24826
-2.15902 -1.26155
-2.19222 -1.27616
-2.27832 -1.32477
-2.28608 -1.32915
-2.33094 -1.35139
-2.3735 -1.36633
-2.41112 -1.36899
-2.45122 -1.36595
-2.54065 -1.34423
-2.57048 -1.3397
-2.59493 -1.33604
-2.60549 -1.33446
-2.64706 -1.32364
-2.66875 -1.31534
-2.67745 -1.30961
-2.66199 -1.28446
-2.66199 -1.28446
-2.66199 -1.28446
-2.66199 -1.28446
-2.66199 -1.28446
-2.66105 -1.28384
-2.6553 -1.28005
-2.64956 -1.27627
-2.63918 -1.26943
-2.5797 -1.19044
-2.56893 -1.1767
-2.52885 -1.12892
-2.48986 -1.08444
-2.45999 -1.0556
-2.42118 -1.0188
-2.41028 -1.00846
-2.36828 -0.974956
-2.32116 -0.946231
-2.30374 -0.931958
-2.2283 -0.88099
-2.20246 -0.86354
-2.13544 -0.823124
-2.12074 -0.814301
-2.0879 -0.79659
-2.05805 -0.780702
-2.0415 -0.77189
-1.99446 -0.749066
-1.96438 -0.734676
-1.93468 -0.720467
-1.8661 -0.675662
-1.83131 -0.652891
-1.75279 -0.56598
-1.71147 -0.505763
-1.67846 -0.452957
-1.64784 -0.39498
-1.62385 -0.349927
-1.58191 -0.280133
-1.56329 -0.249792
-1.53784 -0.211323
-1.51271 -0.173911
-1.49466 -0.147044
-1.49239 -0.143786
-1.47183 -0.120203
-1.44866 -0.0936128
-1.43088 -0.0732133
-1.40833 -0.0473513
-1.38005 -0.0186014
-1.35875 0.00277695
-1.33058 0.0302405
-1.30994 0.0503506
-1.27529 0.0798165
-1.24725 0.103512
-1.21305 0.132416
-1.19068 0.150639
-1.15047 0.179758
-1.11399 0.206171
-1.07502 0.233017
-1.03287 0.262045
-0.995221 0.2828
-0.92643 0.316554
-0.901515 0.329116
-0.871553 0.344365
-0.839193 0.357258
-0.799376 0.374682
-0.769203 0.387607
-0.738689 0.400678
-0.70947 0.421984
-0.69717 0.430952
-0.660449 0.463082
-0.641907 0.479306
-0.602029 0.508491
-0.566001 0.536838
-0.552273 0.547798
-0.53091 0.564854
-0.507165 0.582479
-0.497742 0.589392
-0.450378 0.618063
-0.435693 0.626953
-0.422829 0.63474
-0.412189 0.641283
-0.398452 0.649731
-0.38049 0.657157
BezierPoints 46
0.28472 0.719882
0.47244 0.692051
0.607133 0.536892
0.767293 0.44884
0.968378 0.33829
1.19321 0.351392
1.38143 0.190223
1.71489 -0.0953002
1.82159 -0.478665
2.10634 -0.790773
2.20802 -0.902226
2.69837 -1.46446
2.44424 -1.6131
2.33166 -1.66974
2.07875 -1.37714
2.04167 -1.32333
1.79592 -0.966652
1.56936 -0.338572
1.22284 -0.0764598
0.858852 0.198876
0.497771 -0.0725877
0.109062 -0.0825068
-0.110677 -0.0881141
-0.298423 0.0109753
-0.512431 0.0272778
-1.23386 0.0822339
-1.46307 -0.898164
-2.07035 -1.21839
-2.23738 -1.30647
-2.35063 -1.38605
-2.54065 -1.34423
-2.55627 -1.34079
-2.68123 -1.32684
-2.67745 -1.30961
-2.6009 -0.959857
-2.04928 -0.863883
-1.83131 -0.652891
-1.68053 -0.506948
-1.62602 -0.300904
-1.49239 -0.143786
-1.22734 0.167841
-0.759526 0.500468
-0.38049 0.657157
-0.22612 0.720971
0.119486 0.744379
0.28472 0.719882
P -0.0956039 1.61088 -2.36756
T -1 0 0
N 0 0.460512 -0.887654
B 0 0.887654 0.460512
BoundaryCurves 1
SketchPoints 270
-0.293089 0.710413
-0.320043 0.69574
-0.352704 0.677347
-0.390115 0.653749
-0.398252 0.648617
-0.432577 0.620604
-0.469212 0.597607
-0.492776 0.582815
-0.502432 0.576754
-0.526537 0.553837
-0.585241 0.523334
-0.604926 0.513106
-0.620229 0.504104
-0.653258 0.483729
-0.680591 0.466868
-0.72946 0.456135
-0.793829 0.432686
-0.850068 0.423703
-0.910484 0.413543
-0.991409 0.407796
-1.01533 0.404834
-1.09817 0.386019
-1.14867 0.365436
-1.187 0.34606
-1.28027 0.313002
-1.31377 0.30476
-1.39311 0.276246
-1.40304 0.271979
-1.44513 0.232034
-1.46353 0.214374
-1.48875 0.186058
-1.50118 0.165193
-1.50573 0.157565
-1.53126 0.106611
-1.55201 0.0690311
-1.56841 0.0275081
-1.58938 -0.00891039
-1.61176 -0.0657785
-1.64017 -0.122084
-1.66379 -0.201997
-1.68996 -0.297779
-1.70597 -0.340745
-1.72421 -0.385573
-1.73309 -0.415664
-1.75188 -0.482333
-1.76647 -0.550823
-1.76736 -0.572016
-1.78524 -0.673151
-1.79352 -0.714984
-1.81769 -0.781759
-1.82314 -0.796832
-1.82662 -0.823427
-1.86473 -0.918447
-1.8851 -0.968639
-1.89175 -1.05299
-1.90365 -1.11081
-1.90737 -1.15273
-1.9244 -1.21605
-1.92625 -1.25052
-1.93216 -1.28128
-1.94075 -1.34612
-1.94759 -1.39631
-1.94208 -1.44428
-1.94027 -1.49325
-1.9398 -1.5062
-1.93611 -1.53027
-1.92434 -1.56446
-1.89623 -1.61568
-1.86728 -1.64499
-1.70657 -1.60666
-1.70344 -1.59214
-1.70289 -1.58957
-1.70233 -1.587
-1.70178 -1.58443
-1.70123 -1.58186
-1.70067 -1.57929
-1.70012 -1.57671
-1.69957 -1.57414
-1.69901 -1.57157
-1.69589 -1.55707
-1.69301 -1.54366
-1.66299 -1.49717
-1.62295 -1.40806
-1.61808 -1.39721
-1.61215 -1.38477
-1.58586 -1.28484
-1.57905 -1.22292
-1.57918 -1.21657
-1.58001 -1.17667
-1.57292 -1.11823
-1.56824 -1.06278
-1.55806 -1.01116
-1.53505 -0.826587
-1.50266 -0.690152
-1.45612 -0.597652
-1.44771 -0.574084
-1.43625 -0.5531
-1.40215 -0.45869
-1.35605 -0.372844
-1.34663 -0.347187
-1.33333 -0.323678
-1.30022 -0.235507
-1.25693 -0.167829
-1.21825 -0.0803129
-1.17326 -0.0368235
-1.13774 0.00830384
-1.08991 0.0308357
-1.03131 0.046609
-1.00486 0.0537272
-0.968594 0.0584362
-0.928167 0.0612181
-0.889662 0.0638134
-0.859354 0.0642253
-0.787547 0.0660544
-0.753358 0.0654211
-0.67897 0.0663652
-0.635946 0.0615993
-0.577255 0.0626711
-0.524762 0.0530355
-0.47541 0.0440685
-0.447545 0.0354291
-0.383819 0.0217464
-0.356417 0.0146041
-0.321303 0.00545155
-0.292257 -0.00192744
-0.268598 -0.00629791
-0.20302 -0.0227268
-0.190985 -0.025742
-0.160369 -0.0293632
-0.134064 -0.0326791
-0.12176 -0.0342301
-0.111008 -0.0355855
-0.0987037 -0.0371365
-0.0914988 -0.0380447
-0.0619791 -0.0392019
0.0619791 -0.0392019
0.0914988 -0.0380447
0.0987037 -0.0371365
0.111008 -0.0355855
0.12176 -0.0342301
0.134064 -0.0326791
0.160369 -0.0293632
0.190985 -0.025742
0.20302 -0.0227268
0.268598 -0.00629791
0.292257 -0.00192744
0.321303 0.00545155
0.356417 0.0146041
0.383819 0.0217464
0.447545 0.0354291
0.47541 0.0440685
0.524762 0.0530355
0.577255 0.0626711
0.635946 0.0615993
0.67897 0.0663652
0.753358 0.0654211
0.787547 0.0660544
0.859354 0.0642253
0.889662 0.0638134
0.928167 0.0612181
0.968594 0.0584362
1.00486 0.0537272
1.03131 0.046609
1.08991 0.0308357
1.13774 0.00830384
1.17326 -0.0368235
1.21825 -0.0803129
1.25693 -0.167829
1.30022 -0.235507
1.33333 -0.323678
1.34663 -0.347187
1.35605 -0.372844
1.40215 -0.45869
1.43625 -0.5531
1.44771 -0.574084
1.45612 -0.597652
1.50266 -0.690152
1.53505 -0.826587
1.55806 -1.01116
1.56824 -1.06278
1.57292 -1.11823
1.58001 -1.17667
1.57918 -1.21657
1.57905 -1.22292
1.58586 -1.28484
1.61215 -1.38477
1.61808 -1.39721
1.62295 -1.40806
1.66299 -1.49717
1.69301 -1.54366
1.69589 -1.55707
1.69901 -1.57157
1.69957 -1.57414
1.70012 -1.57671
1.70067 -1.57929
1.70123 -1.58186
1.70178 -1.58443
1.70233 -1.587
1.70289 -1.58957
1.70344 -1.59214
1.70657 -1.60666
1.86728 -1.64499
1.89623 -1.61568
1.92434 -1.56446
1.93611 -1.53027
1.9398 -1.5062
1.94027 -1.49325
1.94208 -1.44428
1.94759 -1.39631
1.94075 -1.34612
1.93216 -1.28128
1.92625 -1.25052
1.9244 -1.21605
1.90737 -1.15273
1.90365 -1.11081
1.89175 -1.05299
1.8851 -0.968639
1.86473 -0.918447
1.82662 -0.823427
1.82314 -0.796832
1.81769 -0.781759
1.79352 -0.714984
1.78524 -0.673151
1.76736 -0.572016
1.76647 -0.550823
1.75188 -0.482333
1.73309 -0.415664
1.72421 -0.385573
1.70597 -0.340745
1.68996 -0.297779
1.66379 -0.201997
1.64017 -0.122084
1.61176 -0.0657785
1.58938 -0.00891039
1.56841 0.0275081
1.55201 0.0690311
1.53126 0.106611
1.50573 0.157565
1.50118 0.165193
1.48875 0.186058
1.46353 0.214374
1.44513 0.232034
1.40304 0.271979
1.39311 0.276246
1.31377 0.30476
1.28027 0.313002
1.187 0.34606
1.14867 0.365436
1.09817 0.386019
1.01533 0.404834
0.991409 0.407796
0.910484 0.413543
0.850068 0.423703
0.793829 0.432686
0.72946 0.456135
0.680591 0.466868
0.653258 0.483729
0.620229 0.504104
0.604926 0.513106
0.585241 0.523334
0.526537 0.553837
0.502432 0.576754
0.492776 0.582815
0.469212 0.597607
0.432577 0.620604
0.398252 0.648617
0.390115 0.653749
0.352704 0.677347
0.320043 0.69574
0.293089 0.710413
BezierPoints 55
-0.293089 0.710413
-0.463791 0.617485
-0.602904 0.484025
-0.793829 0.432686
-0.973703 0.384318
-1.2516 0.40069
-1.40304 0.271979
-1.65268 0.0598068
-1.7294 -0.368021
-1.78524 -0.673151
-1.82963 -0.915667
-1.94413 -1.14244
-1.94759 -1.39631
-1.94814 -1.43618
-1.93825 -1.64837
-1.86728 -1.64499
-1.58838 -1.63174
-1.59883 -1.28319
-1.56824 -1.06278
-1.52734 -0.768104
-1.39129 -0.197517
-1.13774 0.00830384
-1.02192 0.102319
-0.76931 0.0664428
-0.635946 0.0615993
-0.398067 0.0529601
-0.179871 -0.0410255
0.0619791 -0.0392019
0.343593 -0.0370786
0.599598 0.0764897
0.889662 0.0638134
1.35211 0.0436037
1.51672 -0.691591
1.56824 -1.06278
1.59883 -1.28319
1.58838 -1.63174
1.86728 -1.64499
1.93825 -1.64837
1.94814 -1.43618
1.94759 -1.39631
1.94413 -1.14244
1.82963 -0.915667
1.78524 -0.673151
1.7294 -0.368021
1.65268 0.0598067
1.40304 0.271979
1.2516 0.40069
0.973703 0.384318
0.793829 0.432686
0.602904 0.484025
0.463791 0.617485
0.293089 0.710413
0.16438 0.780481
-0.16438 0.780481
-0.293089 0.710413
P -0.102371 2.54358 -3.79265
T -1 0 0
N 0 -0.988998 -0.147926
B 0 0.147926 -0.988998
BoundaryCurves 1
SketchPoints 255
-0.269224 0.889965
-0.302424 0.870231
-0.326743 0.855777
-0.353283 0.837808
-0.36766 0.828074
-0.376787 0.821895
-0.425506 0.783699
-0.434624 0.77655
-0.467624 0.74753
-0.480871 0.73588
-0.522378 0.691329
-0.548123 0.664196
-0.572451 0.638556
-0.576485 0.634304
-0.604568 0.601843
-0.611281 0.594084
-0.646648 0.554275
-0.663885 0.534872
-0.675603 0.521682
-0.702201 0.496935
-0.709 0.490709
-0.716654 0.483699
-0.747294 0.462301
-0.755697 0.456433
-0.769965 0.446469
-0.784235 0.436503
-0.792638 0.430635
-0.806911 0.420667
-0.846474 0.411065
-0.89153 0.422466
-0.903278 0.425439
-0.900305 0.424687
-0.912053 0.42766
-0.9238 0.430632
-0.935548 0.433605
-0.947297 0.436578
-0.966567 0.451536
-1.01469 0.497345
-1.04019 0.521618
-1.07604 0.593494
-1.09456 0.620475
-1.14891 0.714691
-1.16978 0.752164
-1.20965 0.818414
-1.2341 0.885608
-1.24436 0.913816
-1.25088 0.934375
-1.28751 1.0328
-1.29232 1.04481
-1.3163 1.11075
-1.33505 1.14321
-1.35812 1.18974
-1.36288 1.19935
-1.38873 1.2395
-1.41193 1.27145
-1.44825 1.31003
-1.45299 1.31507
-1.48747 1.34177
-1.52167 1.36283
-1.59366 1.37274
-1.68195 1.33617
-1.70365 1.26609
-1.70357 1.26462
-1.70361 1.26529
-1.70293 1.25283
-1.70097 1.21679
-1.70029 1.20433
-1.6997 1.19349
-1.69895 1.17095
-1.69914 1.1429
-1.68257 1.07211
-1.66167 1.01478
-1.63537 0.962141
-1.61063 0.889026
-1.59862 0.861785
-1.56462 0.807804
-1.53265 0.758112
-1.49872 0.695809
-1.47343 0.633084
-1.45052 0.569651
-1.43295 0.538177
-1.40547 0.477758
-1.38195 0.437414
-1.34102 0.368639
-1.32209 0.33968
-1.2877 0.291161
-1.28053 0.281169
-1.23725 0.227482
-1.18952 0.174623
-1.15371 0.127951
-1.0759 0.0740902
-1.04437 0.0534321
-0.98647 0.0142943
-0.952141 -0.0108545
-0.924511 -0.0383035
-0.900327 -0.0640742
-0.888236 -0.0769578
-0.85537 -0.119836
-0.821818 -0.182359
-0.796914 -0.266399
-0.777546 -0.320919
-0.758052 -0.371944
-0.738006 -0.441003
-0.731422 -0.463686
-0.725412 -0.483394
-0.696771 -0.576995
-0.690008 -0.598403
-0.655082 -0.683894
-0.647235 -0.699445
-0.614496 -0.751502
-0.579337 -0.804107
-0.509754 -0.88746
-0.490545 -0.910308
-0.439836 -0.962464
-0.421353 -0.981719
-0.396875 -1.00722
-0.368398 -1.03782
-0.338486 -1.07087
-0.309162 -1.10327
-0.293363 -1.12073
-0.287009 -1.12481
-0.245632 -1.18399
-0.242163 -1.18959
-0.220564 -1.22444
-0.208028 -1.24467
-0.18577 -1.25954
-0.18577 -1.25954
-0.18577 -1.25954
-0.18577 -1.25954
-0.183164 -1.2671
-0.176664 -1.28598
-0.174014 -1.29367
-0.171363 -1.30137
-0.167387 -1.31291
-0.16562 -1.31805
0.222155 -1.27897
0.240614 -1.2534
0.280449 -1.22808
0.318506 -1.19975
0.337078 -1.1829
0.344179 -1.17646
0.376496 -1.1462
0.396058 -1.12788
0.402718 -1.12165
0.407658 -1.11702
0.407658 -1.11702
0.407658 -1.11702
0.411632 -1.10862
0.45151 -1.06097
0.475759 -1.03405
0.49433 -1.01344
0.50304 -0.999013
0.530766 -0.965362
0.56793 -0.916003
0.586236 -0.89169
0.611307 -0.859456
0.647796 -0.8036
0.660703 -0.783843
0.695409 -0.72419
0.712308 -0.692241
0.727625 -0.656604
0.752082 -0.597579
0.771942 -0.542221
0.784112 -0.508301
0.787126 -0.497658
0.807035 -0.424429
0.814439 -0.397199
0.825711 -0.342245
0.833446 -0.303781
0.835532 -0.29341
0.852778 -0.242444
0.869789 -0.190351
0.873919 -0.177706
0.917921 -0.111785
0.933284 -0.0886904
0.985766 -0.0475881
1.00283 -0.0324465
1.03937 -3.44947e-05
1.11457 0.0309511
1.13345 0.0387294
1.18814 0.0700576
1.2416 0.102145
1.2768 0.122118
1.31622 0.143184
1.33987 0.155574
1.38102 0.186838
1.46386 0.269564
1.51424 0.349218
1.53456 0.384322
1.58889 0.447367
1.6091 0.470817
1.62509 0.494145
1.67211 0.541411
1.69742 0.566086
1.72851 0.596399
1.78754 0.661554
1.81114 0.687683
1.85381 0.738558
1.88487 0.782127
1.90887 0.816916
1.93938 0.859759
1.9546 0.881137
1.9905 0.939235
1.99977 0.963145
2.02384 1.0177
2.0391 1.06319
2.04399 1.08552
2.00875 1.18412
1.98151 1.21493
1.95745 1.24398
1.95379 1.27381
1.94974 1.26859
1.94742 1.2656
1.94742 1.2656
1.93831 1.25159
1.89143 1.22485
1.81212 1.18472
1.79831 1.17734
1.71645 1.1184
1.71209 1.11527
1.62018 1.01192
1.55446 0.915623
1.52174 0.86705
1.47644 0.804623
1.38075 0.689818
1.27337 0.580932
1.17445 0.49025
1.16525 0.481938
1.14152 0.464425
1.06331 0.412063
0.969302 0.398556
0.942586 0.396186
0.886293 0.405866
0.85622 0.411093
0.83989 0.413931
0.83989 0.413931
0.83989 0.413931
0.83989 0.413931
0.83989 0.413931
0.83989 0.413931
0.823426 0.431179
0.77512 0.481783
0.754421 0.495733
0.713312 0.560609
0.675775 0.61331
0.656245 0.641725
0.60498 0.705036
0.568753 0.742576
0.528165 0.781867
0.516522 0.793138
0.452758 0.845193
0.42205 0.867885
0.358716 0.903809
0.345541 0.911283
0.33134 0.918829
BezierPoints 46
-0.269224 0.889965
-0.434235 0.791883
-0.741873 0.317834
-0.947297 0.436578
-1.20835 0.587481
-1.23077 1.00733
-1.38873 1.2395
-1.44782 1.32636
-1.57619 1.43872
-1.68195 1.33617
-1.8098 1.2122
-1.59048 0.856383
-1.53265 0.758112
-1.40796 0.546216
-1.34674 0.29875
-1.15371 0.127951
-1.05492 0.0405343
-0.928666 -0.00352149
-0.85537 -0.119836
-0.72292 -0.330025
-0.735067 -0.601967
-0.579337 -0.804107
-0.555049 -0.835634
-0.173383 -1.31872
-0.16562 -1.31805
0.299367 -1.27753
0.577385 -1.04847
0.752082 -0.597579
0.831691 -0.39211
0.823389 -0.122576
1.03937 -3.44947e-05
1.46469 0.241282
2.11278 0.766573
1.95379 1.27381
1.95043 1.28456
1.64043 1.03756
1.62018 1.01192
1.46401 0.814125
1.31366 0.507817
1.06331 0.412063
0.738858 0.287963
0.575688 0.788987
0.33134 0.918829
0.198603 0.989364
-0.140012 0.966768
-0.269224 0.889965
P -0.102364 1.93498 0.780098
T -1 0 0
N 0 0.981783 0.190006
B 1.77734e-06 -0.190006 0.981783
BoundaryCurves 1
SketchPoints 211
-0.221121 4.26008
-0.245983 4.23494
-0.25841 4.22238
-0.26772 4.21296
-0.297823 4.17373
-0.328474 4.13225
-0.348023 4.1058
-0.365445 4.07715
-0.380105 4.05305
-0.407181 4.00612
-0.427427 3.95647
-0.448474 3.90486
-0.454824 3.88857
-0.480674 3.81471
-0.491293 3.78444
-0.50185 3.7409
-0.508591 3.71061
-0.533125 3.62464
-0.557452 3.52766
-0.563118 3.50403
-0.585941 3.4033
-0.591545 3.37435
-0.600759 3.27404
-0.603832 3.22258
-0.607118 3.17326
-0.614651 3.07539
-0.628378 2.98428
-0.631407 2.96505
-0.653568 2.86902
-0.657078 2.85381
-0.681827 2.75194
-0.687045 2.73055
-0.696876 2.64427
-0.700937 2.57627
-0.703293 2.54311
-0.70624 2.4449
-0.707376 2.33943
-0.707393 2.31635
-0.707393 2.23321
-0.707393 2.18664
-0.707393 2.12861
-0.707393 2.05693
-0.707393 2.024
-0.707393 1.92722
-0.707393 1.81478
-0.707393 1.71018
-0.707393 1.60558
-0.707393 1.53809
-0.707393 1.40837
-0.706612 1.18833
-0.700918 1.08641
-0.691735 1.01169
-0.663266 0.884685
-0.623173 0.702194
-0.60753 0.560417
-0.60533 0.501829
-0.599941 0.369672
-0.58617 0.259479
-0.559717 0.156363
-0.544382 0.0973204
-0.532874 0.0530157
-0.530097 0.0427006
-0.497611 -0.0652851
-0.482676 -0.111097
-0.473523 -0.139156
-0.462507 -0.171061
-0.444901 -0.216023
-0.421092 -0.275069
-0.404129 -0.310935
-0.371271 -0.376289
-0.351807 -0.412912
-0.338695 -0.437584
-0.330762 -0.452511
-0.327345 -0.458941
-0.318922 -0.474202
-0.300164 -0.502985
-0.259823 -0.562922
-0.254461 -0.570888
-0.239112 -0.59878
-0.221492 -0.629797
-0.204657 -0.659434
-0.198558 -0.670171
-0.195508 -0.675539
-0.187089 -0.69036
-0.180443 -0.714922
-0.175798 -0.733158
-0.175036 -0.736148
-0.174274 -0.739138
-0.173513 -0.742129
-0.171989 -0.748109
-0.171227 -0.751099
-0.164429 -0.777787
-0.162906 -0.783767
-0.162143 -0.786761
-0.158391 -0.801488
-0.15763 -0.804478
-0.156106 -0.810459
-0.154585 -0.816432
-0.15346 -0.820845
-0.15346 -0.820845
-0.15346 -0.820845
-0.15346 -0.820845
-0.15346 -0.820845
-0.15346 -0.820845
-0.15346 -0.820845
-0.15346 -0.820845
-0.15346 -0.820845
-0.15346 -0.820845
-0.15346 -0.820845
-0.15346 -0.820845
-0.15346 -0.820845
-0.15346 -0.820845
0.254364 -0.743819
0.255141 -0.740803
0.25894 -0.726057
0.259718 -0.723037
0.262657 -0.71163
0.266049 -0.694756
0.26702 -0.689925
0.267506 -0.687509
0.280175 -0.664323
0.289535 -0.645167
0.296874 -0.630148
0.301804 -0.620058
0.309144 -0.605036
0.32106 -0.580648
0.341979 -0.54768
0.360462 -0.518549
0.375361 -0.495067
0.383117 -0.482843
0.42522 -0.408722
0.442316 -0.378604
0.468966 -0.324844
0.493366 -0.272914
0.534245 -0.179195
0.544296 -0.15608
0.561868 -0.109572
0.581549 -0.0556154
0.609274 0.0437807
0.61298 0.0684077
0.623572 0.146387
0.624683 0.159742
0.634219 0.250852
0.64662 0.319743
0.655534 0.36985
0.682847 0.483146
0.692336 0.515222
0.712113 0.58593
0.721904 0.664351
0.722636 0.670621
0.728304 0.770857
0.729684 0.852441
0.729846 0.862279
0.730213 0.950025
0.730434 1.03767
0.730434 1.08254
0.730434 1.12531
0.730434 1.18715
0.730434 1.29176
0.730434 1.34631
0.730434 1.47589
0.730434 1.56353
0.730434 1.81478
0.730434 2.00175
0.730434 2.08939
0.730434 2.17703
0.730434 2.23321
0.730434 2.33782
0.730434 2.42587
0.730434 2.51338
0.730434 2.61337
0.730434 2.65087
0.730434 2.7029
0.730434 2.75624
0.730434 2.86073
0.726622 2.96539
0.720105 3.01767
0.714012 3.06462
0.698283 3.12945
0.688904 3.16684
0.660489 3.26253
0.653742 3.29289
0.636903 3.37995
0.634263 3.39885
0.624851 3.48793
0.618394 3.54248
0.614109 3.57948
0.613862 3.58161
0.612614 3.59225
0.607239 3.61652
0.589243 3.69632
0.564253 3.77487
0.556631 3.79873
0.549663 3.81919
0.52635 3.88323
0.519347 3.90246
0.504527 3.94085
0.481064 3.99646
0.445075 4.07284
0.436533 4.09009
0.419881 4.11778
0.397897 4.15468
0.391568 4.1653
0.374461 4.19314
0.363591 4.20665
0.360771 4.21016
0.351458 4.22164
0.345345 4.22917
0.34038 4.23528
0.334264 4.24282
0.3293 4.24894
BezierPoints 25
-0.221121 4.26008
-0.528588 3.94919
-0.568418 3.48634
-0.614651 3.07539
-0.714202 2.19052
-0.64062 1.38885
-0.60533 0.501829
-0.590521 0.129594
-0.51746 -0.501653
-0.223541 -0.733109
-0.055775 -0.865222
0.123186 -0.899087
0.302598 -0.754428
0.678567 -0.451286
0.672053 0.20254
0.729684 0.852441
0.770324 1.31074
0.730434 1.77315
0.730434 2.23321
0.730434 2.85986
0.753631 3.72618
0.3293 4.24894
0.24256 4.3558
-0.124339 4.35794
-0.221121 4.26008
