HeaderParameters 1
PlaneSketch 28
P 0 3 0
T 0 0 1
N 0 1 0
B 1 0 0
SketchPoints 141
0 0.0150451
-0.0501505 0.0150451
-0.110331 0.0150451
-0.220662 0.0150451
-0.270812 0.0150451
-0.361083 0.0150451
-0.431294 0.0150451
-0.511535 0.0150451
-0.601805 0.0150451
-0.702106 0.0150451
-0.812437 0.0150451
-0.882648 0.0150451
-0.962889 0.0150451
-1.0331 0.0150451
-1.08325 0.0150451
-1.17352 0.0150451
-1.24373 0.0150451
-1.30391 0.0150451
-1.37412 0.00501504
-1.44433 -0.00501504
-1.54463 -0.0150451
-1.60481 -0.0150451
-1.71515 -0.0250752
-1.77533 -0.0351053
-1.83551 -0.0451354
-1.90572 -0.0451354
-1.95587 -0.0451354
-2.01605 -0.0451354
-2.07623 -0.0451354
-2.12638 -0.0451354
-2.18656 -0.0451354
-2.23671 -0.0451354
-2.30692 -0.0451354
-2.37713 -0.0451354
-2.44734 -0.0451354
-2.49749 -0.0451354
-2.5677 -0.0551655
-2.62788 -0.0551655
-2.67803 -0.0752257
-2.71815 -0.105316
-2.75827 -0.135406
-2.79839 -0.165496
-2.83852 -0.205617
-2.87864 -0.245737
-2.91876 -0.305918
-2.95888 -0.356068
-2.97894 -0.406219
-2.999 -0.456369
-3.00903 -0.50652
-3.00903 -0.5667
-2.97894 -0.60682
-2.94885 -0.656971
-2.8987 -0.697091
-2.84855 -0.717151
-2.79839 -0.727182
-2.74824 -0.737212
-2.69809 -0.737212
-2.63791 -0.747242
-2.5677 -0.757272
-2.49749 -0.757272
-2.39719 -0.767302
-2.31695 -0.777332
-2.25677 -0.777332
-2.20662 -0.777332
-2.14644 -0.777332
-2.09629 -0.777332
-2.03611 -0.777332
-1.9659 -0.797392
-1.88566 -0.807422
-1.80542 -0.807422
-1.72518 -0.817452
-1.66499 -0.817452
-1.59478 -0.817452
-1.52457 -0.817452
-1.4343 -0.817452
-1.38415 -0.827482
-1.334 -0.837513
-1.26379 -0.847543
-1.17352 -0.867603
-1.09328 -0.867603
-1.04313 -0.877633
-0.972919 -0.877633
-0.912738 -0.877633
-0.842528 -0.887663
-0.792377 -0.887663
-0.732197 -0.907723
-0.682046 -0.907723
-0.621866 -0.917753
-0.571715 -0.917753
-0.511535 -0.917753
-0.461384 -0.917753
-0.411234 -0.917753
-0.361083 -0.927783
-0.300903 -0.947843
-0.250752 -0.947843
-0.190572 -0.957874
-0.130391 -0.957874
-0.0702106 -0.957874
-0.0200602 -0.957874
0.0401204 -0.957874
0.100301 -0.957874
0.150451 -0.967904
0.210632 -0.967904
0.270812 -0.967904
0.320963 -0.967904
0.381143 -0.967904
0.451354 -0.967904
0.501504 -0.967904
0.551655 -0.967904
0.601805 -0.947843
0.672016 -0.937813
0.742227 -0.937813
0.802407 -0.927783
0.862588 -0.927783
0.912738 -0.917753
0.982949 -0.907723
1.0331 -0.897693
1.1334 -0.897693
1.19358 -0.897693
1.26379 -0.877633
1.32397 -0.857573
1.38415 -0.857573
1.45436 -0.857573
1.52457 -0.847543
1.59478 -0.837513
1.68506 -0.817452
1.73521 -0.807422
1.81545 -0.787362
1.88566 -0.757272
1.98596 -0.747242
2.03611 -0.737212
2.10632 -0.727182
2.15647 -0.717151
2.22668 -0.717151
2.28686 -0.707121
2.34704 -0.687061
2.39719 -0.656971
2.44734 -0.616851
2.47743 -0.5667
2.48746 -0.51655
2.49749 -0.466399
BezierPoints 22
-0.100145 1.05705
-0.829264 1.3414
-1.23078 1.17661
-1.51246 1.07798
-1.83446 0.965237
-2.19538 0.805062
-2.45966 0.235497
-2.54442 0.052824
-2.48578 -0.423956
-2.3115 -0.620011
-2.12645 -0.828195
-1.68172 -1.07458
-1.42519 -1.13854
-1.12709 -1.21286
-0.689267 -1.27229
-0.0805234 -1.04947
0.377763 -0.881721
0.805112 -0.328748
0.74755 0.0931891
0.685346 0.549149
0.391172 0.865442
-0.100145 1.05705
P -0.708064 3 -0.62912
T 0 -1 0
N -0.000679125 0 -1
B -1 0 0.000679125
SketchPoints 227
-0.168876 0.570436
-0.218545 0.639973
-0.248347 0.689642
-0.278149 0.739312
-0.30795 0.788981
-0.337752 0.83865
-0.377488 0.88832
-0.407289 0.947923
-0.456959 1.02739
-0.496694 1.07706
-0.526496 1.13667
-0.556298 1.18634
-0.596033 1.24594
-0.635769 1.29561
-0.675504 1.34528
-0.725174 1.40488
-0.764909 1.44462
-0.824512 1.49429
-0.864248 1.53402
-0.903984 1.57376
-0.943719 1.61349
-0.993389 1.63336
-1.03312 1.6731
-1.07286 1.71283
-1.10266 1.7625
-1.1424 1.81217
-1.18213 1.86184
-1.22187 1.90158
-1.2616 1.94131
-1.30134 1.98105
-1.31127 2.03072
-1.28147 2.08039
-1.2318 2.10025
-1.18213 2.13006
-1.13246 2.14992
-1.08279 2.16979
-1.03312 2.19959
-0.983455 2.22939
-0.933785 2.2592
-0.884116 2.289
-0.834446 2.3188
-0.784777 2.3486
-0.735107 2.38834
-0.685438 2.41814
-0.635769 2.45787
-0.586099 2.48767
-0.546364 2.52741
-0.496694 2.56715
-0.447025 2.61682
-0.397355 2.66648
-0.347686 2.70622
-0.30795 2.74596
-0.248347 2.79563
-0.208611 2.84529
-0.168876 2.88503
-0.119207 2.9347
-0.0993388 2.98437
-0.0496695 3.02411
-0.00993395 3.06384
0.0198679 3.11351
0.0596032 3.17311
0.109273 3.18305
0.149008 3.22278
0.198678 3.25259
0.248347 3.29232
0.298017 3.34199
0.337752 3.38172
0.377488 3.42146
0.427157 3.47113
0.476826 3.5208
0.526496 3.5804
0.566231 3.63007
0.625835 3.66981
0.66557 3.71948
0.71524 3.76915
0.764909 3.81882
0.824512 3.86848
0.89405 3.93802
0.963587 3.99763
1.00332 4.03736
1.05299 4.08703
1.09273 4.12677
1.1424 4.1665
1.18213 4.20624
1.2616 4.26584
1.34107 4.31551
1.40068 4.36518
1.46028 4.41485
1.50002 4.45458
1.54969 4.50425
1.60929 4.56386
1.65896 4.60359
1.71856 4.65326
1.76823 4.70293
1.82783 4.76253
1.86757 4.80227
1.89737 4.85194
1.94704 4.88174
2.00664 4.87181
2.02651 4.82214
2.03645 4.77247
2.03645 4.70293
2.03645 4.64333
2.02651 4.59366
1.98678 4.53406
1.95698 4.48439
1.92717 4.43472
1.89737 4.37511
1.85764 4.32544
1.8179 4.28571
1.76823 4.24597
1.71856 4.19631
1.66889 4.15657
1.60929 4.11683
1.54969 4.09696
1.50002 4.06716
1.45035 4.03736
1.40068 4.00756
1.34107 3.96782
1.29141 3.92809
1.25167 3.88835
1.202 3.85855
1.16226 3.81882
1.1126 3.77908
1.06293 3.73934
1.02319 3.69961
0.973521 3.66981
0.92385 3.63007
0.864248 3.59034
0.814579 3.5506
0.764909 3.5208
0.71524 3.50093
0.66557 3.4612
0.635769 3.41153
0.605967 3.36186
0.576165 3.31219
0.53643 3.25259
0.496694 3.16318
0.48676 3.10358
0.456959 3.05391
0.417223 3.01417
0.387422 2.9645
0.337752 2.9347
0.288083 2.89497
0.248347 2.84529
0.198678 2.79563
0.158942 2.75589
0.119207 2.71616
0.0695372 2.67642
0.0298016 2.63668
-0.0198677 2.60688
-0.0596032 2.56715
-0.109273 2.52741
-0.149008 2.48767
-0.188744 2.44794
-0.228479 2.4082
-0.278149 2.38834
-0.327818 2.35854
-0.377488 2.32873
-0.427157 2.29893
-0.496694 2.24926
-0.556298 2.21946
-0.605967 2.18966
-0.655638 2.15986
-0.705306 2.13006
-0.754975 2.11019
-0.814579 2.08039
-0.864248 2.05058
-0.903984 2.01085
-0.943719 1.97111
-0.953653 1.92144
-0.943719 1.85191
-0.903984 1.81217
-0.864248 1.7625
-0.834446 1.71283
-0.804645 1.66316
-0.774843 1.61349
-0.745041 1.56382
-0.705306 1.52409
-0.66557 1.48435
-0.625835 1.44462
-0.586099 1.40488
-0.546364 1.35521
-0.496694 1.32541
-0.437091 1.28567
-0.397355 1.24594
-0.367554 1.19627
-0.327818 1.1466
-0.30795 1.087
-0.288083 1.03733
-0.258281 0.987659
-0.218545 0.937989
-0.188744 0.88832
-0.149008 0.848584
-0.0993388 0.818783
-0.0496695 0.798915
0 0.788981
0.0496695 0.808849
0.0993388 0.828716
0.149008 0.83865
0.198678 0.828716
0.238413 0.788981
0.268215 0.739312
0.288083 0.689642
0.317884 0.639973
0.347686 0.590303
0.377488 0.5307
0.377488 0.471097
0.377488 0.411493
0.377488 0.35189
0.377488 0.292287
0.35762 0.242617
0.337752 0.192948
0.298017 0.143279
0.248347 0.113477
0.188744 0.113477
0.129141 0.113477
0.0695372 0.113477
0.00993395 0.113477
-0.0496695 0.113477
-0.0993388 0.123411
-0.149008 0.133345
-0.198678 0.143279
-0.258281 0.143279
-0.30795 0.17308
-0.317885 0.232683
-0.317885 0.292287
BezierPoints 43
-0.168876 0.570436
-0.456201 0.97269
-0.686641 1.32662
-1.03312 1.6731
-1.08444 1.72441
-1.32491 1.96255
-1.31127 2.03072
-1.28958 2.13921
-0.882213 2.2804
-0.784777 2.3486
-0.322316 2.67232
0.103669 3.11033
0.476826 3.5208
0.822899 3.90147
1.22886 4.21801
1.60929 4.56386
1.66903 4.61817
1.94887 5.30035
2.00664 4.87181
2.08179 4.31441
1.75113 4.18775
1.60929 4.11683
0.778859 3.70162
0.508435 2.89947
-0.228479 2.4082
-0.411512 2.28618
-0.834408 2.16787
-0.943719 1.97111
-1.00687 1.85744
-0.74586 1.56464
-0.66557 1.48435
-0.482255 1.30104
-0.341725 0.998474
-0.149008 0.848584
0.0647275 0.682346
0.276066 0.936386
0.377488 0.5307
0.514076 -0.0156515
-0.317885 0.0109341
-0.317885 0.292287
-0.317885 0.371174
-0.123024 0.506243
-0.168876 0.570436
P 0.708064 3 -0.62912
T 1 0 0.000679125
N 0.000679125 0 -1
B 0 -1 0
SketchPoints 227
0.570436 -0.168876
0.639973 -0.218545
0.689642 -0.248347
0.739312 -0.278149
0.788981 -0.30795
0.83865 -0.337752
0.88832 -0.377488
0.947923 -0.407289
1.02739 -0.456959
1.07706 -0.496694
1.13667 -0.526496
1.18634 -0.556298
1.24594 -0.596033
1.29561 -0.635769
1.34528 -0.675504
1.40488 -0.725174
1.44462 -0.764909
1.49429 -0.824512
1.53402 -0.864248
1.57376 -0.903984
1.61349 -0.943719
1.63336 -0.993389
1.6731 -1.03312
1.71283 -1.07286
1.7625 -1.10266
1.81217 -1.1424
1.86184 -1.18213
1.90158 -1.22187
1.94131 -1.2616
1.98105 -1.30134
2.03072 -1.31127
2.08039 -1.28147
2.10025 -1.2318
2.13006 -1.18213
2.14992 -1.13246
2.16979 -1.08279
2.19959 -1.03312
2.22939 -0.983455
2.2592 -0.933785
2.289 -0.884116
2.3188 -0.834446
2.3486 -0.784777
2.38834 -0.735107
2.41814 -0.685438
2.45787 -0.635769
2.48767 -0.586099
2.52741 -0.546364
2.56715 -0.496694
2.61682 -0.447025
2.66648 -0.397355
2.70622 -0.347686
2.74596 -0.30795
2.79563 -0.248347
2.84529 -0.208611
2.88503 -0.168876
2.9347 -0.119207
2.98437 -0.0993388
3.02411 -0.0496695
3.06384 -0.00993395
3.11351 0.0198679
3.17311 0.0596032
3.18305 0.109273
3.22278 0.149008
3.25259 0.198678
3.29232 0.248347
3.34199 0.298017
3.38172 0.337752
3.42146 0.377488
3.47113 0.427157
3.5208 0.476826
3.5804 0.526496
3.63007 0.566231
3.66981 0.625835
3.71948 0.66557
3.76915 0.71524
3.81882 0.764909
3.86848 0.824512
3.93802 0.89405
3.99763 0.963587
4.03736 1.00332
4.08703 1.05299
4.12677 1.09273
4.1665 1.1424
4.20624 1.18213
4.26584 1.2616
4.31551 1.34107
4.36518 1.40068
4.41485 1.46028
4.45458 1.50002
4.50425 1.54969
4.56386 1.60929
4.60359 1.65896
4.65326 1.71856
4.70293 1.76823
4.76253 1.82783
4.80227 1.86757
4.85194 1.89737
4.88174 1.94704
4.87181 2.00664
4.82214 2.02651
4.77247 2.03645
4.70293 2.03645
4.64333 2.03645
4.59366 2.02651
4.53406 1.98678
4.48439 1.95698
4.43472 1.92717
4.37511 1.89737
4.32544 1.85764
4.28571 1.8179
4.24597 1.76823
4.19631 1.71856
4.15657 1.66889
4.11683 1.60929
4.09696 1.54969
4.06716 1.50002
4.03736 1.45035
4.00756 1.40068
3.96782 1.34107
3.92809 1.29141
3.88835 1.25167
3.85855 1.202
3.81882 1.16226
3.77908 1.1126
3.73934 1.06293
3.69961 1.02319
3.66981 0.973521
3.63007 0.92385
3.59034 0.864248
3.5506 0.814579
3.5208 0.764909
3.50093 0.71524
3.4612 0.66557
3.41153 0.635769
3.36186 0.605967
3.31219 0.576165
3.25259 0.53643
3.16318 0.496694
3.10358 0.48676
3.05391 0.456959
3.01417 0.417223
2.9645 0.387422
2.9347 0.337752
2.89497 0.288083
2.84529 0.248347
2.79563 0.198678
2.75589 0.158942
2.71616 0.119207
2.67642 0.0695372
2.63668 0.0298016
2.60688 -0.0198677
2.56715 -0.0596032
2.52741 -0.109273
2.48767 -0.149008
2.44794 -0.188744
2.4082 -0.228479
2.38834 -0.278149
2.35854 -0.327818
2.32873 -0.377488
2.29893 -0.427157
2.24926 -0.496694
2.21946 -0.556298
2.18966 -0.605967
2.15986 -0.655638
2.13006 -0.705306
2.11019 -0.754975
2.08039 -0.814579
2.05058 -0.864248
2.01085 -0.903984
1.97111 -0.943719
1.92144 -0.953653
1.85191 -0.943719
1.81217 -0.903984
1.7625 -0.864248
1.71283 -0.834446
1.66316 -0.804645
1.61349 -0.774843
1.56382 -0.745041
1.52409 -0.705306
1.48435 -0.66557
1.44462 -0.625835
1.40488 -0.586099
1.35521 -0.546364
1.32541 -0.496694
1.28567 -0.437091
1.24594 -0.397355
1.19627 -0.367554
1.1466 -0.327818
1.087 -0.30795
1.03733 -0.288083
0.987659 -0.258281
0.937989 -0.218545
0.88832 -0.188744
0.848584 -0.149008
0.818783 -0.0993388
0.798915 -0.0496695
0.788981 0
0.808849 0.0496695
0.828716 0.0993388
0.83865 0.149008
0.828716 0.198678
0.788981 0.238413
0.739312 0.268215
0.689642 0.288083
0.639973 0.317884
0.590303 0.347686
0.5307 0.377488
0.471097 0.377488
0.411493 0.377488
0.35189 0.377488
0.292287 0.377488
0.242617 0.35762
0.192948 0.337752
0.143279 0.298017
0.113477 0.248347
0.113477 0.188744
0.113477 0.129141
0.113477 0.0695372
0.113477 0.00993395
0.113477 -0.0496695
0.123411 -0.0993388
0.133345 -0.149008
0.143279 -0.198678
0.143279 -0.258281
0.17308 -0.30795
0.232683 -0.317885
0.292287 -0.317885
BezierPoints 43
0.570436 -0.168876
0.97269 -0.456201
1.32662 -0.686641
1.6731 -1.03312
1.72441 -1.08444
1.96255 -1.32491
2.03072 -1.31127
2.13921 -1.28958
2.2804 -0.882213
2.3486 -0.784777
2.67232 -0.322316
3.11033 0.103669
3.5208 0.476826
3.90147 0.822899
4.21801 1.22886
4.56386 1.60929
4.61817 1.66903
4.92907 1.9303
4.87181 2.00664
4.69373 2.24408
4.18775 1.75113
4.11683 1.60929
3.70162 0.77886
2.89947 0.508435
2.4082 -0.228479
2.28618 -0.411512
2.16787 -0.834408
1.97111 -0.943719
1.85744 -1.00687
1.56464 -0.74586
1.48435 -0.66557
1.30104 -0.482255
0.998474 -0.341725
0.848584 -0.149008
0.682346 0.0647275
0.936386 0.276066
0.5307 0.377488
-0.0156515 0.514076
0.0109341 -0.317885
0.292287 -0.317885
0.371174 -0.317885
0.506243 -0.123024
0.570436 -0.168876
P -0.556903 3 -1.55109
T 0 -1 0
N 0.633093 0 -0.774076
B -0.774076 0 -0.633093
SketchPoints 276
-0.248347 0.650211
-0.298017 0.680012
-0.347686 0.719758
-0.397356 0.759491
-0.466893 0.809163
-0.516562 0.838979
-0.566231 0.868756
-0.615901 0.918447
-0.655637 0.958161
-0.705306 0.987981
-0.754975 1.02771
-0.794711 1.08731
-0.834446 1.13698
-0.874182 1.18665
-0.903984 1.23634
-0.953653 1.28599
-0.993388 1.34559
-1.04306 1.38533
-1.08279 1.42508
-1.13246 1.4648
-1.18213 1.50453
-1.22187 1.54427
-1.28147 1.59394
-1.33114 1.63367
-1.37087 1.67341
-1.42054 1.69329
-1.47022 1.72308
-1.51988 1.75288
-1.56955 1.78268
-1.61922 1.81248
-1.66889 1.84229
-1.71856 1.88202
-1.76823 1.91182
-1.80797 1.95156
-1.83777 2.00123
-1.82784 2.07076
-1.80797 2.12044
-1.76823 2.17011
-1.70863 2.19991
-1.65896 2.21977
-1.60929 2.22972
-1.55962 2.25951
-1.50002 2.25951
-1.45035 2.27938
-1.40068 2.30918
-1.36094 2.34894
-1.31127 2.36878
-1.2616 2.39858
-1.21193 2.42839
-1.15233 2.46812
-1.10266 2.50786
-1.05299 2.53767
-1.00332 2.5774
-0.943719 2.61713
-0.89405 2.64693
-0.854314 2.68669
-0.804645 2.7264
-0.764909 2.77607
-0.735107 2.82574
-0.695372 2.87541
-0.655637 2.91515
-0.605967 2.96484
-0.566231 3.01449
-0.526496 3.08402
-0.476826 3.14362
-0.407289 3.2231
-0.35762 3.3125
-0.317884 3.35224
-0.258281 3.43171
-0.208612 3.51119
-0.158942 3.57078
-0.119207 3.63039
-0.0894051 3.68006
-0.0596035 3.72974
-0.0298018 3.77941
-0.00993395 3.839
0.0397356 3.91849
0.0695372 3.97807
0.109273 4.02774
0.149008 4.07741
0.188744 4.13702
0.218545 4.18668
0.248347 4.24629
0.278149 4.3059
0.317884 4.37543
0.35762 4.43503
0.407289 4.52444
0.456959 4.58404
0.476826 4.63371
0.516562 4.69331
0.556298 4.74298
0.596033 4.78274
0.635768 4.84233
0.675504 4.89199
0.71524 4.94166
0.754975 4.99133
0.784777 5.041
0.814579 5.09069
0.864248 5.14034
0.894049 5.19001
0.933785 5.25954
0.983454 5.32909
1.02319 5.36885
1.06293 5.41848
1.10266 5.47809
1.1424 5.53769
1.202 5.57743
1.25167 5.61717
1.30134 5.63704
1.36094 5.67678
1.41061 5.6867
1.46028 5.7165
1.51988 5.7463
1.56955 5.76621
1.62916 5.78604
1.67883 5.80591
1.7285 5.81584
1.7881 5.81584
1.8477 5.81584
1.89737 5.78604
1.95698 5.76619
1.99671 5.72643
2.02651 5.66683
2.04638 5.61717
2.04638 5.54765
2.04638 5.48805
2.04638 5.42842
2.00664 5.36882
1.97684 5.31916
1.94704 5.26949
1.88744 5.21981
1.83777 5.19994
1.7881 5.17014
1.7285 5.1304
1.67883 5.10062
1.62916 5.08073
1.56955 5.06087
1.51988 5.041
1.47021 5.03107
1.42055 5.01121
1.37088 5.00126
1.32121 4.98139
1.27154 4.94166
1.22187 4.91186
1.15233 4.86219
1.11259 4.82245
1.06293 4.78272
1.02319 4.74298
0.973521 4.70326
0.933785 4.66351
0.884116 4.62377
0.84438 4.56419
0.804645 4.5145
0.764909 4.46483
0.735107 4.40523
0.695372 4.35556
0.655636 4.3059
0.615901 4.26615
0.576165 4.2165
0.526496 4.15688
0.466892 4.09728
0.427157 4.05754
0.397355 4.00787
0.35762 3.9582
0.317884 3.90855
0.298017 3.85887
0.268215 3.8092
0.248347 3.74959
0.208611 3.70986
0.17881 3.66019
0.109273 3.58074
0.0894048 3.53105
0.0596032 3.48138
0.0198677 3.41184
-0.0198679 3.36217
-0.0397356 3.30259
-0.0695372 3.24298
-0.099339 3.1933
-0.129141 3.14362
-0.158942 3.09396
-0.188744 3.04429
-0.218545 2.99464
-0.248347 2.94495
-0.278149 2.89528
-0.317884 2.85554
-0.347686 2.80587
-0.377488 2.75622
-0.417223 2.70653
-0.456959 2.66681
-0.506628 2.61713
-0.546364 2.57741
-0.576165 2.52772
-0.635769 2.488
-0.675504 2.44827
-0.71524 2.40854
-0.754975 2.36878
-0.804645 2.33898
-0.854314 2.29925
-0.903984 2.27938
-0.953653 2.25951
-1.00332 2.23964
-1.06292 2.21977
-1.1126 2.20984
-1.16227 2.18997
-1.21193 2.18004
-1.2616 2.15024
-1.31127 2.13037
-1.36094 2.12044
-1.41061 2.09063
-1.44041 2.04099
-1.44041 1.98136
-1.41061 1.92177
-1.38081 1.8721
-1.34107 1.82242
-1.2914 1.79264
-1.24174 1.77275
-1.19207 1.75288
-1.1424 1.73302
-1.09273 1.72308
-1.04306 1.69329
-0.993388 1.67341
-0.943719 1.64361
-0.89405 1.60388
-0.84438 1.59394
-0.794711 1.55422
-0.754975 1.51448
-0.71524 1.46481
-0.675504 1.4052
-0.645703 1.35552
-0.615901 1.30586
-0.576165 1.25619
-0.546364 1.20652
-0.506628 1.15685
-0.476826 1.10719
-0.437091 1.06744
-0.397356 1.0178
-0.367554 0.968106
-0.327818 0.928372
-0.278149 0.898557
-0.218545 0.898557
-0.168876 0.928372
-0.109273 0.928372
-0.0596035 0.938302
0.00993371 0.938302
0.0695372 0.938302
0.119206 0.928357
0.17881 0.898569
0.228479 0.868768
0.268215 0.829041
0.298017 0.779362
0.327818 0.719758
0.337752 0.670098
0.337752 0.610508
0.337752 0.540947
0.337752 0.481354
0.337752 0.421752
0.327818 0.372074
0.288083 0.312469
0.238413 0.302558
0.188744 0.282668
0.149008 0.242941
0.0993388 0.213152
0.0496693 0.193263
0 0.183317
-0.0496695 0.173404
-0.099339 0.163462
-0.158942 0.163462
-0.218545 0.163462
-0.288083 0.173406
-0.337752 0.203195
-0.377488 0.242941
-0.387422 0.292601
-0.367554 0.342261
-0.327818 0.382006
-0.298017 0.431666
-0.258281 0.491287
BezierPoints 43
-0.248347 0.650211
-0.702652 0.922787
-0.938059 1.3848
-1.37087 1.67341
-1.49901 1.75886
-1.8774 1.87252
-1.82784 2.07076
-1.78352 2.24801
-0.923633 2.70462
-0.769005 2.81708
-0.343588 3.12649
-0.402872 3.18461
-0.119207 3.63039
0.205793 4.14112
1.31217 5.59401
1.71835 6.01812
1.9147 6.22315
1.9251 5.45323
1.71104 5.31699
1.36414 5.09619
1.17538 4.94733
0.884116 4.62377
0.311033 3.98716
0.0839807 3.06876
-0.627083 2.60603
-0.858419 2.45549
-1.15938 2.24177
-1.41061 2.09063
-1.63532 1.95546
-1.12868 1.82931
-0.84438 1.59394
-0.590496 1.38376
-0.546574 0.971798
-0.278149 0.898557
-0.0976888 0.849317
0.102198 1.04249
0.268215 0.829041
0.757598 0.199832
-0.643523 -0.0867478
-0.258281 0.491287
-0.236204 0.524413
-0.214212 0.62973
-0.248347 0.650211
P 0.556903 3 -1.55109
T 0.774076 0 -0.633093
N -0.633093 0 -0.774076
B 0 -1 0
SketchPoints 276
0.650211 -0.248347
0.680012 -0.298017
0.719758 -0.347686
0.759491 -0.397356
0.809163 -0.466893
0.838979 -0.516562
0.868756 -0.566231
0.918447 -0.615901
0.958161 -0.655637
0.987981 -0.705306
1.02771 -0.754975
1.08731 -0.794711
1.13698 -0.834446
1.18665 -0.874182
1.23634 -0.903984
1.28599 -0.953653
1.34559 -0.993388
1.38533 -1.04306
1.42508 -1.08279
1.4648 -1.13246
1.50453 -1.18213
1.54427 -1.22187
1.59394 -1.28147
1.63367 -1.33114
1.67341 -1.37087
1.69329 -1.42054
1.72308 -1.47022
1.75288 -1.51988
1.78268 -1.56955
1.81248 -1.61922
1.84229 -1.66889
1.88202 -1.71856
1.91182 -1.76823
1.95156 -1.80797
2.00123 -1.83777
2.07076 -1.82784
2.12044 -1.80797
2.17011 -1.76823
2.19991 -1.70863
2.21977 -1.65896
2.22972 -1.60929
2.25951 -1.55962
2.25951 -1.50002
2.27938 -1.45035
2.30918 -1.40068
2.34894 -1.36094
2.36878 -1.31127
2.39858 -1.2616
2.42839 -1.21193
2.46812 -1.15233
2.50786 -1.10266
2.53767 -1.05299
2.5774 -1.00332
2.61713 -0.943719
2.64693 -0.89405
2.68669 -0.854314
2.7264 -0.804645
2.77607 -0.764909
2.82574 -0.735107
2.87541 -0.695372
2.91515 -0.655637
2.96484 -0.605967
3.01449 -0.566231
3.08402 -0.526496
3.14362 -0.476826
3.2231 -0.407289
3.3125 -0.35762
3.35224 -0.317884
3.43171 -0.258281
3.51119 -0.208612
3.57078 -0.158942
3.63039 -0.119207
3.68006 -0.0894051
3.72974 -0.0596035
3.77941 -0.0298018
3.839 -0.00993395
3.91849 0.0397356
3.97807 0.0695372
4.02774 0.109273
4.07741 0.149008
4.13702 0.188744
4.18668 0.218545
4.24629 0.248347
4.3059 0.278149
4.37543 0.317884
4.43503 0.35762
4.52444 0.407289
4.58404 0.456959
4.63371 0.476826
4.69331 0.516562
4.74298 0.556298
4.78274 0.596033
4.84233 0.635768
4.89199 0.675504
4.94166 0.71524
4.99133 0.754975
5.041 0.784777
5.09069 0.814579
5.14034 0.864248
5.19001 0.894049
5.25954 0.933785
5.32909 0.983454
5.36885 1.02319
5.41848 1.06293
5.47809 1.10266
5.53769 1.1424
5.57743 1.202
5.61716 1.25167
5.63704 1.30134
5.67678 1.36094
5.6867 1.41061
5.7165 1.46028
5.7463 1.51988
5.76621 1.56955
5.78604 1.62916
5.80591 1.67883
5.81584 1.7285
5.81584 1.7881
5.81584 1.8477
5.78604 1.89737
5.76619 1.95698
5.72643 1.99671
5.66683 2.02651
5.61716 2.04638
5.54765 2.04638
5.48805 2.04638
5.42842 2.04638
5.36882 2.00664
5.31916 1.97684
5.26949 1.94704
5.21981 1.88744
5.19994 1.83777
5.17014 1.7881
5.1304 1.7285
5.10062 1.67883
5.08073 1.62916
5.06087 1.56955
5.041 1.51988
5.03107 1.47021
5.01121 1.42055
5.00126 1.37088
4.98139 1.32121
4.94166 1.27154
4.91186 1.22187
4.86219 1.15233
4.82245 1.11259
4.78272 1.06293
4.74298 1.02319
4.70326 0.973521
4.66351 0.933785
4.62377 0.884116
4.56419 0.84438
4.5145 0.804645
4.46483 0.764909
4.40523 0.735107
4.35556 0.695372
4.3059 0.655636
4.26615 0.615901
4.2165 0.576165
4.15688 0.526496
4.09728 0.466892
4.05754 0.427157
4.00787 0.397355
3.9582 0.35762
3.90855 0.317884
3.85887 0.298017
3.8092 0.268215
3.74959 0.248347
3.70986 0.208611
3.66019 0.17881
3.58074 0.109273
3.53105 0.0894048
3.48138 0.0596032
3.41184 0.0198677
3.36217 -0.0198679
3.30259 -0.0397356
3.24298 -0.0695372
3.1933 -0.099339
3.14362 -0.129141
3.09396 -0.158942
3.04429 -0.188744
2.99464 -0.218545
2.94495 -0.248347
2.89528 -0.278149
2.85554 -0.317884
2.80587 -0.347686
2.75622 -0.377488
2.70653 -0.417223
2.66681 -0.456959
2.61713 -0.506628
2.57741 -0.546364
2.52772 -0.576165
2.488 -0.635769
2.44827 -0.675504
2.40854 -0.71524
2.36878 -0.754975
2.33898 -0.804645
2.29925 -0.854314
2.27938 -0.903984
2.25951 -0.953653
2.23964 -1.00332
2.21977 -1.06292
2.20984 -1.1126
2.18997 -1.16227
2.18004 -1.21193
2.15024 -1.2616
2.13037 -1.31127
2.12044 -1.36094
2.09063 -1.41061
2.04099 -1.44041
1.98136 -1.44041
1.92177 -1.41061
1.8721 -1.38081
1.82242 -1.34107
1.79264 -1.2914
1.77275 -1.24174
1.75288 -1.19207
1.73302 -1.1424
1.72308 -1.09273
1.69329 -1.04306
1.67341 -0.993388
1.64361 -0.943719
1.60388 -0.89405
1.59394 -0.84438
1.55422 -0.794711
1.51448 -0.754975
1.46481 -0.71524
1.4052 -0.675504
1.35552 -0.645703
1.30586 -0.615901
1.25619 -0.576165
1.20652 -0.546364
1.15685 -0.506628
1.10719 -0.476826
1.06744 -0.437091
1.0178 -0.397356
0.968106 -0.367554
0.928372 -0.327818
0.898557 -0.278149
0.898557 -0.218545
0.928372 -0.168876
0.928372 -0.109273
0.938302 -0.0596035
0.938302 0.00993371
0.938302 0.0695372
0.928357 0.119206
0.898569 0.17881
0.868768 0.228479
0.829041 0.268215
0.779362 0.298017
0.719758 0.327818
0.670098 0.337752
0.610508 0.337752
0.540947 0.337752
0.481354 0.337752
0.421752 0.337752
0.372074 0.327818
0.312469 0.288083
0.302558 0.238413
0.282668 0.188744
0.242941 0.149008
0.213152 0.0993388
0.193263 0.0496693
0.183317 0
0.173404 -0.0496695
0.163462 -0.099339
0.163462 -0.158942
0.163462 -0.218545
0.173406 -0.288083
0.203195 -0.337752
0.242941 -0.377488
0.292601 -0.387422
0.342261 -0.367554
0.382006 -0.327818
0.431666 -0.298017
0.491287 -0.258281
BezierPoints 43
0.650211 -0.248347
0.922787 -0.702652
1.3848 -0.938059
1.67341 -1.37087
1.75886 -1.49901
1.87252 -1.8774
2.07076 -1.82784
2.24801 -1.78352
2.70462 -0.923633
2.81708 -0.769005
3.12649 -0.343587
3.18461 -0.402872
3.63039 -0.119207
4.14112 0.205793
5.59401 1.31217
6.01812 1.71835
6.22315 1.9147
5.45323 1.9251
5.31699 1.71104
5.09619 1.36414
4.94733 1.17538
4.62377 0.884116
3.98716 0.311033
3.06876 0.0839808
2.60603 -0.627083
2.45549 -0.858419
2.24177 -1.15938
2.09063 -1.41061
1.95546 -1.63532
1.82931 -1.12868
1.59394 -0.84438
1.38376 -0.590496
0.971797 -0.546574
0.898557 -0.278149
0.849317 -0.0976889
1.04249 0.102198
0.829041 0.268215
0.199832 0.757598
-0.0867478 -0.643523
0.491287 -0.258281
0.524413 -0.236204
0.62973 -0.214211
0.650211 -0.248347
P 0.038849 3.61886 0.907908
T 1 0 7.32582e-06
N -3.85718e-06 0.850164 0.526518
B 6.22965e-06 0.526518 -0.850164
SketchPoints 67
0.260783 0.168796
0.310934 0.148732
0.361084 0.138705
0.411235 0.138718
0.461385 0.138718
0.511536 0.138718
0.561686 0.158766
0.611837 0.188854
0.661987 0.208918
0.702107 0.259082
0.752257 0.28917
0.792378 0.319262
0.822468 0.359365
0.842528 0.409517
0.862588 0.459681
0.872618 0.509816
0.872618 0.559967
0.872618 0.610118
0.872618 0.670281
0.872618 0.720449
0.852557 0.7706
0.822467 0.81072
0.792377 0.860871
0.732196 0.911022
0.682046 0.931085
0.641925 0.961172
0.601805 0.991264
0.551654 1.02135
0.501504 1.04141
0.451353 1.05144
0.391173 1.06147
0.341022 1.0715
0.280842 1.09156
0.220661 1.09156
0.160481 1.09156
0.0702098 1.09156
0.0200593 1.09156
-0.0300911 1.09156
-0.0902716 1.08153
-0.140422 1.06149
-0.190572 1.04141
-0.250753 1.03139
-0.300903 1.00131
-0.361084 0.971214
-0.411234 0.951141
-0.451355 0.921049
-0.491475 0.890961
-0.531595 0.860869
-0.571716 0.830781
-0.611836 0.790658
-0.651956 0.740523
-0.682046 0.690358
-0.712136 0.650251
-0.732197 0.6001
-0.752257 0.549935
-0.762286 0.499784
-0.762286 0.449633
-0.762286 0.399498
-0.752256 0.339302
-0.712136 0.289168
-0.682045 0.249032
-0.651955 0.208929
-0.611835 0.178821
-0.571714 0.14873
-0.511533 0.128687
-0.461383 0.118643
-0.411233 0.118643
BezierPoints 13
1.16603 -0.592583
1.89008 -0.243579
1.09442 0.955952
0.280842 1.09156
-0.0369207 1.14453
-0.517815 1.0065
-0.75478 0.820065
-0.959239 0.659204
-1.60932 0.200753
-1.32529 -0.315176
-0.987001 -0.929665
0.779494 -0.778899
1.16603 -0.592583
P 0.430328 3.94402 0.382873
T 3.85718e-06 -0.850164 -0.526518
N 0.924796 -0.200318 0.323459
B 0.380464 0.486923 -0.786227
SketchPoints 40
-0.272664 0.193829
-0.316186 0.218765
-0.359701 0.243679
-0.403223 0.268594
-0.446744 0.293529
-0.485275 0.327148
-0.518818 0.369486
-0.520008 0.427952
-0.503787 0.476474
-0.486303 0.547362
-0.478776 0.600853
-0.44887 0.653068
-0.418956 0.705296
-0.37664 0.738835
-0.3119 0.771126
-0.228507 0.815838
-0.141397 0.846845
-0.0816506 0.870419
-0.0318823 0.876591
0.0178914 0.88277
0.0713634 0.875243
0.124864 0.867728
0.173366 0.851506
0.221858 0.835283
0.274092 0.805377
0.326312 0.775466
0.387243 0.740578
0.434475 0.701958
0.468012 0.659623
0.50529 0.603606
0.52515 0.557554
0.531314 0.507789
0.532513 0.449333
0.507584 0.405794
0.491368 0.3573
0.475137 0.308783
0.458921 0.260285
0.433992 0.216762
0.409071 0.17325
0.401558 0.119767
BezierPoints 10
-0.402131 -0.313014
-0.928559 0.389118
-0.473191 1.95873
-0.0518916 1.75624
0.472929 1.504
0.514467 0.0999181
0.445279 -0.214637
0.386109 -0.48365
-0.244062 -0.523841
-0.402131 -0.313014
P 0.630384 4.35212 0.0636295
T -0.924796 0.200318 -0.323459
N 0.029612 -0.809693 -0.586106
B 0.379303 0.551609 -0.742871
SketchPoints 283
-0.441134 0.52677
-0.462737 0.573039
-0.495159 0.642409
-0.510595 0.705664
-0.536855 0.792002
-0.535344 0.849044
-0.555438 0.95236
-0.564719 1.03256
-0.574012 1.11274
-0.572488 1.16982
-0.564802 1.24386
-0.557128 1.31788
-0.577229 1.42118
-0.574193 1.5353
-0.566508 1.60934
-0.588123 1.65558
-0.585082 1.76972
-0.577396 1.84377
-0.614468 1.95321
-0.634562 2.05653
-0.65001 2.11975
-0.659297 2.19994
-0.690188 2.32641
-0.733409 2.41892
-0.748859 2.48213
-0.764301 2.54538
-0.790569 2.63169
-0.787527 2.74583
-0.806108 2.9062
-0.832362 2.99255
-0.830831 3.04964
-0.827801 3.16375
-0.849414 3.21
-0.852545 3.30714
-0.872631 3.41047
-0.886569 3.53075
-0.928258 3.68035
-0.954526 3.76667
-0.968451 3.88697
-0.983899 3.95019
-1.00399 4.05351
-1.02408 4.15683
-1.03337 4.23702
-1.0365 4.33416
-1.05195 4.39738
-1.04427 4.47141
-1.07053 4.55776
-1.06285 4.63179
-1.08446 4.67804
-1.08142 4.79218
-1.07989 4.84926
-1.09536 4.91245
-1.10313 5.0497
-1.11857 5.11292
-1.10009 5.16382
-1.09241 5.23785
-1.08473 5.31188
-1.08169 5.42602
-1.07401 5.50004
-1.06634 5.57406
-1.05865 5.64811
-1.06794 5.7283
-1.07107 5.82543
-1.06955 5.88251
-1.06652 5.99661
-1.04803 6.04753
-1.04035 6.12155
-1.02651 6.21255
-1.01267 6.30355
-0.992663 6.41152
-0.961863 6.49633
-0.96034 6.5534
-0.941861 6.60429
-0.934175 6.67834
-0.920336 6.76933
-0.89569 6.83719
-0.881848 6.92819
-0.868014 7.01917
-0.848012 7.12713
-0.828003 7.23511
-0.820317 7.30915
-0.783355 7.41094
-0.781844 7.46798
-0.757198 7.53585
-0.732552 7.60372
-0.714069 7.65461
-0.670925 7.77342
-0.652454 7.82428
-0.644775 7.89831
-0.620128 7.96618
-0.58316 8.06798
-0.558507 8.13586
-0.556996 8.19291
-0.549317 8.26693
-0.524671 8.3348
-0.493864 8.41963
-0.486179 8.49367
-0.460021 8.61859
-0.44618 8.70958
-0.427689 8.7605
-0.403043 8.82837
-0.401532 8.88541
-0.393853 8.95944
-0.386174 9.03347
-0.367684 9.08438
-0.336875 9.16922
-0.306069 9.25405
-0.281423 9.32192
-0.267589 9.4129
-0.247587 9.52086
-0.222941 9.58872
-0.204443 9.63966
-0.179797 9.70753
-0.161325 9.75839
-0.142829 9.80933
-0.124357 9.86019
-0.0997113 9.92806
-0.0812217 9.97897
-0.056582 10.0468
-0.025766 10.1317
-0.00728962 10.1826
0.0235316 10.2674
0.0420027 10.3183
0.0666488 10.3862
0.0912946 10.454
0.109784 10.5049
0.146753 10.6067
0.165239 10.6576
0.202208 10.7594
0.220685 10.8103
0.239174 10.8612
0.257654 10.9121
0.276143 10.963
0.327037 10.9445
0.377937 10.9261
0.399548 10.8798
0.444292 10.8444
0.465897 10.7981
0.50448 10.7457
0.519935 10.6825
0.518404 10.6254
0.516894 10.5684
0.515375 10.5113
0.513859 10.4542
0.506173 10.3802
0.4985 10.3062
0.480008 10.2553
0.501619 10.209
0.470812 10.1242
0.463133 10.0501
0.449305 9.95918
0.464747 9.89593
0.474028 9.81573
0.472517 9.75868
0.481798 9.67848
0.497254 9.61528
0.495735 9.55821
0.511191 9.49501
0.526628 9.43175
0.518953 9.35773
0.540558 9.31146
0.539047 9.25442
0.531362 9.18038
0.523682 9.10635
0.53297 9.02616
0.531459 8.96912
0.52994 8.91205
0.511457 8.86116
0.492971 8.81025
0.485286 8.73621
0.466802 8.68531
0.465283 8.62824
0.45145 8.53726
0.44377 8.46324
0.436085 8.38919
0.451541 8.32599
0.443855 8.25195
0.442342 8.1949
0.445469 8.09774
0.467073 8.05147
0.470206 7.95433
0.490292 7.851
0.499579 7.77081
0.508873 7.69063
0.518154 7.61043
0.533603 7.54721
0.549051 7.48398
0.57067 7.43775
0.569145 7.38067
0.606211 7.27121
0.60933 7.17403
0.62326 7.05374
0.655677 6.98436
0.663454 6.84713
0.678895 6.78389
0.694351 6.72069
0.71908 6.57725
0.728373 6.49708
0.737654 6.41687
0.756244 6.25653
0.759362 6.15935
0.75632 6.04522
0.748641 5.97119
0.76409 5.90797
0.771867 5.77074
0.751865 5.66278
0.761159 5.5826
0.770433 5.50238
0.751948 5.45148
0.755075 5.35432
0.733562 5.18932
0.715076 5.13841
0.716678 4.98418
0.715161 4.92712
0.707482 4.85309
0.710607 4.75593
0.726063 4.69273
0.706054 4.58475
0.704549 4.52772
0.703018 4.47063
0.683017 4.36266
0.669176 4.27167
0.683113 4.1514
0.66463 4.10051
0.663111 4.04344
0.643102 3.93546
0.664713 3.88921
0.657039 3.81519
0.632393 3.74732
0.60775 3.67947
0.587753 3.57152
0.573899 3.48049
0.555421 3.4296
0.558547 3.33245
0.540057 3.28153
0.547834 3.1443
0.527831 3.03634
0.513983 2.94532
0.4955 2.89443
0.464698 2.80961
0.457012 2.73556
0.458634 2.58138
0.44478 2.49035
0.454073 2.41018
0.434071 2.30221
0.426385 2.22817
0.429518 2.13103
0.428002 2.07398
0.420328 1.99996
0.412649 1.92593
0.403444 1.79482
0.417369 1.67452
0.420496 1.57737
0.42363 1.48023
0.437566 1.35996
0.446841 1.27974
0.449972 1.1826
0.448449 1.12552
0.446938 1.06848
0.428453 1.01757
0.437734 0.937371
0.419258 0.886492
0.417732 0.82941
0.393086 0.761543
0.391575 0.704497
0.373084 0.653581
0.354607 0.602696
0.32996 0.534829
0.322281 0.460801
0.303797 0.409908
0.302273 0.352824
0.28379 0.301927
0.26531 0.251039
0.246821 0.200127
0.228341 0.149238
0.209851 0.0983262
0.15744 0.0597689
0.105015 0.0211712
0.0541209 0.0396682
-0.00293817 0.0411928
-0.0769745 0.0488502
-0.134022 0.0504021
-0.184928 0.0688721
BezierPoints 34
-0.451141 0.754736
-0.543654 1.19382
-0.50697 1.40402
-0.577396 1.84377
-0.748263 2.91066
-0.960691 4.1948
-1.03676 5.25801
-1.10395 6.19715
-1.40232 7.17165
-1.19512 8.05421
-1.01035 8.84126
-0.610691 9.59727
-0.0131081 10.1616
0.152288 10.3179
0.302426 10.421
0.405611 10.1513
0.515514 9.86403
0.456539 9.51615
0.459266 9.25557
0.464606 8.74521
0.412154 8.86924
0.381744 8.36767
0.333756 7.57618
0.197539 6.57985
0.188701 5.72394
0.176419 4.53447
0.222631 3.43503
0.240664 2.42958
0.247992 2.02101
0.610522 -0.130463
-0.184928 0.0688721
-0.312169 0.100758
-0.424097 0.626379
-0.451141 0.754736
P -0.430328 3.94402 0.382873
T -0.380464 0.486923 -0.786227
N -0.924796 -0.200318 0.323459
B -3.85718e-06 -0.850164 -0.526518
SketchPoints 40
0.193829 -0.272664
0.218764 -0.316186
0.243679 -0.359701
0.268594 -0.403223
0.293529 -0.446744
0.327148 -0.485274
0.369486 -0.518818
0.427952 -0.520008
0.476474 -0.503787
0.547361 -0.486303
0.600853 -0.478775
0.653068 -0.44887
0.705296 -0.418956
0.738835 -0.376639
0.771126 -0.311899
0.815838 -0.228507
0.846845 -0.141397
0.870419 -0.0816505
0.876591 -0.0318823
0.88277 0.0178918
0.875243 0.0713637
0.867728 0.124864
0.851506 0.173366
0.835283 0.221858
0.805377 0.274092
0.775466 0.326312
0.740578 0.387243
0.701958 0.434475
0.659624 0.468012
0.603606 0.50529
0.557555 0.52515
0.507789 0.531314
0.449333 0.532513
0.405794 0.507584
0.3573 0.491368
0.308783 0.475137
0.260285 0.458921
0.216762 0.433992
0.17325 0.409071
0.119767 0.401558
BezierPoints 10
-0.313014 -0.402131
0.389117 -0.928559
1.95873 -0.47319
1.75624 -0.0518911
1.504 0.472929
0.0999183 0.514467
-0.214637 0.445279
-0.48365 0.386108
-0.523841 -0.244062
-0.313014 -0.402131
P -0.630384 4.35212 0.0636295
T -0.379303 0.551609 -0.742871
N -0.029612 -0.809693 -0.586106
B 0.924796 0.200318 -0.323459
SketchPoints 283
0.526767 -0.44113
0.573036 -0.462733
0.642406 -0.495155
0.705661 -0.51059
0.791998 -0.536849
0.84904 -0.535338
0.952356 -0.555431
1.03256 -0.564712
1.11274 -0.574004
1.16981 -0.57248
1.24386 -0.564793
1.31787 -0.557119
1.42117 -0.577218
1.53529 -0.574182
1.60934 -0.566496
1.65558 -0.588112
1.76972 -0.585069
1.84376 -0.577383
1.95321 -0.614454
2.05652 -0.634547
2.11975 -0.649994
2.19994 -0.659282
2.3264 -0.690172
2.41891 -0.733391
2.48213 -0.748842
2.54537 -0.764282
2.63169 -0.79055
2.74582 -0.787507
2.90619 -0.806087
2.99254 -0.83234
3.04964 -0.830809
3.16375 -0.827778
3.20999 -0.84939
3.30714 -0.852521
3.41047 -0.872607
3.53074 -0.886543
3.68035 -0.928231
3.76666 -0.954499
3.88696 -0.968423
3.95018 -0.983871
4.0535 -1.00396
4.15683 -1.02405
4.23701 -1.03334
4.33415 -1.03647
4.39737 -1.05192
4.4714 -1.04424
4.55775 -1.07049
4.63178 -1.06282
4.67803 -1.08443
4.79217 -1.08138
4.84925 -1.07986
4.91244 -1.09532
5.04969 -1.10309
5.11292 -1.11854
5.16382 -1.10005
5.23784 -1.09237
5.31187 -1.08469
5.42601 -1.08165
5.50004 -1.07397
5.57405 -1.0663
5.6481 -1.05861
5.72829 -1.0679
5.82542 -1.07103
5.88251 -1.0695
5.99661 -1.06648
6.04752 -1.04798
6.12154 -1.04031
6.21255 -1.02646
6.30355 -1.01262
6.41151 -0.992617
6.49632 -0.961816
6.5534 -0.960293
6.60429 -0.941813
6.67833 -0.934127
6.76932 -0.920287
6.83719 -0.895641
6.92819 -0.881798
7.01916 -0.867963
7.12713 -0.84796
7.23511 -0.82795
7.30915 -0.820264
7.41093 -0.783301
7.46798 -0.78179
7.53584 -0.757143
7.60371 -0.732497
7.65461 -0.714014
7.77341 -0.670869
7.82428 -0.652397
7.89831 -0.644718
7.96617 -0.620071
8.06797 -0.583102
8.13586 -0.558448
8.1929 -0.556937
8.26693 -0.549257
8.3348 -0.524611
8.41963 -0.493803
8.49367 -0.486117
8.61859 -0.459958
8.70958 -0.446117
8.7605 -0.427626
8.82837 -0.40298
8.88541 -0.401468
8.95944 -0.393788
9.03347 -0.386108
9.08438 -0.367619
9.16922 -0.336809
9.25405 -0.306002
9.32191 -0.281356
9.41289 -0.267521
9.52086 -0.247518
9.58872 -0.222872
9.63966 -0.204374
9.70752 -0.179727
9.75839 -0.161255
9.80933 -0.142757
9.86019 -0.124286
9.92806 -0.0996398
9.97897 -0.0811495
10.0468 -0.0565092
10.1317 -0.0256927
10.1826 -0.00721611
10.2674 0.0236061
10.3183 0.0420774
10.3862 0.0667241
10.454 0.0913699
10.5049 0.10986
10.6067 0.14683
10.6576 0.165316
10.7594 0.202286
10.8103 0.220763
10.8612 0.239252
10.9121 0.257733
10.963 0.276222
10.9445 0.327116
10.9261 0.378015
10.8798 0.399627
10.8444 0.44437
10.7981 0.465975
10.7457 0.504557
10.6825 0.520012
10.6254 0.518481
10.5684 0.516971
10.5113 0.515451
10.4542 0.513935
10.3802 0.506249
10.3062 0.498575
10.2553 0.480082
10.209 0.501693
10.1242 0.470885
10.0501 0.463206
9.95918 0.449377
9.89594 0.464818
9.81573 0.474099
9.75869 0.472587
9.67848 0.481868
9.61528 0.497324
9.55821 0.495804
9.49501 0.51126
9.43176 0.526696
9.35774 0.519021
9.31147 0.540625
9.25442 0.539114
9.18038 0.531428
9.10635 0.523748
9.02617 0.533035
8.96912 0.531524
8.91205 0.530005
8.86116 0.511521
8.81025 0.493035
8.73621 0.485349
8.68531 0.466865
8.62825 0.465346
8.53727 0.451511
8.46324 0.443832
8.3892 0.436146
8.32599 0.451601
8.25195 0.443915
8.1949 0.442402
8.09774 0.445527
8.05147 0.467131
7.95434 0.470264
7.851 0.490348
7.77081 0.499635
7.69064 0.508928
7.61043 0.518209
7.54721 0.533658
7.48399 0.549105
7.43775 0.570724
7.38067 0.569198
7.27121 0.606264
7.17404 0.609382
7.05375 0.623311
6.98437 0.655727
6.84714 0.663503
6.78389 0.678944
6.72069 0.694399
6.57726 0.719128
6.49708 0.72842
6.41688 0.737701
6.25654 0.756289
6.15936 0.759407
6.04522 0.756364
5.97119 0.748684
5.90797 0.764133
5.77074 0.771909
5.66278 0.751906
5.5826 0.761199
5.50238 0.770473
5.45148 0.751988
5.35433 0.755113
5.18932 0.733599
5.13841 0.715113
4.98418 0.716714
4.92712 0.715196
4.8531 0.707517
4.75594 0.710641
4.69273 0.726097
4.58475 0.706087
4.52773 0.704582
4.47063 0.703051
4.36267 0.683048
4.27168 0.669207
4.15141 0.683143
4.10051 0.66466
4.04344 0.66314
3.93547 0.64313
3.88921 0.664741
3.8152 0.657067
3.74733 0.632421
3.67947 0.607776
3.57152 0.587779
3.48049 0.573924
3.42961 0.555446
3.33245 0.558571
3.28154 0.540081
3.14431 0.547857
3.03635 0.527853
2.94533 0.514004
2.89443 0.495521
2.80961 0.464718
2.73557 0.457032
2.58138 0.458652
2.49036 0.444798
2.41018 0.454091
2.30222 0.434088
2.22817 0.426401
2.13103 0.429534
2.07398 0.428017
1.99996 0.420342
1.92594 0.412663
1.79483 0.403457
1.67453 0.417381
1.57737 0.420507
1.48024 0.423641
1.35997 0.437576
1.27974 0.44685
1.1826 0.449981
1.12553 0.448458
1.06849 0.446946
1.01758 0.42846
0.937374 0.437741
0.886495 0.419265
0.829413 0.417738
0.761545 0.393092
0.7045 0.39158
0.653584 0.373088
0.602699 0.354611
0.534832 0.329963
0.460804 0.322284
0.40991 0.3038
0.352827 0.302276
0.301929 0.283792
0.25104 0.265312
0.200129 0.246822
0.14924 0.228342
0.0983277 0.209851
0.0597699 0.157441
0.0211721 0.105015
0.0396687 0.0541213
0.0411928 -0.00293787
0.0488495 -0.0769742
0.050401 -0.134021
0.0688707 -0.184927
BezierPoints 34
0.754733 -0.451135
1.19382 -0.543645
1.40402 -0.50696
1.84376 -0.577383
2.91066 -0.748242
4.1948 -0.96066
5.25801 -1.03672
6.19714 -1.10391
7.17164 -1.40227
8.0542 -1.19506
8.84125 -1.01028
9.59727 -0.610621
10.1616 -0.0130347
10.3179 0.152362
10.421 0.302502
10.1513 0.405684
9.86403 0.515586
9.51615 0.456608
9.25558 0.459332
8.74522 0.46467
8.86925 0.412218
8.36768 0.381804
7.57619 0.33381
6.57985 0.197586
5.72394 0.188742
4.53447 0.176451
3.43503 0.222656
2.42958 0.240682
2.02101 0.248007
-0.130459 0.610521
0.0688707 -0.184927
0.100756 -0.312168
0.626376 -0.424092
0.754733 -0.451135
P 0.00501504 3 -1.334
T 0 -1 0
N 1 0 0
B 0 0 -1
SketchPoints 219
0.280842 0.481444
0.320963 0.531595
0.361083 0.571715
0.381143 0.631895
0.381143 0.692076
0.391173 0.752257
0.391173 0.802407
0.391173 0.862588
0.391173 0.922768
0.381143 0.972918
0.361083 1.02307
0.351053 1.07322
0.330993 1.12337
0.330993 1.19358
0.300903 1.24373
0.280842 1.30391
0.260782 1.35406
0.220662 1.40421
0.190572 1.45436
0.160482 1.50451
0.130391 1.55466
0.100301 1.60481
0.0802417 1.66499
0.0501504 1.71514
0.0200601 1.75527
9.53674e-07 1.81545
-0.0200603 1.8656
-0.0501506 1.94584
-0.0702107 2.00602
-0.100301 2.05617
-0.12036 2.10632
-0.140421 2.1665
-0.170512 2.22668
-0.190572 2.28686
-0.210632 2.33701
-0.210632 2.38716
-0.220662 2.43731
-0.240721 2.52758
-0.240721 2.58776
-0.240721 2.65797
-0.240721 2.70812
-0.240721 2.7683
-0.240721 2.83851
-0.240721 2.8987
-0.240721 2.96891
-0.240721 3.04915
-0.240721 3.12939
-0.240721 3.17954
-0.240721 3.22969
-0.240721 3.28987
-0.230692 3.35005
-0.220662 3.41023
-0.200601 3.47041
-0.190572 3.52056
-0.180542 3.57071
-0.170512 3.65095
-0.150451 3.71113
-0.140421 3.78134
-0.130391 3.84152
-0.100301 3.91173
-0.090271 3.98195
-0.0601807 4.04213
-0.0300903 4.11234
-0.0100303 4.17252
0.01003 4.22267
0.0401213 4.27282
0.0702105 4.333
0.0902708 4.38315
0.120362 4.46339
0.150451 4.5336
0.170511 4.59378
0.190572 4.65396
0.220662 4.7342
0.240722 4.79438
0.260782 4.84453
0.300903 4.88465
0.330993 4.9348
0.361083 4.97492
0.411235 5.02507
0.451355 5.05516
0.511534 5.08526
0.541625 5.12538
0.591775 5.14544
0.631896 5.18556
0.672016 5.21565
0.712136 5.24574
0.762287 5.28586
0.822467 5.34604
0.882648 5.40622
0.922768 5.44634
0.962888 5.48646
1.01304 5.52658
1.04313 5.57673
1.07322 5.62688
1.11334 5.68706
1.14343 5.73721
1.17352 5.80742
1.21364 5.8676
1.2337 5.91775
1.27382 5.95787
1.30391 5.99799
1.334 6.0682
1.36409 6.11835
1.39418 6.1685
1.42427 6.21866
1.4343 6.26881
1.46439 6.32899
1.47442 6.37914
1.48445 6.42929
1.50451 6.47944
1.51454 6.52959
1.5346 6.57974
1.55466 6.62989
1.57472 6.68004
1.61484 6.74022
1.63491 6.8004
1.65497 6.85055
1.65497 6.9007
1.65497 6.95085
1.67503 7.001
1.62487 7.001
1.57472 6.97091
1.54463 6.93079
1.51454 6.89067
1.48445 6.85055
1.46439 6.8004
1.42427 6.75025
1.40421 6.7001
1.39418 6.64995
1.38415 6.5998
1.36409 6.54965
1.35406 6.4995
1.334 6.44935
1.30391 6.36911
1.27382 6.30893
1.24373 6.25878
1.21364 6.21866
1.16349 6.17853
1.11334 6.1685
1.06319 6.14844
1.01304 6.14844
0.962888 6.14844
0.902708 6.13841
0.852559 6.13841
0.802407 6.13841
0.752257 6.12838
0.702106 6.12838
0.651957 6.11835
0.581745 6.10832
0.531596 6.07823
0.481444 6.05817
0.441324 6.02808
0.401203 5.98796
0.361083 5.94784
0.320963 5.91775
0.280842 5.88766
0.230692 5.85757
0.180542 5.83751
0.140421 5.80742
0.0902708 5.7673
0.0601804 5.71715
0.0300901 5.667
9.53674e-07 5.61685
-0.0200603 5.5667
-0.0401194 5.51655
-0.0702107 5.43631
-0.100301 5.37613
-0.12036 5.32598
-0.150451 5.28586
-0.180542 5.24574
-0.210632 5.20562
-0.240721 5.1655
-0.280842 5.12538
-0.310933 5.08526
-0.330993 5.0351
-0.361082 4.99498
-0.411234 4.90471
-0.431294 4.85456
-0.451354 4.80441
-0.471414 4.75426
-0.501505 4.67402
-0.531595 4.58375
-0.541625 4.5336
-0.571715 4.47342
-0.601805 4.42327
-0.641926 4.37312
-0.661986 4.32297
-0.692076 4.25276
-0.712137 4.18255
-0.752257 4.10231
-0.772316 4.0321
-0.782347 3.98195
-0.802407 3.93179
-0.812436 3.88164
-0.832498 3.82146
-0.842528 3.76128
-0.852557 3.71113
-0.862588 3.66098
-0.862588 3.6008
-0.882648 3.54062
-0.892677 3.48044
-0.892677 3.42026
-0.902708 3.37011
-0.902708 3.30993
-0.912738 3.22969
-0.922768 3.17954
-0.922768 3.11936
-0.922768 3.05918
-0.922768 3.00903
-0.922768 2.93882
-0.922768 2.88867
-0.922768 2.83851
-0.922768 2.78836
-0.922768 2.73821
-0.892677 2.68806
-0.882648 2.63791
-0.882648 2.58776
-0.882648 2.53761
-0.872618 2.48746
BezierPoints 22
0.280842 0.481444
0.602018 0.882915
0.0771353 1.58282
-0.173131 1.9105
-0.629416 2.50792
-0.626372 3.01127
-0.418305 3.68749
-0.113946 4.67666
0.899152 5.19851
1.334 6.0682
1.4037 6.2076
1.7558 6.86639
1.67503 7.001
1.64913 7.04415
1.17408 6.17062
1.06319 6.14844
-0.34342 5.86712
-1.35037 3.88366
-1.07223 2.49295
-0.958774 1.92568
-0.0805429 0.0297119
0.280842 0.481444
P 0.00501251 3.12443 -2.87927
T -1 0 0
N 0 0.314485 -0.949262
B 0 0.949262 0.314485
SketchPoints 131
-0.260782 0.0804786
-0.310933 0.0804786
-0.371113 0.0804786
-0.431294 0.0804786
-0.481444 0.0804786
-0.531595 0.0604267
-0.571715 0.0303363
-0.611835 -0.0198327
-0.631896 -0.0799944
-0.641926 -0.140193
-0.641926 -0.190334
-0.641926 -0.240491
-0.641926 -0.290633
-0.621866 -0.340788
-0.591776 -0.380912
-0.581745 -0.431067
-0.551655 -0.471167
-0.521565 -0.521336
-0.481445 -0.561446
-0.441324 -0.59154
-0.411234 -0.631676
-0.371114 -0.661758
-0.320963 -0.681819
-0.371114 -0.691838
-0.421264 -0.691838
-0.481445 -0.691838
-0.531595 -0.681819
-0.591775 -0.661758
-0.641926 -0.661758
-0.692076 -0.641706
-0.742227 -0.621635
-0.802408 -0.601559
-0.852558 -0.571488
-0.902708 -0.541385
-0.942829 -0.501284
-0.982949 -0.471167
-1.00301 -0.421025
-1.0331 -0.360837
-1.04313 -0.310694
-1.05316 -0.260543
-1.07322 -0.210396
-1.07322 -0.160254
-1.07322 -0.100055
-1.08325 -0.0398815
-1.08325 0.0202803
-1.08325 0.0704493
-1.08325 0.120601
-1.08325 0.170757
-1.06319 0.22089
-1.0331 0.291108
-1.00301 0.34125
-0.982949 0.391404
-0.962889 0.44157
-0.932798 0.501744
-0.902708 0.551901
-0.872618 0.602043
-0.832497 0.632124
-0.792377 0.662217
-0.742226 0.682281
-0.682046 0.712374
-0.621865 0.732435
-0.551655 0.752496
-0.501504 0.752496
-0.431294 0.772545
-0.361083 0.772545
-0.310932 0.772545
-0.230692 0.772545
-0.170511 0.772545
-0.100301 0.772545
-0.0501502 0.772545
2.86382e-07 0.772545
0.0501507 0.772545
0.130392 0.772545
0.210632 0.772545
0.270813 0.762526
0.320963 0.752484
0.441324 0.712374
0.491475 0.692322
0.541625 0.652186
0.591776 0.602043
0.631896 0.57195
0.692076 0.521784
0.742227 0.491713
0.792377 0.44157
0.842528 0.401434
0.872618 0.361321
0.892678 0.311179
0.902708 0.261013
0.932798 0.200839
0.952859 0.150682
0.972919 0.0904983
0.972919 0.0403657
0.992979 -0.00979106
1.00301 -0.0599545
1.01304 -0.110111
1.01304 -0.170273
1.01304 -0.220428
1.01304 -0.270584
1.01304 -0.320726
0.992979 -0.370883
0.962888 -0.431067
0.932798 -0.481199
0.902708 -0.521336
0.872618 -0.561458
0.832497 -0.601559
0.782347 -0.621635
0.732196 -0.641696
0.682046 -0.651728
0.631895 -0.661748
0.571715 -0.671777
0.521564 -0.681819
0.471414 -0.681819
0.391173 -0.691838
0.341023 -0.691838
0.270812 -0.691838
0.220662 -0.691838
0.240722 -0.641696
0.260782 -0.581498
0.290872 -0.531356
0.320963 -0.491229
0.341023 -0.441086
0.371113 -0.390935
0.401203 -0.340788
0.431294 -0.290646
0.441324 -0.240491
0.471414 -0.200367
0.491474 -0.150212
0.501504 -0.100055
0.501504 -0.0499132
0.461384 -0.0198327
0.421264 0.0102607
BezierPoints 25
-0.260782 0.0804786
-0.388395 0.0502829
-0.604407 0.000341508
-0.543515 -0.304101
-0.516096 -0.441192
-0.0760424 -0.73986
-0.288219 -0.755161
-1.02083 -0.807994
-1.16585 0.0192995
-0.751706 0.4925
-0.54095 0.733311
0.0381059 0.835679
0.320963 0.752484
0.812703 0.607853
1.24263 -0.105573
0.78354 -0.582875
0.61631 -0.756738
0.184195 -0.791755
0.220662 -0.691838
0.278281 -0.533967
0.708518 -0.205202
0.421264 0.0102607
0.284138 0.113115
-0.0939756 0.119948
-0.260782 0.0804786
P 0.00501251 3.37634 -3.42705
T -1 0 0
N 0 0.191048 -0.981581
B 0 0.981581 0.191048
SketchPoints 147
-0.264116 0.0179512
-0.313026 -0.0113872
-0.361937 -0.0309599
-0.410847 -0.0602984
-0.459758 -0.0994347
-0.498886 -0.148342
-0.538014 -0.207028
-0.547796 -0.265721
-0.547796 -0.324414
-0.547796 -0.383113
-0.528232 -0.432017
-0.508668 -0.480935
-0.479322 -0.529846
-0.449976 -0.578754
-0.410847 -0.617876
-0.371719 -0.657012
-0.352155 -0.705914
-0.322809 -0.754825
-0.293463 -0.803742
-0.264116 -0.852654
-0.28368 -0.911346
-0.332591 -0.940685
-0.401065 -0.960258
-0.46954 -0.960258
-0.538014 -0.950467
-0.596707 -0.940685
-0.645617 -0.921121
-0.70431 -0.901565
-0.772784 -0.881992
-0.841259 -0.852654
-0.899951 -0.823299
-0.948861 -0.803735
-0.997772 -0.774404
-1.06625 -0.735262
-1.11516 -0.715705
-1.17385 -0.666794
-1.22276 -0.617876
-1.26189 -0.55919
-1.30102 -0.49071
-1.32058 -0.441799
-1.34993 -0.383106
-1.36949 -0.314638
-1.37927 -0.216819
-1.37927 -0.118997
-1.37927 -0.0407417
-1.36949 0.0570877
-1.34014 0.115779
-1.32058 0.16469
-1.30102 0.223383
-1.27167 0.301633
-1.24232 0.379895
-1.21298 0.448363
-1.19341 0.51683
-1.15429 0.555972
-1.12494 0.604884
-1.08581 0.663576
-1.01734 0.712471
-0.958643 0.751613
-0.909733 0.780961
-0.85104 0.820081
-0.792348 0.849436
-0.733655 0.878774
-0.684745 0.89833
-0.635835 0.917903
-0.577142 0.947247
-0.51845 0.957029
-0.449975 0.96682
-0.391283 0.96682
-0.33259 0.976602
-0.273898 0.976602
-0.205423 0.976602
-0.127167 0.976602
-0.0489102 0.976602
0.0391284 0.976602
0.107603 0.976602
0.18586 0.976602
0.244552 0.976602
0.352155 0.947247
0.401065 0.917909
0.459758 0.898336
0.508668 0.878767
0.577143 0.839638
0.635835 0.820081
0.684745 0.780961
0.763002 0.741832
0.821694 0.712477
0.880387 0.692913
0.948861 0.663575
1.00755 0.634215
1.07603 0.604884
1.1445 0.555972
1.2032 0.516836
1.26189 0.458143
1.33036 0.399444
1.37927 0.360331
1.42818 0.301638
1.46731 0.252727
1.50644 0.194029
1.53579 0.115779
1.53579 0.0473042
1.53579 -0.0407417
1.53579 -0.118991
1.51622 -0.16791
1.49666 -0.246165
1.45753 -0.304851
1.4184 -0.353769
1.37927 -0.412467
1.34993 -0.471153
1.33036 -0.520055
1.30102 -0.568966
1.26189 -0.617883
1.23254 -0.666794
1.20319 -0.715705
1.16407 -0.764607
1.12494 -0.813518
1.09559 -0.862435
1.0369 -0.891774
0.968425 -0.921121
0.909732 -0.940685
0.821694 -0.940685
0.763002 -0.950467
0.704309 -0.960258
0.645617 -0.970039
0.586924 -0.970039
0.528232 -0.970039
0.440193 -0.970039
0.391283 -0.940685
0.352154 -0.901565
0.303244 -0.87221
0.293462 -0.813524
0.293462 -0.754825
0.293462 -0.696133
0.322808 -0.647231
0.361937 -0.608101
0.410847 -0.559184
0.459757 -0.520055
0.498885 -0.480935
0.528232 -0.432017
0.577142 -0.383113
0.626053 -0.334196
0.635835 -0.275512
0.635835 -0.216819
0.626053 -0.158128
0.577142 -0.138555
0.528232 -0.158128
0.498886 -0.109217
0.459757 -0.0602984
BezierPoints 22
-0.586665 -0.0188845
-1.1226 -0.450301
0.00403678 -0.771327
-0.318533 -0.842409
-0.88398 -0.967013
-1.39792 -0.376478
-1.37927 -0.0407417
-1.30084 1.37105
0.945906 1.29658
1.45732 0.27375
1.68547 -0.182546
1.07744 -0.979041
0.366971 -0.930255
-0.00875237 -0.904456
0.808249 -0.5869
0.783721 -0.244831
0.770057 -0.0542785
0.403369 0.155967
0.244067 0.184042
-0.0882413 0.242606
-0.444874 0.0952538
-0.586665 -0.0188845
P 0.00501504 3.53663 -4.03947
T -1 0 0
N 0 0.0796466 -0.996823
B 0 0.996823 0.0796466
SketchPoints 191
-0.276863 0.0319526
-0.328134 0.0114436
-0.379405 0.0114436
-0.44093 -0.00906455
-0.502455 -0.0295724
-0.574234 -0.0295724
-0.625506 -0.0500853
-0.687031 -0.0603356
-0.738301 -0.0808413
-0.779318 -0.12186
-0.830589 -0.162877
-0.871606 -0.203898
-0.912623 -0.255165
-0.943385 -0.296179
-0.974148 -0.347452
-0.994656 -0.398723
-1.01516 -0.449994
-1.02542 -0.511517
-1.02542 -0.562791
-1.02542 -0.614062
-1.02542 -0.675587
-0.994656 -0.726855
-0.963894 -0.767875
-0.933131 -0.808891
-0.902369 -0.849908
-0.851097 -0.88067
-0.810081 -0.911433
-0.769064 -0.942193
-0.728047 -0.972959
-0.676777 -1.00372
-0.625505 -1.03448
-0.574235 -1.05499
-0.51271 -1.09601
-0.471693 -1.12677
-0.430676 -1.15753
-0.379405 -1.17804
-0.379405 -1.22931
-0.420422 -1.26007
-0.481947 -1.27033
-0.553726 -1.28058
-0.604997 -1.28058
-0.656268 -1.28058
-0.707539 -1.27033
-0.769064 -1.24982
-0.820335 -1.21906
-0.902368 -1.2088
-0.963894 -1.1883
-1.02542 -1.14728
-1.07669 -1.12677
-1.12796 -1.09601
-1.17923 -1.05499
-1.22025 -1.01397
-1.27152 -0.972955
-1.32279 -0.942195
-1.36381 -0.911433
-1.40482 -0.870416
-1.44584 -0.839654
-1.48686 -0.808891
-1.51762 -0.767871
-1.54838 -0.716603
-1.57914 -0.644824
-1.60991 -0.583303
-1.64067 -0.532028
-1.66118 -0.460249
-1.67143 -0.408978
-1.67143 -0.337195
-1.67143 -0.285928
-1.67143 -0.234657
-1.67143 -0.162877
-1.67143 -0.0808436
-1.67143 -0.0193186
-1.65092 0.0319526
-1.63042 0.0934798
-1.59965 0.144748
-1.56889 0.206273
-1.53813 0.24729
-1.49711 0.298561
-1.44584 0.360087
-1.41508 0.401103
-1.37406 0.44212
-1.32279 0.503645
-1.28177 0.544664
-1.2305 0.606187
-1.17923 0.636945
-1.11771 0.677966
-1.05618 0.708728
-1.00491 0.739491
-0.943385 0.770256
-0.88186 0.790758
-0.820335 0.811271
-0.738302 0.831779
-0.666522 0.842033
-0.594743 0.852287
-0.533218 0.852287
-0.481947 0.862541
-0.420421 0.862541
-0.358896 0.862541
-0.287117 0.862541
-0.235846 0.862541
-0.184575 0.862541
-0.133304 0.862541
-0.0615251 0.872796
6.28643e-08 0.872796
0.287117 0.872796
0.461438 0.872796
0.522963 0.862541
0.594743 0.842033
0.707539 0.790757
0.75881 0.770253
0.810081 0.759999
0.88186 0.718983
0.922877 0.68822
0.963894 0.657458
1.03567 0.626697
1.08694 0.595932
1.19974 0.544661
1.25101 0.513899
1.29203 0.483136
1.3433 0.431866
1.40482 0.380594
1.44584 0.349832
1.48686 0.308815
1.53813 0.25754
1.57914 0.21653
1.62016 0.17551
1.66118 0.134494
1.70219 0.103727
1.73296 0.0627148
1.77397 0.011446
1.79448 -0.0398272
1.81499 -0.101352
1.82524 -0.152623
1.8355 -0.214146
1.82524 -0.285928
1.80474 -0.337198
1.78423 -0.388469
1.76372 -0.439741
1.73296 -0.491011
1.7022 -0.542282
1.68169 -0.593553
1.65092 -0.634567
1.63042 -0.685841
1.5894 -0.737116
1.55864 -0.778129
1.50737 -0.8294
1.4766 -0.870413
1.44584 -0.911433
1.39457 -0.931941
1.32279 -0.972959
1.26126 -1.00372
1.20999 -1.02423
1.14847 -1.04474
1.07669 -1.08575
1.01516 -1.10626
0.953639 -1.12677
0.902368 -1.13703
0.851097 -1.15753
0.799826 -1.16779
0.748555 -1.1883
0.68703 -1.19855
0.625505 -1.21906
0.56398 -1.22931
0.512709 -1.23957
0.461438 -1.26007
0.410167 -1.21906
0.379405 -1.17804
0.348642 -1.12677
0.338388 -1.0755
0.379405 -1.04474
0.420421 -1.00372
0.461438 -0.962704
0.502455 -0.931941
0.543472 -0.901176
0.584489 -0.870416
0.625505 -0.839654
0.666522 -0.808891
0.707539 -0.778129
0.758809 -0.767875
0.810081 -0.737116
0.840843 -0.696095
0.871606 -0.655078
0.912623 -0.624316
0.943385 -0.583303
0.974147 -0.542282
0.974147 -0.491011
0.953639 -0.439738
0.943385 -0.388469
0.922876 -0.337198
0.892114 -0.285928
0.861351 -0.244908
0.810081 -0.214149
BezierPoints 25
-0.276861 0.229612
-0.564997 0.167018
-1.27363 -0.118139
-0.862862 -0.57922
-0.797867 -0.652177
-0.443393 -0.861986
-0.381173 -0.969524
-0.268236 -1.16472
-1.40886 -1.00466
-1.71469 -0.453165
-2.27665 0.560219
-0.646175 1.28722
0.369132 1.15175
0.89185 1.082
1.69128 0.485405
1.79842 0.0363589
1.98149 -0.730875
0.531563 -1.23497
0.338018 -0.978689
0.244522 -0.854887
1.13783 -0.591079
0.963822 -0.24996
0.837219 -0.00177149
0.102135 0.311945
-0.276861 0.229612
P 0.00501504 2.53031 -7.25423
T -1 0 0
N 0 -0.626969 -0.779044
B 0 0.779044 -0.626969
SketchPoints 115
-0.26719 0.292809
-0.328849 0.292809
-0.400784 0.282525
-0.452167 0.272257
-0.524103 0.241419
-0.585762 0.220853
-0.626868 0.17976
-0.657698 0.118119
-0.667974 0.0667263
-0.667974 0.0153538
-0.637145 -0.0360391
-0.596039 -0.0668596
-0.544656 -0.0976977
-0.50355 -0.128518
-0.462444 -0.159356
-0.421338 -0.190177
-0.380232 -0.221015
-0.339126 -0.262122
-0.339126 -0.313494
-0.339126 -0.364887
-0.359679 -0.416259
-0.421338 -0.426545
-0.482997 -0.426545
-0.53438 -0.426545
-0.596039 -0.406005
-0.647421 -0.385439
-0.698804 -0.354601
-0.760463 -0.313494
-0.811846 -0.282673
-0.852952 -0.251835
-0.904334 -0.221015
-0.94544 -0.169625
-0.996823 -0.107977
-1.02765 -0.0668596
-1.04821 -0.00522964
-1.06876 0.056429
-1.06876 0.128385
-1.07903 0.190032
-1.07903 0.24143
-1.07903 0.29282
-1.07903 0.354467
-1.07903 0.405854
-1.07903 0.457233
-1.06876 0.508619
-1.05848 0.560009
-1.03793 0.621657
-0.996822 0.652477
-0.955716 0.683315
-0.894057 0.71415
-0.842674 0.734701
-0.781015 0.755242
-0.729633 0.775808
-0.667973 0.786081
-0.565208 0.806646
-0.503549 0.816901
-0.452166 0.827198
-0.359678 0.858019
-0.287742 0.868305
-0.226083 0.888857
-0.164424 0.888857
-0.0822117 0.888857
-0.010276 0.888857
0.0411065 0.888857
0.0924892 0.888857
0.174701 0.888846
0.226084 0.888846
0.287743 0.888846
0.369955 0.888846
0.421338 0.868294
0.47272 0.847742
0.524103 0.827187
0.565209 0.796349
0.626868 0.755249
0.667974 0.724422
0.70908 0.693601
0.760463 0.652483
0.811845 0.601104
0.842675 0.559998
0.863228 0.508626
0.894057 0.457222
0.904334 0.395574
0.924887 0.313363
0.924887 0.261988
0.924886 0.210598
0.924886 0.14894
0.904333 0.0975644
0.88378 0.0461631
0.852951 -0.0154955
0.822121 -0.0668707
0.791291 -0.107989
0.760462 -0.159368
0.719356 -0.200474
0.688526 -0.241592
0.64742 -0.272412
0.606314 -0.30325
0.565208 -0.33406
0.513825 -0.354612
0.462443 -0.364898
0.390507 -0.375164
0.328848 -0.375164
0.277465 -0.38545
0.215806 -0.364898
0.164423 -0.344343
0.133594 -0.272401
0.154147 -0.221015
0.184977 -0.179908
0.246636 -0.159356
0.298018 -0.138815
0.339125 -0.0976977
0.369954 -0.056591
0.390507 -0.00521195
0.400784 0.0461744
0.41106 0.0975644
0.41106 0.14894
0.380231 0.190032
BezierPoints 25
-0.353384 -0.238028
-0.68201 -0.526161
-0.0379335 -0.628335
-0.224895 -0.70537
-0.439374 -0.793745
-1.02161 -0.488678
-0.846803 -0.146365
-0.743559 0.0558084
-0.418288 0.163787
-0.0889812 0.192338
0.240325 0.22089
0.573666 0.170015
0.693049 0.0544815
0.913492 -0.158854
0.867814 -0.391181
0.7347 -0.548105
0.601586 -0.70503
0.381036 -0.786552
0.251734 -0.698278
0.127303 -0.61333
0.609454 -0.488496
0.467401 -0.276262
0.376246 -0.140071
-0.230159 -0.129987
-0.353384 -0.238028
P 0.00501504 3.12406 -5.62133
T 1 0 0
N 0 0.527311 0.849672
B 0 0.849672 -0.527311
SketchPoints 0
BezierPoints 25
0.324496 0.103144
0.576111 0.00313972
0.987046 -0.241937
0.71008 -0.608984
0.693659 -0.685771
0.482941 -0.822747
0.469554 -0.864169
0.41813 -0.971332
1.28502 -0.793209
1.45928 -0.326254
1.85091 0.462668
0.603419 1.00906
-0.240388 0.900317
-0.714753 0.840869
-1.4434 0.506155
-1.56052 -0.00932194
-1.71236 -0.677628
-0.508516 -1.12466
-0.309737 -0.910359
-0.192875 -0.798249
-1.02387 -0.574849
-0.811212 -0.246977
-0.685454 -0.0338254
0.0174598 0.198941
0.324496 0.103144
P 0.00501504 3.46659 -4.85331
T -1 0 0
N 0 -0.270424 -0.962741
B 0 0.962741 -0.270424
SketchPoints 0
BezierPoints 25
-0.300678 0.166378
-0.570554 0.0850789
-1.13034 -0.180038
-0.786471 -0.594102
-0.745763 -0.668974
-0.463167 -0.842366
-0.425363 -0.916846
-0.343183 -1.06802
-1.34694 -0.898935
-1.58698 -0.38971
-2.06378 0.511444
-0.595444 1.15393
0.334113 1.03182
0.832655 0.967222
1.57281 0.431705
1.67947 0.0135185
1.8615 -0.700601
0.520039 -1.17982
0.323878 -0.944524
0.218698 -0.826568
1.08085 -0.582964
0.887517 -0.248469
0.761337 -0.0177984
0.0423378 0.255443
-0.300678 0.166378
P 0.00501251 2.79297 -6.48255
T -1 0 0
N 0 -0.610457 -0.792049
B 0 0.792049 -0.610457
SketchPoints 149
-0.216289 0.12266
-0.266757 0.115437
-0.317224 0.108239
-0.367692 0.101016
-0.425369 0.0938302
-0.475836 0.0866071
-0.533513 0.0794097
-0.5984 0.0650007
-0.656078 0.0433373
-0.699335 0.00733822
-0.749803 -0.0287341
-0.80027 -0.0575833
-0.836319 -0.100834
-0.857947 -0.158522
-0.850738 -0.216201
-0.829109 -0.26664
-0.79306 -0.309924
-0.742593 -0.34597
-0.699335 -0.3748
-0.641658 -0.403633
-0.569561 -0.432488
-0.511884 -0.446916
-0.461417 -0.461337
-0.403739 -0.475746
-0.331643 -0.504595
-0.281175 -0.519016
-0.230708 -0.540607
-0.18024 -0.576667
-0.151402 -0.619937
-0.17303 -0.670402
-0.216288 -0.699231
-0.266756 -0.72808
-0.317223 -0.72808
-0.374901 -0.72808
-0.461416 -0.713652
-0.526303 -0.706454
-0.576771 -0.692033
-0.634448 -0.677599
-0.699335 -0.648766
-0.764222 -0.619937
-0.814689 -0.576679
-0.857947 -0.540607
-0.893996 -0.504595
-0.937253 -0.475746
-0.980511 -0.439686
-1.02377 -0.403633
-1.08145 -0.382023
-1.13191 -0.360391
-1.18238 -0.331542
-1.20401 -0.281094
-1.22564 -0.230629
-1.23285 -0.17295
-1.24006 -0.108057
-1.23285 -0.0431551
-1.21122 0.0217309
-1.1968 0.0865951
-1.17517 0.144283
-1.15354 0.194751
-1.1247 0.259641
-1.08866 0.324527
-1.05261 0.360574
-1.00214 0.396646
-0.958883 0.425459
-0.915625 0.454308
-0.865158 0.47594
-0.793062 0.497547
-0.742594 0.50477
-0.656078 0.50477
-0.576772 0.50477
-0.526304 0.50477
-0.475837 0.50477
-0.425369 0.50477
-0.374902 0.519198
-0.317225 0.519198
-0.266757 0.533619
-0.21629 0.540842
-0.151403 0.555235
-0.0720966 0.562433
-0.00720978 0.569656
0.0504674 0.576873
0.100935 0.576854
0.165822 0.576854
0.223499 0.576854
0.288386 0.569656
0.346063 0.562433
0.418159 0.540842
0.483046 0.519191
0.533514 0.50477
0.576772 0.47594
0.641659 0.43988
0.706545 0.418262
0.771432 0.38944
0.843529 0.346145
0.893996 0.317315
0.937254 0.274074
0.980512 0.238001
1.03098 0.194744
1.06703 0.151493
1.09587 0.108251
1.14633 0.0577704
1.1968 0.000107208
1.22564 -0.0792152
1.24727 -0.151306
1.25448 -0.230617
1.25448 -0.281082
1.24727 -0.33155
1.22564 -0.382031
1.18959 -0.446904
1.15354 -0.504583
1.11029 -0.569469
1.06703 -0.605516
1.03098 -0.648774
0.980513 -0.670402
0.915627 -0.706462
0.872368 -0.735291
0.821901 -0.76414
0.749804 -0.79297
0.677708 -0.800152
0.62724 -0.800152
0.555144 -0.807375
0.490257 -0.836224
0.418161 -0.836224
0.353274 -0.836224
0.295597 -0.821796
0.245129 -0.807375
0.194662 -0.785759
0.173033 -0.72808
0.209081 -0.670402
0.252339 -0.641569
0.302806 -0.627148
0.353274 -0.605516
0.403741 -0.591087
0.454209 -0.569469
0.497467 -0.540614
0.562353 -0.511781
0.64166 -0.475746
0.692127 -0.439694
0.749804 -0.389228
0.785852 -0.353181
0.807481 -0.28828
0.814691 -0.237814
0.814691 -0.187359
0.785852 -0.144064
0.742594 -0.108064
0.692127 -0.0719921
0.641659 -0.0503857
0.598401 -0.0143136
0.547934 9.521e-05
0.490257 0.0145001
BezierPoints 25
-0.216289 0.12266
-0.321651 0.10758
-0.436747 0.123573
-0.533513 0.0794097
-1.23652 -0.241434
-0.33504 -0.568312
-0.386356 -0.652414
-0.586735 -0.980814
-1.23498 -0.452319
-1.24006 -0.108057
-1.25182 0.689097
0.453811 0.76433
0.946966 0.385113
1.25993 0.144454
1.41976 -0.348069
1.0118 -0.653665
0.86679 -0.762286
0.532104 -0.862361
0.471003 -0.709936
0.435629 -0.62169
1.24606 -0.213942
0.53197 0.0653683
0.365554 0.13046
-0.0393976 0.147977
-0.216289 0.12266
P 1.03299 3.58442 0.963523
T 3.85718e-06 -0.850164 -0.526518
N -0.96967 0.128687 -0.207797
B -0.244418 -0.51055 0.824378
SketchPoints 102
-0.365092 0.0989621
-0.422777 0.122441
-0.469791 0.152326
-0.527476 0.175805
-0.574491 0.205694
-0.632176 0.229173
-0.683453 0.24197
-0.747558 0.276124
-0.783886 0.31243
-0.839453 0.380772
-0.888614 0.438432
-0.933505 0.513185
-0.971983 0.577258
-0.99978 0.647748
-0.999812 0.72038
-1.01052 0.7866
-1.01481 0.842145
-1.01484 0.914778
-1.00419 0.993827
-0.976444 1.06861
-0.952975 1.12629
-0.929494 1.18398
-0.901751 1.25877
-0.888958 1.31004
-0.865477 1.36773
-0.820639 1.43826
-0.792895 1.51303
-0.758739 1.57713
-0.724583 1.64122
-0.684019 1.69466
-0.654125 1.74167
-0.613556 1.79509
-0.572992 1.84851
-0.532423 1.90194
-0.491853 1.95536
-0.457697 2.01946
-0.421395 2.05579
-0.391508 2.1028
-0.355202 2.13914
-0.314633 2.19256
-0.256972 2.24172
-0.227084 2.28872
-0.173683 2.32079
-0.133117 2.37422
-0.0968194 2.41054
-0.0605148 2.44688
-0.0242056 2.48321
0.00567682 2.53022
0.0590743 2.56228
0.123149 2.60076
0.172285 2.61574
0.238502 2.62645
0.287625 2.64141
0.343171 2.64571
0.392302 2.66068
0.447839 2.66498
0.509798 2.6586
0.56107 2.6458
0.62518 2.61164
0.672192 2.58174
0.708518 2.54545
0.744849 2.50915
0.781181 2.47284
0.868817 2.35111
0.905147 2.31481
0.982105 2.18666
1.0035 2.12684
1.01846 2.07772
1.03985 2.01791
1.06339 1.93032
1.09548 1.8043
1.10618 1.73808
1.12116 1.68895
1.15111 1.59069
1.15539 1.53515
1.15543 1.46251
1.18323 1.39203
1.19393 1.32581
1.21532 1.26599
1.23671 1.20619
1.241 1.15065
1.23462 1.08869
1.22397 1.00965
1.21758 0.947692
1.20479 0.89642
1.19198 0.845138
1.16851 0.787454
1.14503 0.729763
1.11514 0.682749
1.07884 0.646423
1.02545 0.614355
0.972045 0.582287
0.965664 0.520334
0.952866 0.469058
0.922972 0.422046
0.886682 0.385711
0.833275 0.353658
0.762796 0.325844
0.713658 0.310875
0.649593 0.272392
0.613285 0.236069
0.55989 0.204003
BezierPoints 13
-0.365092 0.0989621
-1.57703 0.592245
-0.609173 2.68367
0.447839 2.66498
0.785093 2.65901
0.992432 2.20279
1.06339 1.93032
1.27016 1.13633
1.2866 0.640421
0.55989 0.204003
0.360371 0.0841846
-0.149531 0.0112249
-0.365092 0.0989621
P -1.03299 3.58442 0.963523
T 0.244418 -0.51055 0.824378
N 0.96967 0.128687 -0.207797
B -3.85718e-06 -0.850164 -0.526518
SketchPoints 102
0.098962 -0.365092
0.122441 -0.422777
0.152326 -0.469791
0.175805 -0.527476
0.205694 -0.574491
0.229173 -0.632176
0.24197 -0.683453
0.276124 -0.747558
0.31243 -0.783886
0.380772 -0.839452
0.438431 -0.888614
0.513184 -0.933505
0.577258 -0.971983
0.647748 -0.99978
0.72038 -0.999812
0.786599 -1.01052
0.842145 -1.01481
0.914778 -1.01484
0.993827 -1.00419
1.06861 -0.976444
1.12629 -0.952975
1.18398 -0.929494
1.25877 -0.901751
1.31004 -0.888958
1.36773 -0.865477
1.43826 -0.820638
1.51303 -0.792895
1.57713 -0.758739
1.64122 -0.724583
1.69466 -0.684019
1.74167 -0.654125
1.79509 -0.613556
1.84851 -0.572992
1.90194 -0.532422
1.95536 -0.491853
2.01946 -0.457697
2.05579 -0.421395
2.1028 -0.391508
2.13914 -0.355202
2.19256 -0.314632
2.24172 -0.256972
2.28872 -0.227083
2.32079 -0.173683
2.37422 -0.133117
2.41054 -0.0968191
2.44688 -0.0605145
2.48321 -0.0242053
2.53022 0.00567718
2.56228 0.0590745
2.60076 0.12315
2.61574 0.172285
2.62645 0.238502
2.64141 0.287625
2.64571 0.343171
2.66068 0.392302
2.66498 0.447839
2.6586 0.509798
2.6458 0.56107
2.61164 0.625181
2.58174 0.672192
2.54545 0.708518
2.50915 0.744849
2.47284 0.781181
2.35111 0.868817
2.31481 0.905148
2.18666 0.982105
2.12684 1.0035
2.07772 1.01846
2.01791 1.03985
1.93032 1.06339
1.8043 1.09548
1.73808 1.10618
1.68895 1.12116
1.59069 1.15111
1.53515 1.15539
1.46251 1.15543
1.39203 1.18323
1.32581 1.19393
1.26599 1.21532
1.20619 1.23671
1.15065 1.241
1.08869 1.23462
1.00965 1.22397
0.947692 1.21758
0.89642 1.20479
0.845138 1.19198
0.787454 1.16851
0.729763 1.14503
0.682749 1.11514
0.646423 1.07884
0.614355 1.02545
0.582287 0.972045
0.520334 0.965664
0.469058 0.952866
0.422046 0.922972
0.385711 0.886682
0.353658 0.833275
0.325844 0.762796
0.310875 0.713658
0.272392 0.649593
0.236069 0.613285
0.204003 0.55989
BezierPoints 13
0.098962 -0.365092
0.592244 -1.57703
2.68367 -0.609172
2.66498 0.447839
2.65901 0.785093
2.20279 0.992432
1.93032 1.06339
1.13633 1.27016
0.640421 1.2866
0.204003 0.55989
0.0841846 0.360371
0.0112249 -0.149531
0.098962 -0.365092
P 0.496081 2.07118 2.53183
T 0.96967 -0.128687 0.207797
N 0.0325543 -0.774598 -0.631615
B -0.242241 -0.619223 0.746915
SketchPoints 34
0.253791 0.219444
0.301236 0.250561
0.346638 0.271856
0.384262 0.305016
0.396505 0.363927
0.387075 0.417131
0.369859 0.482177
0.350603 0.5374
0.329305 0.582804
0.298187 0.630248
0.276888 0.675641
0.243729 0.713265
0.194629 0.72348
0.149607 0.753313
0.0906861 0.765558
0.0415803 0.77575
-0.0075131 0.785979
-0.0664347 0.798225
-0.115539 0.808416
-0.174461 0.820662
-0.292304 0.845152
-0.249324 0.805489
-0.204308 0.775633
-0.183008 0.730241
-0.193212 0.681148
-0.183773 0.627966
-0.174344 0.574759
-0.174719 0.52365
-0.184927 0.474539
-0.18531 0.423399
-0.175878 0.3702
-0.144758 0.32276
-0.0997387 0.292916
-0.050639 0.28271
BezierPoints 10
0.209342 0.108215
0.495859 0.658593
-0.282589 1.14684
-0.119432 0.861592
0.0552788 0.556146
-0.436849 0.400623
-0.168626 0.110404
-0.0826361 0.0173623
0.173448 0.0392647
0.209342 0.108215
P -0.496081 2.07118 2.53183
T 0.242241 -0.619223 0.746915
N -0.0325543 -0.774598 -0.631615
B -0.96967 -0.128687 0.207797
SketchPoints 34
0.219444 0.25379
0.250561 0.301235
0.271856 0.346638
0.305015 0.384261
0.363926 0.396505
0.41713 0.387074
0.482176 0.369859
0.537399 0.350602
0.582804 0.329304
0.630248 0.298186
0.67564 0.276887
0.713264 0.243728
0.72348 0.194628
0.753313 0.149606
0.765558 0.090685
0.77575 0.0415792
0.785979 -0.00751421
0.798225 -0.0664358
0.808417 -0.11554
0.820662 -0.174462
0.845153 -0.292305
0.80549 -0.249325
0.775634 -0.204309
0.730241 -0.183009
0.681148 -0.193213
0.627966 -0.183774
0.57476 -0.174345
0.52365 -0.17472
0.474539 -0.184927
0.4234 -0.185311
0.3702 -0.175879
0.32276 -0.144758
0.292916 -0.0997391
0.28271 -0.0506393
BezierPoints 10
0.108214 0.209342
0.658592 0.495858
1.14684 -0.28259
0.861593 -0.119433
0.556146 0.055278
0.400623 -0.43685
0.110404 -0.168626
0.0173625 -0.0826361
0.0392645 0.173448
0.108214 0.209342
P -0.627744 3 -0.268602
T 0 -1 0
N -0.714369 0 -0.699769
B -0.699769 0 0.714369
SketchPoints 160
-0.375297 0.695355
-0.405321 0.755379
-0.435345 0.800403
-0.480381 0.860488
-0.525416 0.905512
-0.570452 0.965559
-0.600476 1.01059
-0.645512 1.05563
-0.705559 1.1307
-0.750595 1.16071
-0.810642 1.22075
-0.840666 1.26581
-0.885702 1.31083
-0.94575 1.37089
-1.0058 1.43093
-1.05083 1.46094
-1.08086 1.506
-1.11088 1.55102
-1.15592 1.59603
-1.18594 1.65612
-1.20095 1.73118
-1.11088 1.86627
-1.08086 1.95634
-1.05083 2.00138
-1.0058 2.03138
-0.960762 2.07644
-0.915726 2.10646
-0.840666 2.1515
-0.79563 2.1815
-0.720571 2.21156
-0.660523 2.2566
-0.615488 2.28662
-0.570452 2.31659
-0.525416 2.34663
-0.480381 2.37668
-0.420333 2.40671
-0.345273 2.45172
-0.31525 2.49677
-0.270214 2.52681
-0.210166 2.57185
-0.165131 2.63184
-0.120095 2.69193
-0.0600474 2.76697
0 2.82704
0.0450358 2.88707
0.0750597 2.93212
0.105083 3.00718
0.150119 3.06723
0.180143 3.14229
0.225178 3.20232
0.255202 3.2774
0.270214 3.33741
0.31525 3.4125
0.345274 3.48756
0.420333 3.71275
0.450357 3.78781
0.480381 3.83284
0.510405 3.89285
0.540428 3.93792
0.585464 3.96794
0.645512 3.96794
0.705559 3.93792
0.750595 3.90788
0.765607 3.84784
0.780619 3.78781
0.780619 3.71275
0.780619 3.65269
0.780619 3.59263
0.765607 3.53259
0.750595 3.47253
0.735583 3.3975
0.720571 3.2774
0.705559 3.21734
0.645512 3.14229
0.600476 3.09725
0.570452 3.05219
0.525417 3.00718
0.495393 2.96215
0.465369 2.91709
0.420333 2.85706
0.375298 2.81202
0.345274 2.76697
0.31525 2.72196
0.285226 2.67693
0.240191 2.63186
0.210167 2.58685
0.165131 2.55683
0.120095 2.52681
0.0750597 2.49675
0.0300238 2.45175
-0.0150118 2.42171
-0.0750594 2.37668
-0.135107 2.34663
-0.180143 2.31661
-0.255202 2.28662
-0.31525 2.24158
-0.360286 2.21156
-0.420333 2.16652
-0.465369 2.1365
-0.55544 2.07644
-0.600476 2.01641
-0.6305 1.97137
-0.690547 1.91128
-0.735583 1.86627
-0.750595 1.80624
-0.79563 1.68614
-0.825654 1.64107
-0.825654 1.521
-0.810642 1.44595
-0.765606 1.4009
-0.720571 1.35584
-0.675535 1.31083
-0.615488 1.26581
-0.585464 1.22075
-0.540428 1.19071
-0.510405 1.14572
-0.480381 1.08563
-0.420333 1.04061
-0.390309 0.995582
-0.345273 0.965559
-0.300238 0.935535
-0.270214 0.890497
-0.225178 0.860488
-0.165131 0.83045
-0.120095 0.800417
-0.0600474 0.770402
0 0.755379
0.0600476 0.755379
0.120095 0.755379
0.180143 0.785417
0.240191 0.800417
0.300238 0.815426
0.360286 0.800417
0.405321 0.770402
0.435345 0.725369
0.465369 0.680308
0.495393 0.635284
0.495393 0.575261
0.495393 0.51519
0.495393 0.455166
0.495393 0.395081
0.495393 0.335057
0.480381 0.275009
0.450357 0.229977
0.420333 0.184939
0.360286 0.154915
0.31525 0.124891
0.270214 0.0948678
0.210167 0.0798441
0.150119 0.0498205
0.0900714 0.0498205
0.015012 0.0498205
-0.0600474 0.0498205
-0.120095 0.0498205
-0.195155 0.0498205
-0.255202 0.0648442
-0.285225 0.109891
-0.285225 0.169929
-0.270214 0.229977
-0.255202 0.290024
BezierPoints 28
-0.375297 0.695355
-0.480879 0.906435
-1.27543 1.52266
-1.20095 1.73118
-1.01693 2.2464
-0.0233182 2.67755
0.355341 3.08473
0.907518 3.67851
1.01916 4.39655
1.23036 4.34377
1.4832 4.28058
1.19441 3.78108
0.990689 3.426
0.635076 2.80617
-0.515656 2.40748
-0.822547 1.8706
-1.05119 1.47062
-0.414386 0.990358
-0.0600474 0.770402
0.117345 0.660286
0.224347 0.894695
0.309901 0.582754
0.439874 0.108854
-0.3606 -0.131566
-0.255202 0.290024
-0.229569 0.392555
-0.328018 0.600833
-0.375297 0.695355
P -0.806709 3.29988 1.84324
T -0.96967 -0.128687 0.207797
N -0.230939 0.760808 -0.606497
B 0.0800421 0.636089 0.767453
SketchPoints 78
0.581029 0.730539
0.611099 0.841732
0.66641 0.958077
0.70669 1.01878
0.777338 1.05934
0.832798 1.10999
1.04231 1.17868
1.1938 1.20933
1.33268 1.23743
1.3958 1.25019
1.49935 1.25801
1.57766 1.26069
1.69384 1.27107
1.85795 1.30427
2.0347 1.34003
2.36295 1.40644
2.44876 1.43691
2.65061 1.54349
2.72877 1.61183
2.81685 1.7611
2.84451 1.81923
2.89471 1.96082
2.88195 2.02394
2.8818 2.08962
2.86136 2.19062
2.8486 2.25376
2.82817 2.35473
2.76489 2.40765
2.69907 2.4732
2.608 2.53362
2.52203 2.56879
2.46899 2.5712
2.09746 2.65373
1.80695 2.66067
1.68566 2.67555
1.5265 2.68278
1.40777 2.68501
1.34209 2.68488
1.17797 2.65169
1.06435 2.6287
0.981083 2.58558
0.923072 2.54753
0.827177 2.50187
0.637952 2.39788
0.484047 2.31418
0.405895 2.24578
0.350434 2.19513
0.277385 2.1015
0.234541 2.05342
0.16902 1.98761
0.100926 1.93441
0.00262742 1.83568
-0.0956613 1.73694
-0.277233 1.59508
-0.352839 1.51406
-0.390564 1.4407
-0.405601 1.38511
-0.440771 1.29916
-0.475946 1.2132
-0.470691 1.12224
-0.470545 1.05659
-0.457779 0.993456
-0.445003 0.930308
-0.434788 0.879847
-0.424571 0.829346
-0.439604 0.773703
-0.449529 0.692883
-0.462004 0.624628
-0.484553 0.541217
-0.494482 0.460347
-0.479153 0.384611
-0.466375 0.321488
-0.45362 0.258373
-0.430772 0.21042
-0.407935 0.162499
-0.36239 0.132285
-0.316857 0.10206
-0.258703 0.0744032
BezierPoints 19
0.249203 0.818518
0.0378571 1.76304
0.564854 2.42662
1.47589 2.70965
1.98138 2.86669
3.60406 2.83167
3.40394 3.19959
3.23482 3.51053
2.33565 3.24724
2.01252 3.15108
1.29809 2.93849
0.280479 2.43496
-0.0319888 1.6713
-0.156267 1.36756
-0.364812 0.327216
-0.0168944 0.161752
0.223701 0.0473286
0.307378 0.558529
0.249203 0.818518
P 0.806709 3.29988 1.84324
T -0.0800421 0.636089 0.767453
N 0.230939 0.760808 -0.606497
B 0.96967 -0.128687 0.207797
SketchPoints 78
0.730541 0.581031
0.841734 0.611102
0.95808 0.666413
1.01878 0.706693
1.05935 0.777342
1.10999 0.832802
1.17869 1.04231
1.20934 1.19381
1.23743 1.33268
1.25019 1.3958
1.25801 1.49936
1.26069 1.57766
1.27108 1.69384
1.30428 1.85796
1.34004 2.0347
1.40645 2.36296
1.43692 2.44877
1.5435 2.65062
1.61184 2.72877
1.76111 2.81686
1.81924 2.84452
1.96083 2.89472
2.02395 2.88196
2.08963 2.88181
2.19063 2.86137
2.25377 2.8486
2.35474 2.82817
2.40766 2.7649
2.47321 2.69908
2.53363 2.60801
2.5688 2.52204
2.57121 2.46899
2.65374 2.09747
2.66067 1.80696
2.67556 1.68567
2.68278 1.52651
2.68501 1.40778
2.68489 1.3421
2.65169 1.17798
2.62871 1.06436
2.58558 0.981092
2.54754 0.923081
2.50187 0.827186
2.39788 0.637961
2.31418 0.484055
2.24578 0.405903
2.19513 0.350442
2.10151 0.277393
2.05343 0.234548
1.98761 0.169027
1.93441 0.100933
1.83568 0.00263386
1.73694 -0.0956551
1.59508 -0.277227
1.51406 -0.352834
1.4407 -0.390559
1.38511 -0.405596
1.29916 -0.440766
1.21319 -0.475942
1.12223 -0.470687
1.05659 -0.470541
0.993454 -0.457776
0.930307 -0.445
0.879845 -0.434785
0.829344 -0.424568
0.773701 -0.439601
0.692882 -0.449527
0.624626 -0.462002
0.541215 -0.484551
0.460345 -0.494481
0.38461 -0.479152
0.321486 -0.466374
0.258371 -0.453619
0.210419 -0.430771
0.162498 -0.407935
0.132284 -0.362389
0.102059 -0.316856
0.0744023 -0.258703
BezierPoints 19
0.818519 0.249205
1.76304 0.0378633
2.42662 0.564863
2.70966 1.4759
2.8667 1.98139
2.83168 3.60407
3.1996 3.40396
3.51054 3.23483
3.24725 2.33566
3.15109 2.01253
2.9385 1.2981
2.43496 0.280488
1.6713 -0.0319829
1.36756 -0.156263
0.327215 -0.364811
0.161752 -0.0168938
0.0473294 0.223701
0.55853 0.30738
0.818519 0.249205
P -0.676029 3.10109 2.32994
T -0.96967 -0.128687 0.207797
N -0.222746 0.815256 -0.534548
B 0.100617 0.564621 0.819194
SketchPoints 53
-0.3043 0.338227
-0.317544 0.396366
-0.319165 0.457104
-0.320784 0.517891
-0.308137 0.569675
-0.281211 0.612499
-0.256942 0.666948
-0.212058 0.738318
-0.190432 0.804391
-0.154526 0.861503
-0.115975 0.906976
-0.0684611 0.96671
-0.027261 1.00056
0.0541125 1.0191
0.123873 1.03501
0.181998 1.04826
0.245421 1.03826
0.297215 1.02559
0.363288 1.00397
0.406114 0.977056
0.448934 0.950116
0.497047 0.89994
0.554153 0.864039
0.588001 0.822839
0.64509 0.78694
0.678947 0.745738
0.712794 0.704537
0.737666 0.649063
0.753554 0.57935
0.769456 0.509586
0.764752 0.422913
0.766375 0.362141
0.724139 0.279143
0.679272 0.207772
0.652338 0.164949
0.611145 0.1311
0.584211 0.0882777
0.536694 0.0285307
0.495494 -0.00531704
0.454294 -0.0391648
0.387194 -0.0666859
0.33172 -0.0915578
0.29052 -0.125406
0.235048 -0.150265
0.176925 -0.163513
0.109821 -0.191049
0.0516886 -0.204296
-0.0090852 -0.205919
-0.0608746 -0.193269
-0.117973 -0.157366
-0.17242 -0.133091
-0.229513 -0.0971753
-0.263374 -0.0559892
BezierPoints 10
-0.315289 0.428133
-0.337326 0.980589
0.437709 1.11279
0.435367 0.413003
0.433754 -0.0686456
0.109807 -0.383803
-0.234548 -0.139527
-0.37556 -0.0394974
-0.311339 0.329128
-0.315289 0.428133
P 0.676029 3.10109 2.32994
T -0.100617 0.564621 0.819194
N 0.222746 0.815256 -0.534548
B 0.96967 -0.128687 0.207797
SketchPoints 53
0.338227 -0.304299
0.396366 -0.317543
0.457103 -0.319164
0.517891 -0.320784
0.569675 -0.308136
0.612498 -0.28121
0.666948 -0.256942
0.738317 -0.212057
0.80439 -0.190431
0.861503 -0.154525
0.906976 -0.115974
0.96671 -0.0684598
1.00056 -0.0272597
1.0191 0.0541138
1.03501 0.123874
1.04826 0.181999
1.03826 0.245422
1.02559 0.297217
1.00397 0.363289
0.977056 0.406115
0.950116 0.448935
0.899941 0.497048
0.86404 0.554154
0.822839 0.588002
0.78694 0.645091
0.745739 0.678948
0.704538 0.712795
0.649064 0.737667
0.579351 0.753555
0.509587 0.769457
0.422914 0.764753
0.362142 0.766376
0.279144 0.72414
0.207773 0.679272
0.16495 0.652338
0.131101 0.611145
0.0882784 0.584211
0.0285313 0.536694
-0.00531633 0.495494
-0.0391642 0.454294
-0.0666854 0.387194
-0.0915574 0.33172
-0.125406 0.29052
-0.150265 0.235047
-0.163513 0.176924
-0.191049 0.10982
-0.204296 0.0516883
-0.205919 -0.00908546
-0.193269 -0.0608748
-0.157366 -0.117973
-0.133091 -0.172421
-0.0971755 -0.229513
-0.0559894 -0.263374
BezierPoints 10
0.428133 -0.315288
0.980588 -0.337324
1.11279 0.437711
0.413003 0.435367
-0.068645 0.433754
-0.383803 0.109807
-0.139527 -0.234548
-0.039498 -0.37556
0.329128 -0.311339
0.428133 -0.315288
P 0.627744 3 -0.268602
T 0.699769 0 0.714369
N 0.714369 0 -0.699769
B 0 -1 0
SketchPoints 160
0.695355 -0.375297
0.755379 -0.405321
0.800403 -0.435345
0.860488 -0.480381
0.905512 -0.525416
0.965559 -0.570452
1.01059 -0.600476
1.05563 -0.645512
1.1307 -0.705559
1.16071 -0.750595
1.22075 -0.810642
1.26581 -0.840666
1.31083 -0.885702
1.37089 -0.94575
1.43093 -1.0058
1.46094 -1.05083
1.506 -1.08086
1.55102 -1.11088
1.59603 -1.15592
1.65612 -1.18594
1.73118 -1.20095
1.86627 -1.11088
1.95634 -1.08086
2.00138 -1.05083
2.03138 -1.0058
2.07644 -0.960762
2.10646 -0.915726
2.1515 -0.840666
2.1815 -0.79563
2.21156 -0.720571
2.2566 -0.660523
2.28662 -0.615488
2.31659 -0.570452
2.34663 -0.525416
2.37668 -0.480381
2.40671 -0.420333
2.45172 -0.345273
2.49677 -0.31525
2.52681 -0.270214
2.57185 -0.210166
2.63184 -0.165131
2.69193 -0.120095
2.76697 -0.0600474
2.82704 0
2.88707 0.0450358
2.93212 0.0750597
3.00718 0.105083
3.06723 0.150119
3.14229 0.180143
3.20232 0.225178
3.2774 0.255202
3.33741 0.270214
3.4125 0.31525
3.48756 0.345274
3.71275 0.420333
3.78781 0.450357
3.83284 0.480381
3.89285 0.510405
3.93792 0.540428
3.96794 0.585464
3.96794 0.645512
3.93792 0.705559
3.90788 0.750595
3.84784 0.765607
3.78781 0.780619
3.71275 0.780619
3.65269 0.780619
3.59263 0.780619
3.53259 0.765607
3.47253 0.750595
3.3975 0.735583
3.2774 0.720571
3.21734 0.705559
3.14229 0.645512
3.09725 0.600476
3.05219 0.570452
3.00718 0.525417
2.96215 0.495393
2.91709 0.465369
2.85706 0.420333
2.81202 0.375298
2.76697 0.345274
2.72196 0.31525
2.67693 0.285226
2.63186 0.240191
2.58685 0.210167
2.55683 0.165131
2.52681 0.120095
2.49675 0.0750597
2.45175 0.0300238
2.42171 -0.0150118
2.37668 -0.0750594
2.34663 -0.135107
2.31661 -0.180143
2.28662 -0.255202
2.24158 -0.31525
2.21156 -0.360286
2.16652 -0.420333
2.1365 -0.465369
2.07644 -0.55544
2.01641 -0.600476
1.97137 -0.6305
1.91128 -0.690547
1.86627 -0.735583
1.80624 -0.750595
1.68614 -0.79563
1.64107 -0.825654
1.521 -0.825654
1.44595 -0.810642
1.4009 -0.765606
1.35584 -0.720571
1.31083 -0.675535
1.26581 -0.615488
1.22075 -0.585464
1.19071 -0.540428
1.14572 -0.510405
1.08563 -0.480381
1.04061 -0.420333
0.995582 -0.390309
0.965559 -0.345273
0.935535 -0.300238
0.890497 -0.270214
0.860488 -0.225178
0.83045 -0.165131
0.800417 -0.120095
0.770402 -0.0600474
0.755379 0
0.755379 0.0600476
0.755379 0.120095
0.785417 0.180143
0.800417 0.240191
0.815426 0.300238
0.800417 0.360286
0.770402 0.405321
0.725369 0.435345
0.680308 0.465369
0.635284 0.495393
0.575261 0.495393
0.51519 0.495393
0.455166 0.495393
0.395081 0.495393
0.335057 0.495393
0.275009 0.480381
0.229977 0.450357
0.184939 0.420333
0.154915 0.360286
0.124891 0.31525
0.0948678 0.270214
0.0798441 0.210167
0.0498205 0.150119
0.0498205 0.0900714
0.0498205 0.015012
0.0498205 -0.0600474
0.0498205 -0.120095
0.0498205 -0.195155
0.0648442 -0.255202
0.109891 -0.285225
0.169929 -0.285225
0.229977 -0.270214
0.290024 -0.255202
BezierPoints 28
0.695355 -0.375297
0.906435 -0.48088
1.52266 -1.27543
1.73118 -1.20095
2.2464 -1.01693
2.67755 -0.0233183
3.08473 0.355341
3.67851 0.907518
4.39655 1.01916
4.34377 1.23036
4.28058 1.4832
3.78108 1.19441
3.426 0.990689
2.80617 0.635077
2.40748 -0.515656
1.8706 -0.822547
1.47062 -1.05119
0.990358 -0.414386
0.770402 -0.0600474
0.660286 0.117345
0.894695 0.224347
0.582754 0.309901
0.108854 0.439874
-0.131566 -0.3606
0.290024 -0.255202
0.392556 -0.229569
0.600833 -0.328017
0.695355 -0.375297
