HeaderParameters 1
PlaneSketch 21
P -0.0125 3.85 0
T 0 0 -1
N 1 0 0
B 0 1 0
SketchPoints 298
-0.30036 0.64072
-0.318183 0.605155
-0.31191 0.623349
-0.28186 0.65928
-0.271067 0.658585
-0.256697 0.668099
-0.213745 0.771286
-0.212562 0.791823
-0.175888 0.84279
-0.173058 0.859107
-0.167836 0.880855
-0.175304 0.915386
-0.174996 0.91915
-0.161855 0.937553
-0.12386 0.975001
-0.11323 1.02137
-0.104465 1.0538
-0.100135 1.09043
-0.113513 1.27063
-0.103983 1.3321
-0.0993789 1.36328
-0.1083 1.42698
-0.089849 1.45272
-0.0907886 1.46452
-0.108257 1.50512
-0.112613 1.53727
-0.111296 1.55703
-0.117416 1.57231
-0.123198 1.59224
-0.126414 1.61534
-0.131373 1.634
-0.138565 1.66111
-0.141259 1.67437
-0.143905 1.69716
-0.144142 1.725
-0.137948 1.79615
-0.133336 1.8489
-0.123673 1.87459
-0.109702 1.91214
-0.00152786 2.06284
-0.000620949 2.08472
-0.000425955 2.10091
-0.000620949 2.08472
-0.00152786 2.06284
0.000248216 2.03502
0.00280187 2.01638
0.00280187 1.99748
0.00212938 1.95201
0.0156359 1.8875
0.0232297 1.87347
0.0688655 1.89174
0.102332 1.93434
0.116109 1.97279
0.130789 1.99031
0.146518 2.0094
0.159411 2.02229
0.171111 2.03391
0.180466 2.04846
0.186057 2.0581
0.19768 2.07838
0.21308 2.10691
0.213987 2.11988
0.213358 2.111
0.218934 2.08719
0.254166 2.02597
0.249794 1.98043
0.24858 1.95167
0.24683 1.91136
0.244766 1.85178
0.248584 1.8004
0.254432 1.75195
0.25312 1.70106
0.239773 1.66245
0.238285 1.65341
0.232317 1.61013
0.226091 1.56801
0.22047 1.50562
0.221981 1.46086
0.223499 1.42342
0.224199 1.40615
0.227173 1.34819
0.229093 1.31078
0.230613 1.23758
0.231227 1.19293
0.227961 1.12484
0.225823 1.08542
0.225261 1.07506
0.21994 1.00957
0.214951 0.954327
0.204756 0.896935
0.197276 0.854825
0.189519 0.787059
0.178022 0.734426
0.185812 0.674554
0.197194 0.601343
0.199187 0.586959
0.187549 0.51828
0.181784 0.48607
0.175377 0.423038
0.162487 0.371321
0.138392 0.304576
0.122695 0.264756
0.0900739 0.19905
0.0669469 0.154148
0.0469203 0.108521
0.0301843 0.0688965
0.00598059 -0.00201678
-0.00648433 -0.0741484
-0.00992415 -0.100344
-0.0118263 -0.18783
-0.0104248 -0.238083
-0.00753478 -0.30035
-0.00566324 -0.340673
-0.0112992 -0.381151
0.0297021 -0.413309
0.0457263 -0.425183
0.0636123 -0.438307
0.0966053 -0.462516
0.134853 -0.572094
0.1377 -0.582027
0.142815 -0.59987
0.147278 -0.623074
0.163302 -0.702214
0.168036 -0.725592
0.177139 -0.788971
0.182287 -0.825229
0.185413 -0.847425
0.193835 -0.904591
0.198699 -0.937607
0.21017 -1.01471
0.215328 -1.0493
0.223434 -1.12517
0.232374 -1.19908
0.240055 -1.26053
0.244242 -1.2933
0.247451 -1.3188
0.253718 -1.38008
0.256573 -1.4229
0.257897 -1.44275
0.260551 -1.47042
0.263608 -1.53744
0.266177 -1.6124
0.2676 -1.66457
0.270117 -1.72468
0.271693 -1.79406
0.271923 -1.83725
0.272006 -1.85282
0.271509 -1.91288
0.2712 -1.95038
0.271068 -1.96627
0.265281 -2.02873
0.264858 -2.06238
0.265079 -2.13749
0.265301 -2.2025
0.263561 -2.24862
0.262148 -2.28607
0.261152 -2.31245
0.259753 -2.36026
0.258583 -2.39874
0.258246 -2.40985
0.25617 -2.47357
0.25495 -2.51103
0.252525 -2.56447
0.252321 -2.62497
0.252205 -2.65961
0.252611 -2.71298
0.249875 -2.77444
0.248548 -2.80424
0.246441 -2.88612
0.245009 -2.92278
0.244373 -2.93855
0.245009 -2.92278
0.244373 -2.93855
0.241436 -2.99706
0.2405 -3.01572
0.239694 -3.06672
0.251402 -3.10818
0.265499 -3.15948
0.262711 -3.1922
0.244023 -3.25459
0.234165 -3.27763
0.222 -3.33723
0.2203 -3.35702
0.234366 -3.39743
0.245943 -3.43037
0.248225 -3.46157
0.254134 -3.52902
0.256511 -3.55614
0.253642 -3.55942
0.237235 -3.57816
0.199852 -3.60111
0.176006 -3.56813
0.16694 -3.55355
0.161939 -3.52854
0.126672 -3.4958
0.12818 -3.4434
0.0920134 -3.39682
0.09379 -3.38155
0.10001 -3.35799
0.0969707 -3.33549
0.105657 -3.31479
0.110914 -3.25177
0.115626 -3.21738
0.115929 -3.20322
0.120656 -3.13957
0.120451 -3.11464
0.120451 -3.08045
0.119885 -3.05112
0.117979 -3.01812
0.116525 -2.95235
0.113618 -2.89384
0.112728 -2.85874
0.110948 -2.82137
0.108429 -2.77325
0.10471 -2.71393
0.103256 -2.68268
0.0977005 -2.62289
0.0922825 -2.5633
0.0900254 -2.53997
0.0855111 -2.49972
0.0836941 -2.46417
0.0766066 -2.40425
0.0754699 -2.39463
0.0666403 -2.3314
0.0638812 -2.31165
0.0599795 -2.27427
0.0553744 -2.23973
0.0515367 -2.19138
0.0481414 -2.15431
0.0440956 -2.10958
0.0411978 -2.07754
0.0364186 -2.03913
0.0312521 -1.99761
0.0267324 -1.96038
0.0425286 -1.95467
0.0479637 -1.95061
0.0479637 -1.95061
0.0185838 -1.8962
0.00850732 -1.8741
0.00288513 -1.83937
0.00372284 -1.80096
-0.00721917 -1.75609
-0.0094993 -1.7416
-0.0114785 -1.72482
-0.0281829 -1.66094
-0.0344982 -1.63914
-0.045014 -1.54483
-0.0523677 -1.49965
-0.0724563 -1.42695
-0.094066 -1.36562
-0.107731 -1.31421
-0.114406 -1.29238
-0.12055 -1.2619
-0.12664 -1.21345
-0.137808 -1.18032
-0.150477 -1.14833
-0.174639 -1.08518
-0.180929 -1.0688
-0.199165 -1.02088
-0.209946 -0.994558
-0.238373 -0.927302
-0.256469 -0.892337
-0.268415 -0.863168
-0.280812 -0.820202
-0.334042 -0.762836
-0.34668 -0.740087
-0.375512 -0.694241
-0.391646 -0.681504
-0.40466 -0.669395
-0.422324 -0.631754
-0.44446 -0.572885
-0.451664 -0.557091
-0.472445 -0.488256
-0.483354 -0.455415
-0.485463 -0.400895
-0.505089 -0.33185
-0.510605 -0.261919
-0.521964 -0.20607
-0.529564 -0.174768
-0.515234 -0.125531
-0.497238 -0.112045
-0.500985 -0.07774
-0.504084 -0.0745301
-0.521522 0.0257533
-0.510706 0.0611756
-0.512124 0.0636644
-0.531378 0.170735
-0.532491 0.224271
-0.507003 0.279496
-0.500851 0.318749
-0.486247 0.352047
-0.478996 0.373155
-0.446143 0.385955
-0.429313 0.415969
-0.412252 0.447962
-0.376852 0.521485
-0.349747 0.529674
-0.336994 0.636173
BezierPoints 64
-0.30036 0.64072
-0.332416 0.576754
-0.208405 0.787407
-0.175888 0.84279
-0.0780794 1.00938
-0.129067 1.23209
-0.1083 1.42698
-0.0943255 1.55813
-0.160402 1.70017
-0.133336 1.8489
-0.116333 1.94234
-0.0130239 2.44591
-0.000425955 2.10091
-0.000425955 2.10091
-0.0527508 1.86742
0.0232297 1.87347
0.0687564 1.8771
0.209711 2.05708
0.213987 2.11988
0.217876 2.17699
0.251034 2.00886
0.24858 1.95167
0.242871 1.81864
0.24098 1.69936
0.226091 1.56801
0.185678 1.21149
0.226916 0.839228
0.181784 0.48607
0.149771 0.235571
-0.139444 -0.117957
-0.0112992 -0.381151
0.323165 -1.0681
0.254951 -1.84403
0.252321 -2.62497
0.251543 -2.85627
0.174469 -3.13389
0.2203 -3.35702
0.227298 -3.3911
0.310145 -3.61918
0.199852 -3.60111
0.157055 -3.5941
0.105951 -3.42188
0.0920134 -3.39682
0.0676375 -3.35298
0.117767 -3.19615
0.120656 -3.13957
0.130698 -2.94288
0.110846 -2.73545
0.0900254 -2.53997
0.0405099 -2.07508
0.0269152 -1.63029
-0.137808 -1.18032
-0.255945 -0.857603
-0.559914 -0.537974
-0.529564 -0.174768
-0.520363 -0.0646614
-0.557836 0.111177
-0.532491 0.224271
-0.495622 0.38878
-0.356764 0.471068
-0.336994 0.636173
-0.335897 0.645337
-0.296225 0.648971
-0.30036 0.64072
P -0.0124969 4.43729 0.0192013
T -1 0 0
N 0 2.39236e-05 1
B 0 -1 2.39236e-05
SketchPoints 112
0.0522123 0.949205
0.0592963 0.950595
0.0663805 0.951985
0.0865447 0.955941
0.0846761 0.956767
0.0886248 0.956466
0.124656 0.958193
0.135652 0.958721
0.135652 0.958721
0.192594 1.25136
0.208812 1.23058
0.230659 1.21203
0.261184 1.17909
0.283215 1.15593
0.31643 1.08666
0.321938 1.06851
0.328716 1.03743
0.323435 1.01678
0.316992 0.986192
0.281639 0.967474
0.284987 0.969322
0.281639 0.967474
0.281639 0.967474
0.281639 0.967474
0.281639 0.967474
0.281639 0.967474
0.281639 0.967474
0.281639 0.967474
0.281639 0.967474
0.288883 0.971473
0.281639 0.967474
0.285889 0.96982
0.5625 0.536701
0.6 0.499201
0.6375 0.4242
0.7125 0.386702
0.7875 0.386702
0.825 0.349202
0.9 0.349202
0.975 0.349202
1.05 0.349202
1.125 0.349202
1.1625 0.386702
1.2 0.4242
1.275 0.4242
1.3125 0.461701
1.3875 0.461701
1.425 0.4242
1.425 0.349202
1.425 0.274202
1.425 0.199202
1.425 0.124202
1.425 0.0491996
1.425 -0.0257983
1.425 -0.100798
1.425 -0.175798
1.30157 -0.378158
1.32314 -0.405667
1.34135 -0.428889
1.35955 -0.452112
1.37244 -0.46855
1.39663 -0.498619
1.43326 -0.544153
1.45516 -0.571372
1.46486 -0.583428
1.46486 -0.583428
1.38258 -0.78
1.42047 -0.813663
1.43625 -0.827675
1.42047 -0.813663
1.38323 -0.780609
1.35524 -0.747972
1.32102 -0.698611
1.29821 -0.650213
1.27693 -0.605068
1.24049 -0.555979
1.20761 -0.514791
1.19301 -0.496507
1.17841 -0.478223
1.17032 -0.468088
1.14143 -0.42561
1.12957 -0.408171
1.11771 -0.390733
1.09897 -0.363183
1.03039 -0.298531
1.03039 -0.298531
0.957634 -0.2574
0.879788 -0.231468
0.855243 -0.226718
0.806525 -0.224375
0.747672 -0.205966
0.713515 -0.195282
0.695297 -0.189583
0.659273 -0.18076
0.647741 -0.179046
0.517161 -0.178508
0.479729 -0.180096
0.420184 -0.197485
0.420184 -0.197485
0.420184 -0.197485
0.4009 -0.195647
0.39149 -0.19498
0.353496 -0.194316
0.319507 -0.200908
0.216799 -0.213481
0.192732 -0.228919
0.161879 -0.262648
0.133875 -0.317607
0.110968 -0.36269
0.10221 -0.432284
0.122822 -0.45837
0.122822 -0.45837
BezierPoints 55
0.0522123 0.949205
0.178597 1.06898
0.09631 0.893581
0.192594 1.25136
0.217966 1.34564
0.380127 1.06067
0.316992 0.986192
0.311521 0.939834
0.447296 0.85626
0.421202 0.733802
0.360979 0.451179
0.540397 0.449236
0.608159 0.410462
0.704286 0.355457
0.869073 0.342138
0.961262 0.280024
1.04344 0.224657
1.12613 0.399576
1.2 0.4242
1.24489 0.439163
1.28382 0.538959
1.36343 0.481946
1.65181 0.275441
2.63883 1.34518
2.11871 0.428991
2.07608 0.353897
2.44007 -0.533823
2.62784 -0.344839
4.0694 1.10604
2.9466 -0.721852
3.5788 -0.624056
6.10268 -0.233633
2.84511 -1.20607
2.46202 -1.36387
2.4644 -1.40549
1.64618 -1.0747
1.67621 -1.30657
1.69111 -1.42164
1.59888 -1.60797
1.43625 -0.827675
1.40118 -0.659395
1.32459 -0.682879
1.27693 -0.605068
1.18242 -0.45079
1.05638 -0.284382
0.879788 -0.231468
0.670864 -0.168865
0.748472 -0.170879
0.216799 -0.213481
0.129644 -0.220465
0.101668 -0.191739
0.0762872 -0.475117
0.0666598 -0.58261
-0.0393819 0.8624
0.0522123 0.949205
P 0.0124969 4.43729 0.0192013
T 0 -1 2.39236e-05
N 0 2.39236e-05 1
B 1 0 0
SketchPoints 112
0.949205 0.0522123
0.950595 0.0592963
0.951985 0.0663805
0.955941 0.0865447
0.956767 0.0846761
0.956466 0.0886248
0.958193 0.124656
0.958721 0.135652
0.958721 0.135652
1.25136 0.192594
1.23058 0.208812
1.21203 0.230659
1.17909 0.261184
1.15593 0.283215
1.08666 0.31643
1.06851 0.321938
1.03743 0.328716
1.01678 0.323435
0.986192 0.316992
0.967474 0.281639
0.969322 0.284987
0.967474 0.281639
0.967474 0.281639
0.967474 0.281639
0.967474 0.281639
0.967474 0.281639
0.967474 0.281639
0.967474 0.281639
0.967474 0.281639
0.971473 0.288883
0.967474 0.281639
0.96982 0.285889
0.536701 0.5625
0.499201 0.6
0.4242 0.6375
0.386702 0.7125
0.386702 0.7875
0.349202 0.825
0.349202 0.9
0.349202 0.975
0.349202 1.05
0.349202 1.125
0.386702 1.1625
0.4242 1.2
0.4242 1.275
0.461701 1.3125
0.461701 1.3875
0.4242 1.425
0.349202 1.425
0.274202 1.425
0.199202 1.425
0.124202 1.425
0.0491996 1.425
-0.0257983 1.425
-0.100798 1.425
-0.175798 1.425
-0.378158 1.30157
-0.405667 1.32314
-0.428889 1.34135
-0.452112 1.35955
-0.46855 1.37244
-0.498619 1.39663
-0.544153 1.43326
-0.571372 1.45516
-0.583428 1.46486
-0.583428 1.46486
-0.78 1.38258
-0.813663 1.42047
-0.827675 1.43625
-0.813663 1.42047
-0.780609 1.38323
-0.747972 1.35524
-0.698611 1.32102
-0.650213 1.29821
-0.605068 1.27693
-0.555979 1.24049
-0.514791 1.20761
-0.496507 1.19301
-0.478223 1.17841
-0.468088 1.17032
-0.42561 1.14143
-0.408171 1.12957
-0.390733 1.11771
-0.363183 1.09897
-0.298531 1.03039
-0.298531 1.03039
-0.2574 0.957634
-0.231468 0.879788
-0.226718 0.855243
-0.224375 0.806525
-0.205966 0.747672
-0.195282 0.713515
-0.189583 0.695297
-0.18076 0.659273
-0.179046 0.647741
-0.178508 0.517161
-0.180096 0.479729
-0.197485 0.420184
-0.197485 0.420184
-0.197485 0.420184
-0.195647 0.4009
-0.19498 0.39149
-0.194316 0.353496
-0.200908 0.319507
-0.213481 0.216799
-0.228919 0.192732
-0.262648 0.161879
-0.317607 0.133875
-0.36269 0.110968
-0.432284 0.10221
-0.45837 0.122822
-0.45837 0.122822
BezierPoints 52
1.25136 0.192594
1.3177 0.264223
1.06067 0.380127
0.986192 0.316992
0.939834 0.311521
0.85626 0.447296
0.733802 0.421202
0.451179 0.360979
0.449236 0.540397
0.410462 0.608159
0.355457 0.704286
0.342138 0.869073
0.280024 0.961262
0.224657 1.04344
0.399576 1.12613
0.4242 1.2
0.439163 1.24489
0.857243 1.2237
0.481946 1.36343
0.275441 1.65181
1.34518 2.63883
0.428991 2.11871
0.353897 2.07608
-0.533823 2.44007
-0.344839 2.62784
1.10604 4.0694
-0.721851 2.9466
-0.624056 3.5788
-0.233633 6.10268
-1.20607 2.84511
-1.36387 2.46202
-1.40549 2.4644
-1.0747 1.64618
-1.30657 1.67621
-1.42164 1.69111
-1.60797 1.59888
-0.827675 1.43625
-0.659395 1.40118
-0.682879 1.32459
-0.605068 1.27693
-0.45079 1.18242
-0.284381 1.05638
-0.231468 0.879788
-0.168865 0.670864
-0.170879 0.748472
-0.213481 0.216799
-0.220465 0.129644
-0.191739 0.101668
-0.475117 0.0762872
-0.58261 0.0666598
1.00991 -0.0680833
1.25136 0.192594
P -0.160194 3.43093 0.0192282
T 0 -2.39236e-05 -1
N -0.0134208 0.99991 -2.39214e-05
B -0.99991 -0.0134208 3.26891e-07
SketchPoints 52
0.156261 0.196058
0.170594 0.197732
0.180044 0.198682
0.191258 0.200364
0.201067 0.199856
0.219023 0.201516
0.30244 0.184339
0.3264 0.15969
0.333346 0.135282
0.329344 0.110081
0.327375 0.1029
0.313413 0.0903984
0.306091 0.0879965
0.265471 0.0804935
0.263089 0.079899
0.257647 0.0812651
0.244079 0.0846686
0.240414 0.0857907
0.232628 0.0884155
0.218532 0.091074
0.181774 0.0867527
0.148695 0.0737674
0.120696 0.0564277
0.107566 0.0438534
0.0670005 0.00283401
0.0611848 -0.0553509
0.0652474 -0.0783081
0.0574441 -0.13192
0.0512512 -0.159712
0.0527278 -0.173347
0.0524277 -0.170759
0.0521277 -0.168172
0.0518277 -0.165585
0.0515276 -0.162997
0.0512276 -0.16041
0.051208 -0.16024
0.051208 -0.16024
0.051208 -0.16024
0.051208 -0.16024
0.051208 -0.16024
0.051208 -0.16024
0.051208 -0.16024
0.051208 -0.16024
0.051208 -0.16024
0.051208 -0.16024
0.051208 -0.16024
0.051208 -0.16024
0.051208 -0.16024
0.051208 -0.16024
-0.417546 -0.22541
-0.439924 -0.211577
-0.452795 -0.194312
BezierPoints 13
0.156261 0.196058
0.61283 0.249406
0.0775131 0.0253194
0.0670005 0.00283401
-0.076559 -0.304225
0.407653 -0.139155
-0.417546 -0.22541
-0.431794 -0.2269
-0.446336 -0.202976
-0.452795 -0.194312
-0.560887 -0.0493129
-0.0233722 0.175068
0.156261 0.196058
P 0.160194 3.43093 0.0192282
T 0.99991 -0.0134208 3.26891e-07
N 0.0134208 0.99991 -2.39214e-05
B 0 -2.39236e-05 -1
SketchPoints 52
0.196058 0.156261
0.197732 0.170594
0.198682 0.180044
0.200364 0.191258
0.199856 0.201067
0.201516 0.219023
0.184339 0.30244
0.15969 0.3264
0.135282 0.333346
0.110081 0.329344
0.1029 0.327375
0.0903984 0.313413
0.0879965 0.306091
0.0804935 0.265471
0.079899 0.263089
0.0812651 0.257647
0.0846686 0.244079
0.0857907 0.240414
0.0884155 0.232628
0.091074 0.218532
0.0867527 0.181774
0.0737674 0.148695
0.0564277 0.120696
0.0438534 0.107566
0.00283401 0.0670005
-0.0553509 0.0611848
-0.0783081 0.0652474
-0.13192 0.0574441
-0.159712 0.0512512
-0.173347 0.0527278
-0.170759 0.0524277
-0.168172 0.0521277
-0.165585 0.0518277
-0.162997 0.0515276
-0.16041 0.0512276
-0.16024 0.051208
-0.16024 0.051208
-0.16024 0.051208
-0.16024 0.051208
-0.16024 0.051208
-0.16024 0.051208
-0.16024 0.051208
-0.16024 0.051208
-0.16024 0.051208
-0.16024 0.051208
-0.16024 0.051208
-0.16024 0.051208
-0.16024 0.051208
-0.16024 0.051208
-0.22541 -0.417546
-0.211577 -0.439924
-0.194312 -0.452795
BezierPoints 10
0.196058 0.156261
0.249406 0.61283
0.0253194 0.0775131
0.00283401 0.0670005
-0.304225 -0.076559
-0.202976 -0.446336
-0.194312 -0.452795
-0.0493129 -0.560887
0.175068 -0.0233722
0.196058 0.156261
P 0.314609 3.44168 0.0192289
T 6.92792e-06 -1 2.39328e-05
N 1 6.92792e-06 -1.65741e-10
B 0 -2.39236e-05 -1
SketchPoints 162
0.113047 0.0608911
0.104934 0.0911992
0.0857471 0.134185
0.0649006 0.161607
0.0583603 0.172046
0.0586072 0.185659
0.0636397 0.20797
0.0735579 0.22884
0.0843034 0.248822
0.0941807 0.295623
0.093686 0.343014
0.0930106 0.343402
0.093686 0.343014
0.093686 0.343014
0.093686 0.343014
0.093686 0.343014
0.093686 0.343014
0.093686 0.343014
0.093686 0.343014
0.093686 0.343014
0.093686 0.343014
0.093686 0.343014
0.093686 0.343014
0.093686 0.343014
0.093686 0.343014
0.093686 0.343014
0.093686 0.343014
0.093686 0.343014
0.093686 0.343014
0.093686 0.343014
0.093686 0.343014
0.093686 0.343014
0.093686 0.343014
0.093686 0.343014
0.093686 0.343014
0.093686 0.343014
0.093686 0.343014
0.093686 0.343014
0.093686 0.343014
0.093686 0.343014
0.093686 0.343014
0.093686 0.343014
0.093686 0.343014
0.093686 0.343014
0.093686 0.343014
0.093686 0.343014
0.093686 0.343014
0.093686 0.343014
0.093686 0.343014
0.0924441 0.343727
0.0894168 0.345466
0.0863896 0.347205
0.0843368 0.348384
0.0843368 0.348384
0.0843368 0.348384
0.0843368 0.348384
0.0843368 0.348384
0.0843368 0.348384
0.0843368 0.348384
0.0843368 0.348384
0.0843368 0.348384
0.0843368 0.348384
0.0843368 0.348384
0.0843368 0.348384
0.0843368 0.348384
0.0843368 0.348384
0.0843368 0.348384
0.0843368 0.348384
0.0790603 0.350111
0.0727297 0.352183
0.0706579 0.35286
0.0643273 0.354932
0.0579977 0.357003
0.0559261 0.357681
0.0558632 0.357702
0.0558632 0.357702
0.0558632 0.357702
0.0558632 0.357702
0.0558632 0.357702
0.0558632 0.357702
0.0558632 0.357702
0.0558632 0.357702
0.11615 0.75722
0.0924197 0.79307
0.0862423 0.794913
0.0739815 0.796631
0.0329746 0.771467
0.0339022 0.766436
0.0339022 0.766436
0.0339022 0.766436
0.0339022 0.766436
0.0339022 0.766436
0.0339022 0.766436
0.0339022 0.766436
0.0339022 0.766436
0.0339022 0.766436
0.0339022 0.766436
0.0339022 0.766436
0.0339022 0.766436
0.0339022 0.766436
0.0339022 0.766436
0.0339022 0.766436
0.0339022 0.766436
0.0339022 0.766436
0.0339022 0.766436
0.0339022 0.766436
0.0339022 0.766436
0.0339022 0.766436
0.0339022 0.766436
0.0339022 0.766436
0.0339022 0.766436
0.0339022 0.766436
0.0339022 0.766436
0.0339022 0.766436
0.0339022 0.766436
0.0339022 0.766436
0.0339022 0.766436
0.0339022 0.766436
0.0339022 0.766436
0.0339022 0.766436
0.0339022 0.766436
0.0339022 0.766436
0.0339022 0.766436
0.0339022 0.766436
0.0339022 0.766436
0.0339022 0.766436
0.0339022 0.766436
0.0339022 0.766436
0.0339022 0.766436
0.0339022 0.766436
0.0339022 0.766436
0.0339022 0.766436
0.0339022 0.766436
0.0339022 0.766436
0.0339022 0.766436
0.0339022 0.766436
0.0339022 0.766436
0.0339022 0.766436
0.0339022 0.766436
0.0339022 0.766436
0.0339022 0.766436
0.0339022 0.766436
0.0339022 0.766436
0.0339022 0.766436
0.0339022 0.766436
0.0339022 0.766436
0.0339022 0.766436
0.0339022 0.766436
0.0339022 0.766436
0.0339022 0.766436
0.0339022 0.766436
0.0339022 0.766436
0.0339022 0.766436
-0.124093 0.287342
-0.0696572 0.223455
-0.0770602 0.217604
-0.0777427 0.216239
-0.078997 0.213062
-0.0844811 0.194448
-0.0859785 0.189366
-0.0863678 0.187149
-0.0875612 0.18035
BezierPoints 19
0.113047 0.0608911
0.230316 0.0526287
0.0317561 0.2633
0.152057 0.371628
0.357355 0.556495
0.354746 0.825573
0.237989 0.801958
0.212464 0.796796
0.0924453 0.800355
0.0329746 0.771467
-0.0250339 0.743288
0.0975806 0.738741
0.144948 0.622609
0.204904 0.475611
0.030434 0.354417
-0.0344296 0.179397
-0.0773488 0.0635892
0.0861282 0.0627877
0.113047 0.0608911
P -0.314609 3.44168 0.0192289
T 0 -2.39236e-05 -1
N -1 6.92792e-06 -1.65741e-10
B -6.92792e-06 -1 2.39328e-05
SketchPoints 162
0.0608911 0.113047
0.0911992 0.104934
0.134185 0.0857471
0.161607 0.0649006
0.172046 0.0583603
0.185659 0.0586072
0.20797 0.0636397
0.22884 0.0735579
0.248822 0.0843034
0.295623 0.0941807
0.343014 0.093686
0.343402 0.0930106
0.343014 0.093686
0.343014 0.093686
0.343014 0.093686
0.343014 0.093686
0.343014 0.093686
0.343014 0.093686
0.343014 0.093686
0.343014 0.093686
0.343014 0.093686
0.343014 0.093686
0.343014 0.093686
0.343014 0.093686
0.343014 0.093686
0.343014 0.093686
0.343014 0.093686
0.343014 0.093686
0.343014 0.093686
0.343014 0.093686
0.343014 0.093686
0.343014 0.093686
0.343014 0.093686
0.343014 0.093686
0.343014 0.093686
0.343014 0.093686
0.343014 0.093686
0.343014 0.093686
0.343014 0.093686
0.343014 0.093686
0.343014 0.093686
0.343014 0.093686
0.343014 0.093686
0.343014 0.093686
0.343014 0.093686
0.343014 0.093686
0.343014 0.093686
0.343014 0.093686
0.343014 0.093686
0.343727 0.0924441
0.345466 0.0894168
0.347205 0.0863896
0.348385 0.0843368
0.348385 0.0843368
0.348385 0.0843368
0.348385 0.0843368
0.348385 0.0843368
0.348385 0.0843368
0.348385 0.0843368
0.348385 0.0843368
0.348385 0.0843368
0.348385 0.0843368
0.348385 0.0843368
0.348385 0.0843368
0.348385 0.0843368
0.348385 0.0843368
0.348385 0.0843368
0.348385 0.0843368
0.350111 0.0790603
0.352183 0.0727297
0.35286 0.0706579
0.354932 0.0643273
0.357003 0.0579977
0.357681 0.0559261
0.357702 0.0558632
0.357702 0.0558632
0.357702 0.0558632
0.357702 0.0558632
0.357702 0.0558632
0.357702 0.0558632
0.357702 0.0558632
0.357702 0.0558632
0.75722 0.11615
0.79307 0.0924197
0.794913 0.0862423
0.796631 0.0739815
0.771467 0.0329746
0.766436 0.0339022
0.766436 0.0339022
0.766436 0.0339022
0.766436 0.0339022
0.766436 0.0339022
0.766436 0.0339022
0.766436 0.0339022
0.766436 0.0339022
0.766436 0.0339022
0.766436 0.0339022
0.766436 0.0339022
0.766436 0.0339022
0.766436 0.0339022
0.766436 0.0339022
0.766436 0.0339022
0.766436 0.0339022
0.766436 0.0339022
0.766436 0.0339022
0.766436 0.0339022
0.766436 0.0339022
0.766436 0.0339022
0.766436 0.0339022
0.766436 0.0339022
0.766436 0.0339022
0.766436 0.0339022
0.766436 0.0339022
0.766436 0.0339022
0.766436 0.0339022
0.766436 0.0339022
0.766436 0.0339022
0.766436 0.0339022
0.766436 0.0339022
0.766436 0.0339022
0.766436 0.0339022
0.766436 0.0339022
0.766436 0.0339022
0.766436 0.0339022
0.766436 0.0339022
0.766436 0.0339022
0.766436 0.0339022
0.766436 0.0339022
0.766436 0.0339022
0.766436 0.0339022
0.766436 0.0339022
0.766436 0.0339022
0.766436 0.0339022
0.766436 0.0339022
0.766436 0.0339022
0.766436 0.0339022
0.766436 0.0339022
0.766436 0.0339022
0.766436 0.0339022
0.766436 0.0339022
0.766436 0.0339022
0.766436 0.0339022
0.766436 0.0339022
0.766436 0.0339022
0.766436 0.0339022
0.766436 0.0339022
0.766436 0.0339022
0.766436 0.0339022
0.766436 0.0339022
0.766436 0.0339022
0.766436 0.0339022
0.766436 0.0339022
0.766436 0.0339022
0.287342 -0.124093
0.223455 -0.0696572
0.217604 -0.0770602
0.216239 -0.0777427
0.213062 -0.078997
0.194448 -0.0844811
0.189366 -0.0859785
0.187149 -0.0863678
0.18035 -0.0875612
BezierPoints 19
0.0608911 0.113047
0.0526287 0.230316
0.2633 0.0317561
0.371628 0.152057
0.556495 0.357355
0.825573 0.354746
0.801959 0.237989
0.796796 0.212464
0.800355 0.0924453
0.771467 0.0329746
0.743288 -0.0250339
0.738741 0.0975806
0.622609 0.144948
0.475611 0.204904
0.354417 0.030434
0.179397 -0.0344296
0.0635892 -0.0773488
0.0627877 0.0861282
0.0608911 0.113047
P 0.314607 3.24418 -0.697601
T -1 -6.92792e-06 1.65741e-10
N 1.49378e-06 -0.215641 -0.976473
B -6.65107e-06 0.976473 -0.215641
SketchPoints 82
0.0502348 0.226372
0.0433248 0.269753
0.0265699 0.321931
0.0556816 0.360622
0.0864128 0.316386
0.0888405 0.302099
0.0926365 0.252139
0.0946207 0.240632
0.0958557 0.226553
0.0958109 0.198399
0.099963 0.168616
0.11383 0.131916
0.103146 0.156913
0.099963 0.168616
0.097539 0.189681
0.0971045 0.193457
0.0958109 0.198399
0.0944211 0.211805
0.0943383 0.214871
0.0954373 0.220335
0.0961094 0.225357
0.0961094 0.225357
0.151574 0.236681
0.150521 0.247319
0.160739 0.282382
0.195231 0.30646
0.198359 0.280853
0.201414 0.259567
0.199003 0.239944
0.195082 0.211207
0.196481 0.197613
0.193207 0.182037
0.188076 0.14235
0.184846 0.119299
0.180696 0.0918393
0.177748 0.0528782
0.174901 0.0171822
0.136606 -0.0122553
0.115222 -0.0161706
0.091514 -0.0229412
0.0651358 -0.00320663
-0.0651358 -0.00320663
-0.091514 -0.0229412
-0.115222 -0.0161706
-0.136606 -0.0122553
-0.174901 0.0171822
-0.177748 0.0528782
-0.180696 0.0918393
-0.184846 0.119299
-0.188076 0.14235
-0.193207 0.182037
-0.196481 0.197613
-0.195082 0.211207
-0.199003 0.239944
-0.201414 0.259567
-0.198359 0.280853
-0.195231 0.30646
-0.160739 0.282382
-0.150521 0.247319
-0.151574 0.236681
-0.0961094 0.225357
-0.0961094 0.225357
-0.0954373 0.220335
-0.0943383 0.214871
-0.0944211 0.211805
-0.0958109 0.198399
-0.0971045 0.193457
-0.097539 0.189681
-0.099963 0.168616
-0.103146 0.156913
-0.11383 0.131916
-0.099963 0.168616
-0.0958109 0.198399
-0.0958557 0.226553
-0.0946207 0.240632
-0.0926365 0.252139
-0.0888405 0.302099
-0.0864128 0.316386
-0.0556816 0.360622
-0.0265699 0.321931
-0.0433248 0.269753
-0.0502348 0.226372
BezierPoints 22
0.0502348 0.226372
0.00966519 0.481069
0.0859635 0.234355
0.11383 0.131916
0.130681 0.0699694
0.0826307 -0.00490393
0.0744161 -0.0179088
0.0346097 -0.0809279
-0.0693259 -0.0518079
-0.0692557 -0.0480397
-0.0692557 -0.0480397
-0.130681 0.0699694
-0.11383 0.131916
-0.0859635 0.234355
-0.00966519 0.481069
-0.0502348 0.226372
-0.0522104 0.213969
-0.0273244 0.157241
-0.00121923 0.157241
0.024886 0.157241
0.0522104 0.213969
0.0502348 0.226372
P -0.314607 3.24418 -0.697601
T 6.65107e-06 0.976473 -0.215641
N -1.49378e-06 -0.215641 -0.976473
B 1 -6.92792e-06 1.65741e-10
SketchPoints 82
0.226372 0.0502348
0.269753 0.0433248
0.321931 0.0265699
0.360622 0.0556816
0.316386 0.0864127
0.302099 0.0888404
0.252139 0.0926365
0.240632 0.0946206
0.226553 0.0958556
0.198399 0.0958109
0.168616 0.0999629
0.131916 0.11383
0.156913 0.103146
0.168616 0.0999629
0.189681 0.097539
0.193457 0.0971045
0.198399 0.0958109
0.211805 0.0944211
0.214871 0.0943383
0.220335 0.0954372
0.225357 0.0961094
0.225357 0.0961094
0.236681 0.151574
0.247319 0.150521
0.282382 0.160739
0.30646 0.195231
0.280853 0.198359
0.259567 0.201414
0.239944 0.199003
0.211207 0.195082
0.197613 0.196481
0.182037 0.193207
0.14235 0.188076
0.119299 0.184846
0.0918393 0.180696
0.0528782 0.177748
0.0171822 0.174901
-0.0122553 0.136606
-0.0161706 0.115222
-0.0229412 0.091514
-0.00320663 0.0651358
-0.00320656 -0.0651358
-0.0229412 -0.091514
-0.0161705 -0.115222
-0.0122553 -0.136606
0.0171822 -0.174901
0.0528781 -0.177748
0.0918392 -0.180696
0.119299 -0.184846
0.14235 -0.188076
0.182037 -0.193207
0.197613 -0.196481
0.211207 -0.195082
0.239944 -0.199003
0.259567 -0.201414
0.280853 -0.198359
0.30646 -0.195231
0.282382 -0.160739
0.247319 -0.150521
0.236681 -0.151574
0.225357 -0.0961095
0.225357 -0.0961095
0.220335 -0.0954373
0.214871 -0.0943383
0.211805 -0.0944211
0.198399 -0.0958109
0.193457 -0.0971046
0.189681 -0.0975391
0.168616 -0.099963
0.156913 -0.103146
0.131916 -0.11383
0.168616 -0.099963
0.198399 -0.0958109
0.226553 -0.0958557
0.240632 -0.0946207
0.252139 -0.0926365
0.302099 -0.0888405
0.316386 -0.0864128
0.360622 -0.0556817
0.321931 -0.0265699
0.269753 -0.0433249
0.226372 -0.0502349
BezierPoints 22
0.226372 0.0502348
0.481069 0.00966513
0.234355 0.0859635
0.131916 0.11383
0.0699695 0.130681
-0.00490393 0.0826307
-0.0179088 0.0744161
-0.0809278 0.0346097
-0.051808 -0.0693259
-0.0480398 -0.0692557
-0.0480398 -0.0692557
0.0699694 -0.130681
0.131916 -0.11383
0.234355 -0.0859636
0.481069 -0.00966526
0.226372 -0.0502349
0.213969 -0.0522104
0.157241 -0.0273244
0.157241 -0.00121926
0.157241 0.0248859
0.213969 0.0522103
0.226372 0.0502348
P -0.0124969 5.55478 -0.0215362
T -1 0 0
N 0 0.753249 0.657736
B 0 -0.657736 0.753249
SketchPoints 145
-0.154771 0.00705867
-0.154771 0.00705881
-0.154771 0.00705881
-0.154771 0.00705881
-0.154771 0.00705881
-0.154771 0.00705881
-0.154771 0.00705881
-0.154771 0.00705881
-0.181441 -0.0276518
-0.186622 -0.00399108
-0.188223 0.00673239
-0.182988 0.0161887
-0.182988 0.0161887
-0.180731 0.0172956
-0.182284 0.0626779
-0.179931 0.0885974
-0.176094 0.0955941
-0.174506 0.096648
-0.170831 0.0990869
-0.164449 0.105201
-0.166236 0.137836
-0.165898 0.143545
-0.165137 0.150914
-0.196163 0.188124
-0.199074 0.192319
-0.199314 0.194088
-0.196774 0.195444
-0.195397 0.19574
-0.195397 0.19574
-0.195397 0.19574
-0.195397 0.19574
-0.195397 0.19574
-0.195397 0.19574
-0.195397 0.19574
-0.195397 0.19574
-0.195397 0.19574
-0.195397 0.19574
-0.195397 0.19574
-0.195397 0.19574
-0.195397 0.19574
-0.195397 0.19574
-0.195397 0.19574
-0.195397 0.19574
-0.195397 0.19574
-0.195397 0.19574
-0.195397 0.19574
-0.195397 0.19574
-0.195397 0.19574
-0.195397 0.19574
-0.195397 0.19574
-0.195397 0.19574
-0.195397 0.19574
-0.195397 0.19574
-0.195397 0.19574
-0.195397 0.19574
-0.195397 0.19574
-0.195397 0.19574
-0.119828 0.256629
-0.103569 0.262015
-0.103569 0.262015
-0.0919096 0.203606
-0.105919 0.160572
-0.123678 0.126744
-0.123678 0.126744
-0.123678 0.126744
-0.123678 0.126744
-0.123678 0.126744
-0.123678 0.126744
-0.123678 0.126744
-0.123678 0.126744
-0.123678 0.126744
-0.123678 0.126744
-0.123678 0.126744
-0.123678 0.126744
-0.123678 0.126744
-0.123678 0.126744
-0.123678 0.126744
-0.123678 0.126744
-0.123678 0.126744
-0.123678 0.126744
-0.123678 0.126744
-0.123678 0.126744
-0.123678 0.126744
-0.123678 0.126744
-0.123678 0.126744
-0.123678 0.126744
-0.123678 0.126744
-0.123678 0.126744
-0.123678 0.126744
-0.123678 0.126744
-0.123678 0.126744
-0.123678 0.126744
-0.123678 0.126744
-0.123678 0.126744
-0.123678 0.126744
-0.123678 0.126744
-0.123678 0.126744
-0.123678 0.126744
-0.123678 0.126744
-0.123678 0.126744
-0.123678 0.126744
-0.123678 0.126744
-0.123678 0.126744
-0.123678 0.126744
-0.123678 0.126744
-0.123678 0.126744
-0.123678 0.126744
-0.123678 0.126744
0.120851 0.0640153
0.135875 0.0639175
0.140416 0.0639063
0.158384 0.0546898
0.147429 0.0237643
0.137267 0.0112894
0.13529 0.000142814
0.134961 -0.000817346
0.134961 -0.000817346
0.134961 -0.000817346
0.134961 -0.000817346
0.134961 -0.000817346
0.134961 -0.000817346
0.134961 -0.000817346
0.134961 -0.000817346
0.134961 -0.000817346
0.134961 -0.000817346
0.134961 -0.000817346
0.134961 -0.000817346
0.134961 -0.000817346
0.134961 -0.000817346
0.134961 -0.000817346
0.134961 -0.000817346
0.134961 -0.000817346
0.134961 -0.000817346
0.134961 -0.000817346
0.134961 -0.000817346
0.134961 -0.000817346
0.134961 -0.000817346
0.134961 -0.000817346
0.134961 -0.000817346
0.134961 -0.000817346
0.134961 -0.000817346
0.134961 -0.000817346
0.134961 -0.000817346
0.134961 -0.000817346
-0.162639 0.00159707
BezierPoints 10
-0.119828 0.256629
-0.0847054 0.281977
-0.165339 0.138596
-0.123678 0.126744
0.0148364 0.0873385
0.0881848 -0.0092297
-0.0202728 -0.00834979
-0.0845852 -0.161274
-0.257644 0.157164
-0.119828 0.256629
P 0.0124969 5.55478 -0.0215362
T 0 -0.657736 0.753249
N 0 0.753249 0.657736
B 1 0 0
SketchPoints 145
0.00705882 -0.154771
0.0070589 -0.154771
0.0070589 -0.154771
0.0070589 -0.154771
0.0070589 -0.154771
0.0070589 -0.154771
0.0070589 -0.154771
0.0070589 -0.154771
-0.0276517 -0.181441
-0.00399102 -0.186622
0.00673224 -0.188223
0.0161886 -0.182988
0.0161886 -0.182988
0.0172956 -0.180731
0.0626778 -0.182284
0.0885975 -0.179931
0.0955941 -0.176094
0.0966481 -0.174506
0.099087 -0.170831
0.105201 -0.164449
0.137836 -0.166236
0.143545 -0.165898
0.150914 -0.165137
0.188124 -0.196163
0.192319 -0.199074
0.194088 -0.199314
0.195444 -0.196774
0.19574 -0.195397
0.19574 -0.195397
0.19574 -0.195397
0.19574 -0.195397
0.19574 -0.195397
0.19574 -0.195397
0.19574 -0.195397
0.19574 -0.195397
0.19574 -0.195397
0.19574 -0.195397
0.19574 -0.195397
0.19574 -0.195397
0.19574 -0.195397
0.19574 -0.195397
0.19574 -0.195397
0.19574 -0.195397
0.19574 -0.195397
0.19574 -0.195397
0.19574 -0.195397
0.19574 -0.195397
0.19574 -0.195397
0.19574 -0.195397
0.19574 -0.195397
0.19574 -0.195397
0.19574 -0.195397
0.19574 -0.195397
0.19574 -0.195397
0.19574 -0.195397
0.19574 -0.195397
0.19574 -0.195397
0.256629 -0.119828
0.262015 -0.103569
0.262015 -0.103569
0.203606 -0.0919096
0.160572 -0.105919
0.126744 -0.123678
0.126744 -0.123678
0.126744 -0.123678
0.126744 -0.123678
0.126744 -0.123678
0.126744 -0.123678
0.126744 -0.123678
0.126744 -0.123678
0.126744 -0.123678
0.126744 -0.123678
0.126744 -0.123678
0.126744 -0.123678
0.126744 -0.123678
0.126744 -0.123678
0.126744 -0.123678
0.126744 -0.123678
0.126744 -0.123678
0.126744 -0.123678
0.126744 -0.123678
0.126744 -0.123678
0.126744 -0.123678
0.126744 -0.123678
0.126744 -0.123678
0.126744 -0.123678
0.126744 -0.123678
0.126744 -0.123678
0.126744 -0.123678
0.126744 -0.123678
0.126744 -0.123678
0.126744 -0.123678
0.126744 -0.123678
0.126744 -0.123678
0.126744 -0.123678
0.126744 -0.123678
0.126744 -0.123678
0.126744 -0.123678
0.126744 -0.123678
0.126744 -0.123678
0.126744 -0.123678
0.126744 -0.123678
0.126744 -0.123678
0.126744 -0.123678
0.126744 -0.123678
0.126744 -0.123678
0.126744 -0.123678
0.126744 -0.123678
0.0640153 0.120851
0.0639175 0.135875
0.0639065 0.140416
0.0546899 0.158384
0.0237643 0.147429
0.0112893 0.137267
0.000142815 0.13529
-0.000817212 0.134961
-0.000817212 0.134961
-0.000817212 0.134961
-0.000817212 0.134961
-0.000817212 0.134961
-0.000817212 0.134961
-0.000817212 0.134961
-0.000817212 0.134961
-0.000817212 0.134961
-0.000817212 0.134961
-0.000817212 0.134961
-0.000817212 0.134961
-0.000817212 0.134961
-0.000817212 0.134961
-0.000817212 0.134961
-0.000817212 0.134961
-0.000817212 0.134961
-0.000817212 0.134961
-0.000817212 0.134961
-0.000817212 0.134961
-0.000817212 0.134961
-0.000817212 0.134961
-0.000817212 0.134961
-0.000817212 0.134961
-0.000817212 0.134961
-0.000817212 0.134961
-0.000817212 0.134961
-0.000817212 0.134961
-0.000817212 0.134961
0.00159708 -0.162639
BezierPoints 10
0.256629 -0.119828
0.281978 -0.0847054
0.138596 -0.165339
0.126744 -0.123678
0.0873384 0.0148364
-0.00922964 0.0881848
-0.00834964 -0.0202728
-0.161274 -0.0845852
0.157164 -0.257644
0.256629 -0.119828
P -0.0125 4.33713 0.391469
T 1 0 0
N 0 -0.947526 0.319678
B 0 0.319678 0.947526
SketchPoints 59
-0.178268 0.173523
-0.194198 0.166638
-0.205877 0.161591
-0.227505 0.151035
-0.264243 0.125479
-0.309167 0.0934494
-0.304142 0.0969533
-0.295266 0.103143
-0.2864 0.109326
-0.280037 0.113764
-0.265961 0.124205
-0.250056 0.142599
-0.250056 0.142599
-0.250056 0.142599
-0.250056 0.142599
-0.250056 0.142599
-0.250056 0.142599
-0.250056 0.142599
-0.250056 0.142599
-0.250056 0.142599
-0.250056 0.142599
-0.244711 0.144373
-0.239059 0.146249
-0.233596 0.148063
-0.205877 0.161591
-0.186113 0.170133
-0.179228 0.173108
-0.173652 0.175518
-0.166434 0.180232
-0.11834 0.210008
-0.340304 0.65926
-0.321399 0.715977
-0.283587 0.75379
-0.22687 0.772695
-0.170153 0.772695
-0.113436 0.772695
-0.056719 0.772695
-1.81422e-06 0.75379
0.0567153 0.75379
0.0945269 0.715969
0.151244 0.697073
0.189056 0.659262
0.207962 0.602543
0.226867 0.545829
0.226868 0.48911
-0.00176825 0.386724
-0.00176825 0.386724
-0.00176825 0.386724
-0.00174034 0.383761
-0.00211946 0.38003
-0.00213984 0.379829
-0.00213984 0.379829
-0.00213984 0.379829
-0.00213984 0.379829
-0.00213984 0.379829
-0.00213984 0.379829
-0.00213984 0.379829
0.149752 0.1762
0.186314 0.151454
BezierPoints 10
0.0150955 -0.0995491
0.157139 -0.0795786
0.0678037 0.113273
0.00696942 0.333901
0.0024966 0.350123
-0.0501267 0.234076
-0.0743043 0.117816
-0.098482 0.00155604
-0.0942141 -0.114917
0.0150955 -0.0995491
P -0.0125 1.93111 -0.0275426
T 1 0 0
N 0 -0.503826 -0.863805
B 0 -0.863805 0.503826
SketchPoints 57
0.0789529 0.0837813
0.0717115 0.0991021
0.0644753 0.114412
0.057228 0.129745
0.0499877 0.145064
0.0481881 0.148871
0.039775 0.162454
0.039775 0.162454
0.039775 0.162454
0.0332057 0.168371
0.0105878 0.195712
0.00145219 0.207137
-0.00585759 0.216279
-0.0124969 0.224583
-0.0124969 0.224583
-0.0124969 0.224583
-0.0124969 0.224583
-0.0124969 0.224583
-0.0124969 0.224583
-0.0124969 0.224583
-0.0124969 0.224583
-0.0124969 0.224583
-0.0124969 0.224583
-0.0124969 0.224583
-0.0124969 0.224583
-0.0124969 0.224583
-0.0124969 0.224583
-0.0124969 0.224583
-0.0124969 0.224583
-0.0124969 0.224583
-0.0124969 0.224583
-0.0124969 0.224583
-0.0124969 0.224583
-0.0136136 0.223201
-0.0227675 0.211876
-0.0319465 0.20052
-0.0485099 0.180028
-0.0560243 0.170731
-0.0650422 0.162661
-0.0677138 0.15835
-0.0731599 0.149561
-0.0773838 0.140568
-0.0845949 0.125214
-0.0918131 0.109845
-0.0990201 0.0944997
-0.0956328 0.101712
-0.102845 0.0863557
-0.12091 0.0478926
-0.114624 -0.00148165
-0.10665 -0.0544079
-0.102529 -0.0714341
-0.100306 -0.0806183
-0.0949744 -0.0999627
-0.0936511 -0.104764
-0.0923278 -0.109565
-0.0910045 -0.114367
-0.0896811 -0.119168
BezierPoints 10
-0.0997355 -0.0952645
-0.0594149 0.160923
0.0512693 0.151276
0.0994793 -0.0621106
0.126057 -0.179749
0.173223 -0.313778
0.0896842 -0.31988
-0.215974 -0.342205
-0.111556 -0.17037
-0.0997355 -0.0952645
P -0.0125 4.094 0.527486
T 1 0 0
N 0 -0.999904 -0.013868
B 0 -0.013868 0.999904
SketchPoints 0
BezierPoints 10
0.0233831 -0.12403
0.158926 -0.105601
0.0742763 0.0807152
0.0172483 0.2899
0.00791578 0.328029
-0.0511587 0.225948
-0.07713 0.0941405
-0.0999347 -0.0175468
-0.107743 -0.140171
0.0233831 -0.12403
P -0.0125 3.81477 0.532742
T 1 0 0
N 0 -0.904056 -0.427414
B 0 -0.427414 0.904056
SketchPoints 0
BezierPoints 10
0.0316708 -0.148511
0.160713 -0.131623
0.0807489 0.0481572
0.0275272 0.245899
0.013335 0.305935
-0.0521907 0.21782
-0.0799557 0.0704648
-0.101387 -0.0366497
-0.121272 -0.165426
0.0316708 -0.148511
P -0.0125 3.53304 0.52523
T 1 0 0
N 0 -0.832992 -0.553284
B 0 -0.553284 0.832992
SketchPoints 0
BezierPoints 10
0.0399584 -0.172993
0.1625 -0.157645
0.0872215 0.0155992
0.037806 0.201897
0.0187542 0.283841
-0.0532227 0.209692
-0.0827814 0.0467892
-0.10284 -0.0557526
-0.134801 -0.19068
0.0399584 -0.172993
P -0.0125 3.26487 0.442241
T 1 0 0
N 0 -0.580681 -0.814131
B 0 -0.814131 0.580681
SketchPoints 0
BezierPoints 10
0.048246 -0.197474
0.164287 -0.183667
0.0936941 -0.0169588
0.0480849 0.157896
0.0241733 0.261747
-0.0542548 0.201564
-0.0856071 0.0231136
-0.104293 -0.0748555
-0.148329 -0.215934
0.048246 -0.197474
P -0.0125 3.01674 0.311995
T 1 0 0
N 0 -0.435666 -0.900108
B 0 -0.900108 0.435666
SketchPoints 0
BezierPoints 10
0.0565337 -0.221955
0.166075 -0.20969
0.100167 -0.0495168
0.0583638 0.113895
0.0295925 0.239653
-0.0552868 0.193436
-0.0884327 -0.000562015
-0.105745 -0.0939584
-0.161858 -0.241188
0.0565337 -0.221955
P -0.0125 2.76887 0.179432
T 1 0 0
N 0 -0.434204 -0.900815
B 0 -0.900815 0.434204
SketchPoints 0
BezierPoints 10
0.0648213 -0.246436
0.167862 -0.235712
0.106639 -0.0820748
0.0686427 0.0698934
0.0350117 0.217559
-0.0563188 0.185308
-0.0912584 -0.0242376
-0.107198 -0.113061
-0.175387 -0.266442
0.0648213 -0.246436
P -0.0125 2.50173 0.0829286
T 1 0 0
N 0 -0.501891 -0.864931
B 0 -0.864931 0.501891
SketchPoints 0
BezierPoints 10
0.0731089 -0.270918
0.169649 -0.261734
0.113112 -0.114633
0.0789215 0.025892
0.0404309 0.195465
-0.0573508 0.177179
-0.0940841 -0.0479132
-0.108651 -0.132164
-0.188916 -0.291696
0.0731089 -0.270918
P -0.0125 2.22886 0.0181205
T 1 0 0
N 0 -0.513993 -0.857794
B 0 -0.857794 0.513993
SketchPoints 0
BezierPoints 10
0.0813966 -0.295399
0.171436 -0.287756
0.119584 -0.147191
0.0892004 -0.0181093
0.0458501 0.17337
-0.0583829 0.169051
-0.0969098 -0.0715889
-0.110103 -0.151267
-0.202445 -0.31695
0.0813966 -0.295399
