HeaderParameters 1
PlaneSketch 21
P 0 3 0
T 0 0 -1
N 1 0 0
B 0 1 0
SketchPoints 142
-0.170132 2.41021
-0.226843 2.44802
-0.274102 2.46692
-0.349716 2.48582
-0.453686 2.50473
-0.519849 2.51418
-0.595463 2.51418
-0.671078 2.52363
-0.765595 2.52363
-0.850662 2.52363
-0.954631 2.51418
-1.0586 2.50473
-1.16257 2.49527
-1.27599 2.47637
-1.38941 2.45747
-1.50284 2.42911
-1.62571 2.40076
-1.73913 2.36295
-1.862 2.32514
-1.98488 2.27788
-2.10775 2.23062
-2.22117 2.18336
-2.33459 2.12665
-2.44802 2.06994
-2.55199 2.01323
-2.65595 1.94707
-2.75992 1.88091
-2.86389 1.80529
-2.95841 1.72968
-3.04348 1.64461
-3.138 1.55955
-3.21361 1.46503
-3.29868 1.37051
-3.37429 1.27599
-3.431 1.17202
-3.49716 1.06805
-3.54442 0.964083
-3.58223 0.860113
-3.61059 0.756144
-3.63894 0.652174
-3.64839 0.557656
-3.64839 0.453686
-3.64839 0.359168
-3.62949 0.26465
-3.61059 0.179584
-3.58223 0.0850661
-3.53497 0
-3.49716 -0.0850661
-3.44045 -0.170132
-3.37429 -0.245747
-3.30813 -0.321361
-3.23251 -0.387524
-3.14745 -0.453686
-3.05293 -0.519849
-2.95841 -0.586011
-2.85444 -0.642722
-2.75047 -0.689981
-2.63705 -0.73724
-2.51418 -0.784499
-2.3913 -0.822306
-2.25898 -0.860113
-2.12665 -0.897921
-1.99433 -0.926276
-1.862 -0.954631
-1.72023 -0.982987
-1.569 -1.00189
-1.42722 -1.03025
-1.27599 -1.04915
-1.12476 -1.0586
-0.964083 -1.06805
-0.803403 -1.06805
-0.642722 -1.06805
-0.482042 -1.0586
-0.321361 -1.0397
-0.151229 -1.02079
0.0189036 -1.00189
0.179584 -0.973535
0.340265 -0.935728
0.500945 -0.907372
0.661626 -0.869565
0.812854 -0.831758
0.964083 -0.793951
1.11531 -0.756144
1.25709 -0.708885
1.39887 -0.661626
1.53119 -0.604915
1.67297 -0.548204
1.80529 -0.482042
1.93762 -0.415879
2.06049 -0.349716
2.17391 -0.274102
2.28733 -0.207939
2.3913 -0.132325
2.48582 -0.0661626
2.57089 0
2.6465 0.0756145
2.72212 0.141777
2.77883 0.207939
2.83554 0.283554
2.8828 0.359168
2.93006 0.434783
2.95841 0.510397
2.98677 0.57656
3.01512 0.652174
3.02457 0.727788
3.03403 0.793951
3.03403 0.869565
3.02457 0.945179
3.01512 1.01134
2.99622 1.08696
2.97732 1.16257
2.95841 1.23819
2.93006 1.30435
2.91115 1.37996
2.8828 1.44612
2.85444 1.51229
2.82609 1.57845
2.79773 1.64461
2.75992 1.70132
2.72212 1.76749
2.67486 1.8242
2.6276 1.89036
2.57089 1.94707
2.51418 2.00378
2.45747 2.06049
2.3913 2.10775
2.32514 2.16446
2.25898 2.22117
2.19282 2.26843
2.12665 2.31569
2.05104 2.36295
1.98488 2.41021
1.90926 2.45747
1.83365 2.49527
1.75803 2.54253
1.67297 2.58034
1.59735 2.6087
1.51229 2.63705
1.41777 2.65595
1.32325 2.66541
1.22873 2.67486
1.12476 2.67486
BezierPoints 28
-0.612236 2.76758
-1.41004 2.9989
-2.28343 2.90241
-2.82468 2.33384
-3.28424 1.8511
-3.61722 1.47502
-3.52295 0.564077
-3.46867 0.0396411
-3.12675 -0.218056
-2.55701 -0.439812
-1.98687 -0.661725
-1.28286 -0.762226
-0.560863 -0.777747
0.16113 -0.793268
1.07929 -0.560209
1.65995 -0.236301
2.03275 -0.0283451
2.37409 0.0602997
2.62182 0.424702
2.93379 0.883586
2.97714 1.34026
2.60012 1.82337
2.2231 2.30647
1.58872 2.73918
1.07407 2.73918
0.743654 2.73918
-0.252951 2.6634
-0.612236 2.76758
P 0 5.14042 0.760017
T -1 0 0
N 0 -0.101007 -0.994886
B 0 0.994886 -0.101007
SketchPoints 168
0.283554 0.580296
0.340265 0.580296
0.406427 0.580296
0.482042 0.570839
0.548204 0.570839
0.604915 0.561389
0.671078 0.542489
0.727788 0.533036
0.775047 0.514133
0.822306 0.495227
0.869565 0.466875
0.916824 0.438519
0.964083 0.410161
1.01134 0.381808
1.06805 0.353448
1.12476 0.315645
1.18147 0.277835
1.23819 0.240032
1.28544 0.202221
1.3327 0.164417
1.37051 0.126607
1.40832 0.0793504
1.45558 0.0320928
1.49338 -0.0151703
1.53119 -0.052974
1.55009 -0.100234
1.57845 -0.147496
1.59735 -0.204202
1.61626 -0.251462
1.62571 -0.317625
1.62571 -0.374335
1.62571 -0.431049
1.62571 -0.487757
1.62571 -0.544468
1.62571 -0.601178
1.63516 -0.657889
1.63516 -0.714605
1.63516 -0.771311
1.63516 -0.828021
1.63516 -0.884732
1.63516 -0.941443
1.63516 -0.998157
1.63516 -1.05487
1.63516 -1.12103
1.64461 -1.18719
1.64461 -1.2439
1.65406 -1.31006
1.66352 -1.37622
1.66352 -1.44239
1.66352 -1.4991
1.66352 -1.55581
1.64461 -1.61252
1.63516 -1.66923
1.61626 -1.71649
1.5879 -1.77321
1.569 -1.82991
1.54064 -1.88662
1.51229 -1.94333
1.48393 -1.9906
1.44612 -2.0284
1.40832 -2.06621
1.37051 -2.10401
1.3327 -2.14182
1.28544 -2.17018
1.23819 -2.19853
1.19093 -2.22689
1.14367 -2.24579
1.09641 -2.27415
1.04915 -2.29305
1.00189 -2.31195
0.954632 -2.33086
0.907373 -2.34977
0.860114 -2.36866
0.812855 -2.38757
0.765595 -2.40648
0.718336 -2.42538
0.661626 -2.45373
0.614367 -2.47264
0.567108 -2.49154
0.510397 -2.51044
0.453686 -2.51989
0.396975 -2.52935
0.340265 -2.5388
0.283554 -2.54825
-0.283554 -2.54825
-0.340265 -2.5388
-0.396975 -2.52935
-0.453686 -2.51989
-0.510397 -2.51044
-0.567108 -2.49154
-0.614367 -2.47264
-0.661626 -2.45373
-0.718336 -2.42538
-0.765595 -2.40648
-0.812855 -2.38757
-0.860114 -2.36866
-0.907373 -2.34977
-0.954632 -2.33086
-1.00189 -2.31195
-1.04915 -2.29305
-1.09641 -2.27415
-1.14367 -2.24579
-1.19093 -2.22689
-1.23819 -2.19853
-1.28544 -2.17018
-1.3327 -2.14182
-1.37051 -2.10401
-1.40832 -2.06621
-1.44612 -2.0284
-1.48393 -1.9906
-1.51229 -1.94333
-1.54064 -1.88662
-1.569 -1.82991
-1.5879 -1.77321
-1.61626 -1.71649
-1.63516 -1.66923
-1.64461 -1.61252
-1.66352 -1.55581
-1.66352 -1.4991
-1.66352 -1.44239
-1.66352 -1.37622
-1.65406 -1.31006
-1.64461 -1.2439
-1.64461 -1.18719
-1.63516 -1.12103
-1.63516 -1.05487
-1.63516 -0.998157
-1.63516 -0.941443
-1.63516 -0.884732
-1.63516 -0.828021
-1.63516 -0.771311
-1.63516 -0.714605
-1.63516 -0.657889
-1.62571 -0.601178
-1.62571 -0.544468
-1.62571 -0.487757
-1.62571 -0.431049
-1.62571 -0.374335
-1.62571 -0.317625
-1.61626 -0.251462
-1.59735 -0.204202
-1.57845 -0.147496
-1.55009 -0.100234
-1.53119 -0.052974
-1.49338 -0.0151703
-1.45558 0.0320928
-1.40832 0.0793504
-1.37051 0.126607
-1.3327 0.164417
-1.28544 0.202221
-1.23819 0.240032
-1.18147 0.277835
-1.12476 0.315645
-1.06805 0.353448
-1.01134 0.381808
-0.964083 0.410161
-0.916824 0.438519
-0.869565 0.466875
-0.822306 0.495227
-0.775047 0.514133
-0.727788 0.533036
-0.671078 0.542489
-0.604915 0.561389
-0.548204 0.570839
-0.482042 0.570839
-0.406427 0.580296
-0.340265 0.580296
-0.283554 0.580296
BezierPoints 19
0.505209 0.836208
1.11422 0.830188
1.54188 0.358738
1.72579 -0.228832
1.90971 -0.816402
1.84988 -1.52009
1.48393 -1.9906
1.10304 -2.48032
0.261203 -2.55651
-0.283554 -2.54825
-2.18129 -2.51949
-2.27078 0.818929
-0.402671 0.818929
-0.331782 0.818929
-0.13435 0.921817
0.0267715 0.91605
0.187893 0.910282
0.435689 0.836896
0.505209 0.836208
P 0 5.30895 -1.16283
T -1 0 0
N 0 5.43717e-06 -1
B 0 1 5.43717e-06
SketchPoints 154
0.302457 0.39809
0.378072 0.39809
0.434783 0.388638
0.500945 0.379186
0.548204 0.360283
0.604915 0.350831
0.671078 0.331927
0.727788 0.30357
0.803403 0.275217
0.869565 0.23741
0.94518 0.199602
0.992439 0.180696
1.0775 0.142891
1.12476 0.114534
1.20983 0.067277
1.25709 0.0483713
1.3327 -0.0083375
1.40832 -0.0555964
1.47448 -0.121759
1.54064 -0.17847
1.60681 -0.244632
1.65406 -0.310795
1.70132 -0.386409
1.74858 -0.452572
1.78639 -0.528188
1.8242 -0.6038
1.85255 -0.679415
1.87146 -0.755029
1.89036 -0.830644
1.89981 -0.90626
1.89981 -0.981872
1.89036 -1.05749
1.88091 -1.12365
1.87146 -1.19926
1.862 -1.26543
1.85255 -1.33159
1.83365 -1.39775
1.81474 -1.45446
1.80529 -1.52062
1.78639 -1.57734
1.76749 -1.62459
1.74858 -1.68131
1.72968 -1.72856
1.71078 -1.77582
1.68242 -1.82308
1.64461 -1.87979
1.61626 -1.92705
1.57845 -1.97431
1.53119 -2.03102
1.49338 -2.07828
1.44613 -2.12554
1.40832 -2.16335
1.37051 -2.21061
1.32325 -2.23896
1.27599 -2.27677
1.20983 -2.30512
1.15312 -2.34293
1.10586 -2.38074
1.04915 -2.40909
0.992439 -2.4469
0.935728 -2.47526
0.888469 -2.50361
0.84121 -2.53197
0.793951 -2.56032
0.746692 -2.57923
0.699433 -2.59813
0.652174 -2.61703
0.595463 -2.63594
0.548204 -2.65484
0.500945 -2.67374
0.453686 -2.69265
0.396975 -2.7021
0.340265 -2.71155
0.283554 -2.721
0.226843 -2.721
0.170132 -2.721
0.122873 -2.73991
-0.122873 -2.73991
-0.170132 -2.721
-0.226843 -2.721
-0.283554 -2.721
-0.340265 -2.71155
-0.396975 -2.7021
-0.453686 -2.69265
-0.500945 -2.67374
-0.548204 -2.65484
-0.595463 -2.63594
-0.652174 -2.61703
-0.699433 -2.59813
-0.746692 -2.57923
-0.793951 -2.56032
-0.84121 -2.53197
-0.888469 -2.50361
-0.935728 -2.47526
-0.992439 -2.4469
-1.04915 -2.40909
-1.10586 -2.38074
-1.15312 -2.34293
-1.20983 -2.30512
-1.27599 -2.27677
-1.32325 -2.23896
-1.37051 -2.21061
-1.40832 -2.16335
-1.44613 -2.12554
-1.49338 -2.07828
-1.53119 -2.03102
-1.57845 -1.97431
-1.61626 -1.92705
-1.64461 -1.87979
-1.68242 -1.82308
-1.71078 -1.77582
-1.72968 -1.72856
-1.74858 -1.68131
-1.76749 -1.62459
-1.78639 -1.57734
-1.80529 -1.52062
-1.81474 -1.45446
-1.83365 -1.39775
-1.85255 -1.33159
-1.862 -1.26543
-1.87146 -1.19926
-1.88091 -1.12365
-1.89036 -1.05749
-1.89981 -0.981872
-1.89981 -0.90626
-1.89036 -0.830644
-1.87146 -0.755029
-1.85255 -0.679415
-1.8242 -0.6038
-1.78639 -0.528188
-1.74858 -0.452572
-1.70132 -0.386409
-1.65406 -0.310795
-1.60681 -0.244632
-1.54064 -0.17847
-1.47448 -0.121759
-1.40832 -0.0555964
-1.3327 -0.0083375
-1.25709 0.0483713
-1.20983 0.067277
-1.12476 0.114534
-1.0775 0.142891
-0.992439 0.180696
-0.94518 0.199602
-0.869565 0.23741
-0.803403 0.275217
-0.727788 0.30357
-0.671078 0.331927
-0.604915 0.350831
-0.548204 0.360283
-0.500945 0.379186
-0.434783 0.388638
-0.378072 0.39809
-0.302457 0.39809
BezierPoints 28
0.37188 0.444354
0.964497 0.444354
1.1293 0.435029
1.36818 0.130027
1.60705 -0.174975
1.85056 -0.821918
1.78334 -1.22282
1.71613 -1.62372
1.50778 -2.0203
1.18214 -2.308
0.856491 -2.59569
0.413544 -2.77451
-0.122873 -2.73991
-1.11918 -2.67563
-1.7257 -1.89113
-1.80232 -1.1227
-1.84064 -0.738485
-1.72837 -0.16484
-1.48423 0.119304
-1.24009 0.403447
-1.00573 0.426097
-0.444116 0.426097
-0.368502 0.426097
-0.129474 0.515914
-0.0160524 0.515914
0.0973692 0.515914
0.296266 0.444354
0.37188 0.444354
P -0.696711 3.21604 -1.16284
T 0 -5.43717e-06 1
N 0.995931 0.0901141 4.89965e-07
B 0.0901141 -0.995931 -1.4258e-05
SketchPoints 140
-0.255199 -0.0414497
-0.293005 -0.00364488
-0.340264 0.0152618
-0.36862 0.0625211
-0.406426 0.100327
-0.444234 0.138137
-0.472589 0.185394
-0.519848 0.21375
-0.548202 0.261009
-0.576558 0.308268
-0.604913 0.355531
-0.633268 0.40279
-0.671075 0.440595
-0.69943 0.487857
-0.737237 0.525662
-0.765592 0.572922
-0.803399 0.610731
-0.831754 0.657988
-0.869561 0.705248
-0.897917 0.752507
-0.935724 0.790316
-0.964079 0.837575
-1.00189 0.875385
-1.03969 0.913194
-1.06805 0.960456
-1.10585 0.998257
-1.13421 1.04552
-1.15311 1.09278
-1.17202 1.14004
-1.18147 1.19675
-1.18147 1.25346
-1.19092 1.31017
-1.19092 1.36688
-1.19092 1.42359
-1.19092 1.4803
-1.18147 1.53701
-1.18147 1.59372
-1.18147 1.65044
-1.18147 1.70714
-1.19092 1.76386
-1.20982 1.82057
-1.21927 1.87728
-1.23817 1.92454
-1.25708 1.9718
-1.28543 2.01905
-1.31379 2.06631
-1.35159 2.11357
-1.37995 2.16083
-1.40831 2.20809
-1.44611 2.24591
-1.47447 2.29317
-1.51227 2.33097
-1.55008 2.37823
-1.56898 2.42549
-1.58789 2.47275
-1.58789 2.52946
-1.57843 2.58617
-1.56898 2.64288
-1.55008 2.69014
-1.51227 2.7374
-1.46501 2.7563
-1.41775 2.7752
-1.3705 2.79411
-1.31378 2.80355
-1.25707 2.813
-1.20036 2.82246
-1.14365 2.83191
-1.08694 2.84136
-1.03023 2.84136
-0.973519 2.85081
-0.916809 2.86026
-0.860098 2.86971
-0.803387 2.86971
-0.756128 2.88862
-0.699417 2.90751
-0.642706 2.91697
-0.585995 2.91697
-0.529285 2.90751
-0.482026 2.88861
-0.463122 2.84135
-0.463123 2.78464
-0.482027 2.73738
-0.510382 2.69012
-0.538738 2.64286
-0.557642 2.58615
-0.567093 2.52944
-0.567094 2.47273
-0.567094 2.41602
-0.557643 2.35931
-0.557643 2.3026
-0.548192 2.24589
-0.53874 2.18918
-0.53874 2.13247
-0.529289 2.07576
-0.52929 2.01904
-0.52929 1.96233
-0.538741 1.90562
-0.538742 1.84891
-0.538742 1.7922
-0.538742 1.73549
-0.538743 1.67878
-0.538744 1.62207
-0.529292 1.56536
-0.519841 1.50865
-0.510388 1.45194
-0.491486 1.40468
-0.472582 1.34797
-0.453679 1.30071
-0.434776 1.25345
-0.406421 1.20619
-0.368614 1.15893
-0.330807 1.12112
-0.283548 1.09276
-0.236288 1.07386
-0.18903 1.05496
-0.141771 1.03605
-0.0850605 1.0266
-0.0283493 1.01715
0.0189096 0.998241
0.066168 0.97934
0.113427 0.950983
0.160686 0.922627
0.207945 0.884817
0.236299 0.837558
0.264655 0.790301
0.274106 0.733587
0.283558 0.676881
0.283557 0.620165
0.293009 0.563457
0.311912 0.516195
0.321364 0.459487
0.330815 0.402776
0.340267 0.346065
0.349718 0.289352
0.368622 0.232641
0.359169 0.175934
0.340266 0.128676
0.321361 0.0719608
0.302458 0.0247023
0.283554 -0.0225541
BezierPoints 31
-0.522248 -0.36057
-1.17013 0.28728
-1.02549 0.447133
-1.34365 1.18606
-1.37954 1.26942
-1.45301 2.04071
-1.53912 2.18472
-1.62524 2.32872
-1.58686 2.54104
-1.6361 2.66161
-1.73458 2.90274
-1.65946 3.01731
-1.68385 3.2342
-1.69038 3.2342
-0.662449 3.10011
-0.486164 3.10011
-0.42062 3.03263
-0.403101 2.78142
-0.510008 2.45063
-0.628323 2.08455
-0.401546 1.56716
-0.319634 1.40333
-0.192578 1.1492
0.056369 0.949837
0.248628 0.805463
0.440887 0.661089
0.461318 0.421825
0.283554 -0.0225541
0.233498 -0.147685
-0.426948 -0.455866
-0.522248 -0.36057
P 0.917153 3.2079 -1.16283
T 0 -5.43717e-06 1
N 1 -1.48567e-07 -8.07781e-13
B -1.48567e-07 -1 0
SketchPoints 144
-0.255198 0.0232329
-0.274102 0.0704908
-0.293005 0.117751
-0.311908 0.174461
-0.32136 0.231171
-0.340263 0.287883
-0.349715 0.344594
-0.368618 0.391852
-0.387521 0.439112
-0.406424 0.48637
-0.425328 0.543082
-0.434779 0.599792
-0.453683 0.64705
-0.463135 0.703762
-0.463134 0.760473
-0.453682 0.817184
-0.44423 0.873893
-0.425326 0.921154
-0.406422 0.968411
-0.387518 1.01567
-0.368614 1.06293
-0.340259 1.11019
-0.311903 1.15745
-0.283548 1.20471
-0.255192 1.25197
-0.226836 1.29922
-0.19848 1.34648
-0.170125 1.39374
-0.141769 1.441
-0.103962 1.47881
-0.0756065 1.52607
-0.0377986 1.57333
-0.00944341 1.62059
0.0189128 1.66784
0.0378161 1.7151
0.0661723 1.76236
0.0945279 1.80962
0.122884 1.85688
0.141787 1.90414
0.160691 1.9514
0.179595 1.99866
0.198499 2.04592
0.217403 2.10263
0.236306 2.15934
0.245759 2.21605
0.264663 2.26331
0.274115 2.32002
0.283567 2.37673
0.293019 2.43344
0.293019 2.49015
0.293019 2.54686
0.29302 2.60357
0.274117 2.65083
0.264665 2.70754
0.245762 2.7548
0.226858 2.80206
0.198503 2.84932
0.170148 2.89658
0.151244 2.94384
0.113438 2.98164
0.0945346 3.03836
0.0945349 3.09507
0.113439 3.14233
0.141794 3.18958
0.179602 3.23684
0.226861 3.25575
0.27412 3.27465
0.330831 3.2841
0.387542 3.2841
0.444252 3.29355
0.500963 3.29355
0.557674 3.30301
0.614385 3.30301
0.680547 3.31246
0.737258 3.30301
0.793969 3.30301
0.85068 3.29355
0.90739 3.2841
0.954649 3.2652
1.00191 3.23684
1.04917 3.21794
1.09643 3.19904
1.13423 3.16123
1.18149 3.13287
1.20985 3.08561
1.24765 3.04781
1.27601 3.00055
1.29491 2.95329
1.31382 2.90603
1.31382 2.84932
1.31381 2.79261
1.31381 2.7359
1.30436 2.67919
1.28546 2.63193
1.26655 2.58467
1.24765 2.53741
1.20984 2.49015
1.18149 2.44289
1.14368 2.40509
1.10587 2.36728
1.05861 2.33892
1.02081 2.30112
0.982999 2.26331
0.945192 2.2255
0.907384 2.18769
0.879029 2.14043
0.850673 2.09318
0.822317 2.04592
0.793962 1.99866
0.765606 1.9514
0.727799 1.90414
0.708895 1.85688
0.680539 1.80962
0.652184 1.76236
0.63328 1.7151
0.614376 1.66784
0.604924 1.61113
0.595472 1.55442
0.595471 1.49771
0.586019 1.441
0.576567 1.38429
0.567115 1.32758
0.557663 1.27087
0.548211 1.21416
0.538759 1.15745
0.529307 1.10074
0.519854 1.03457
0.50095 0.987316
0.491499 0.930605
0.482046 0.873893
0.463142 0.807731
0.45369 0.75102
0.444238 0.69431
0.434786 0.6376
0.425334 0.580888
0.415882 0.524177
0.415882 0.467467
0.415881 0.410757
0.425333 0.354046
0.425333 0.297334
0.434784 0.240624
0.434784 0.183913
0.41588 0.127203
0.387524 0.0799437
BezierPoints 34
-0.48825 -0.314413
-0.699923 -0.122341
-0.721657 -0.0162501
-0.662621 0.314433
-0.603585 0.645116
-0.590481 1.26045
-0.55455 1.4343
-0.518619 1.60814
-0.432766 1.79801
-0.352506 1.94612
-0.255076 2.12591
-0.227865 2.22932
-0.0994136 2.5149
-0.0463864 2.63279
-0.113197 2.78597
-0.149204 2.92307
-0.18521 3.06017
-0.182981 3.17754
0.0304238 3.2129
0.371712 3.2129
1.22749 3.2129
1.22665 3.2129
1.17983 2.84423
1.17229 2.8163
1.00399 2.54293
0.83707 2.2718
0.488131 1.44246
0.568696 1.25495
0.706388 0.934482
0.866859 0.248105
0.703331 -0.0244403
0.62034 -0.162758
-0.34912 -0.440659
-0.48825 -0.314413
P 0 5.22745 2.28509
T -1 0 0
N 0 -0.0250084 -0.999687
B 0 0.999687 -0.0250084
SketchPoints 134
-0.264651 0.37004
-0.321361 0.360587
-0.36862 0.341685
-0.415879 0.303877
-0.463138 0.275523
-0.510397 0.247167
-0.557656 0.228263
-0.614367 0.199907
-0.671078 0.181003
-0.727789 0.152648
-0.784499 0.124294
-0.84121 0.0959383
-0.888469 0.0675833
-0.935728 0.0297759
-0.982987 -0.00803239
-1.03025 -0.0552903
-1.08696 -0.10255
-1.12476 -0.140357
-1.16257 -0.178164
-1.20983 -0.244326
-1.24764 -0.291587
-1.28544 -0.338845
-1.30435 -0.386103
-1.3327 -0.433362
-1.35161 -0.490073
-1.37051 -0.565689
-1.37996 -0.631851
-1.37996 -0.698012
-1.38941 -0.773627
-1.37996 -0.839792
-1.37996 -0.915404
-1.37051 -0.991018
-1.35161 -1.05718
-1.34216 -1.11389
-1.3327 -1.1706
-1.3138 -1.24622
-1.2949 -1.32183
-1.27599 -1.38799
-1.25709 -1.43525
-1.24764 -1.49196
-1.22873 -1.56758
-1.21928 -1.62429
-1.20038 -1.6999
-1.18147 -1.74716
-1.16257 -1.79442
-1.14367 -1.85113
-1.10586 -1.9173
-1.07751 -1.96455
-1.0397 -2.01181
-1.00189 -2.05907
-0.964083 -2.09688
-0.926276 -2.13469
-0.869566 -2.17249
-0.831758 -2.2103
-0.784499 -2.24811
-0.746692 -2.28591
-0.699433 -2.32372
-0.652174 -2.35208
-0.604915 -2.37098
-0.557656 -2.40879
-0.500946 -2.41824
-0.453686 -2.43714
-0.396976 -2.45605
-0.340265 -2.4655
-0.293006 -2.4844
-0.236295 -2.49385
-0.189036 -2.51276
0.189036 -2.51276
0.236295 -2.49385
0.293006 -2.4844
0.340265 -2.4655
0.396976 -2.45605
0.453686 -2.43714
0.500946 -2.41824
0.557656 -2.40879
0.604915 -2.37098
0.652174 -2.35208
0.699433 -2.32372
0.746692 -2.28591
0.784499 -2.24811
0.831758 -2.2103
0.869566 -2.17249
0.926276 -2.13469
0.964083 -2.09688
1.00189 -2.05907
1.0397 -2.01181
1.07751 -1.96455
1.10586 -1.9173
1.14367 -1.85113
1.16257 -1.79442
1.18147 -1.74716
1.20038 -1.6999
1.21928 -1.62429
1.22873 -1.56758
1.24764 -1.49196
1.25709 -1.43525
1.27599 -1.38799
1.2949 -1.32183
1.3138 -1.24622
1.3327 -1.1706
1.34216 -1.11389
1.35161 -1.05718
1.37051 -0.991018
1.37996 -0.915404
1.37996 -0.839792
1.38941 -0.773627
1.37996 -0.698012
1.37996 -0.631851
1.37051 -0.565689
1.35161 -0.490073
1.3327 -0.433362
1.30435 -0.386103
1.28544 -0.338845
1.24764 -0.291587
1.20983 -0.244326
1.16257 -0.178164
1.12476 -0.140357
1.08696 -0.10255
1.03025 -0.0552903
0.982987 -0.00803239
0.935728 0.0297759
0.888469 0.0675833
0.84121 0.0959383
0.784499 0.124294
0.727789 0.152648
0.671078 0.181003
0.614367 0.199907
0.557656 0.228263
0.510397 0.247167
0.463138 0.275523
0.415879 0.303877
0.36862 0.341685
0.321361 0.360587
0.264651 0.37004
BezierPoints 25
-0.349509 0.508196
-0.928727 0.4399
-1.10844 0.504195
-1.36954 0.205041
-1.63064 -0.0941132
-1.80861 -0.929172
-1.76752 -1.30391
-1.68533 -2.05339
-1.09433 -2.76448
0.0403317 -2.77013
1.05931 -2.7752
1.64561 -2.09712
1.71206 -1.36429
1.74528 -0.99788
1.51406 -0.199035
1.27646 0.116203
1.03886 0.431442
0.825408 0.385497
0.295187 0.492462
0.230331 0.505545
0.0847384 0.562785
-0.014946 0.561451
-0.11463 0.560117
-0.283802 0.515944
-0.349509 0.508196
P 0 4.53637 -2.03472
T -1 0 0
N 0 -0.54896 -0.835848
B 0 0.835848 -0.54896
SketchPoints 140
0.141781 -0.221281
0.18904 -0.240204
0.236299 -0.259107
0.283558 -0.27801
0.340268 -0.296913
0.406431 -0.306348
0.463142 -0.306348
0.519853 -0.306348
0.586015 -0.306365
0.642726 -0.306365
0.699437 -0.296913
0.765599 -0.287462
0.831762 -0.268558
0.879021 -0.249655
0.945183 -0.230732
0.992442 -0.202378
1.04915 -0.174041
1.10586 -0.145686
1.15312 -0.10786
1.20983 -0.0700713
1.26654 -0.0228133
1.3138 0.0149955
1.36106 0.0717049
1.40832 0.118982
1.44613 0.175674
1.48394 0.222952
1.52174 0.279644
1.5501 0.336373
1.57845 0.393082
1.59736 0.440359
1.61626 0.497052
1.63516 0.563201
1.64462 0.629382
1.65407 0.704977
1.65407 0.77114
1.64462 0.82785
1.63516 0.894013
1.62571 0.960193
1.61626 1.02634
1.59736 1.08307
1.58791 1.13976
1.569 1.19647
1.54065 1.24373
1.51229 1.29101
1.48394 1.33825
1.44613 1.37607
1.39887 1.42331
1.34216 1.47057
1.2949 1.50841
1.24764 1.5462
1.20038 1.57456
1.14367 1.60293
1.08696 1.64072
1.0397 1.67853
0.992442 1.71634
0.945183 1.75413
0.897924 1.77303
0.850665 1.79193
0.793955 1.80138
0.746696 1.82031
0.689985 1.82976
0.633274 1.83919
0.576563 1.83919
0.519852 1.82976
0.463142 1.82976
0.406431 1.82976
0.34972 1.82031
0.293009 1.81086
0.236299 1.82031
0.18904 1.80138
-0.18904 1.80138
-0.236299 1.82031
-0.293009 1.81086
-0.34972 1.82031
-0.406431 1.82976
-0.463142 1.82976
-0.519852 1.82976
-0.576563 1.83919
-0.633274 1.83919
-0.689985 1.82976
-0.746696 1.82031
-0.793955 1.80138
-0.850665 1.79193
-0.897924 1.77303
-0.945183 1.75413
-0.992442 1.71634
-1.0397 1.67853
-1.08696 1.64072
-1.14367 1.60293
-1.20038 1.57456
-1.24764 1.5462
-1.2949 1.50841
-1.34216 1.47057
-1.39887 1.42331
-1.44613 1.37607
-1.48394 1.33825
-1.51229 1.29101
-1.54065 1.24373
-1.569 1.19647
-1.58791 1.13976
-1.59736 1.08307
-1.61626 1.02634
-1.62571 0.960193
-1.63516 0.894013
-1.64462 0.82785
-1.65407 0.77114
-1.65407 0.704977
-1.64462 0.629382
-1.63516 0.563201
-1.61626 0.497052
-1.59736 0.440359
-1.57845 0.393082
-1.5501 0.336373
-1.52174 0.279644
-1.48394 0.222952
-1.44613 0.175674
-1.40832 0.118982
-1.36106 0.0717049
-1.3138 0.0149955
-1.26654 -0.0228133
-1.20983 -0.0700713
-1.15312 -0.10786
-1.10586 -0.145686
-1.04915 -0.174041
-0.992442 -0.202378
-0.945183 -0.230732
-0.879021 -0.249655
-0.831762 -0.268558
-0.765599 -0.287462
-0.699437 -0.296913
-0.642726 -0.306365
-0.586015 -0.306365
-0.519853 -0.306348
-0.463142 -0.306348
-0.406431 -0.306348
-0.340268 -0.296913
-0.283558 -0.27801
-0.236299 -0.259107
-0.18904 -0.240204
-0.141781 -0.221281
BezierPoints 13
0.141781 -0.221281
0.975792 -0.555227
1.05094 0.170971
0.997051 0.910129
0.978273 1.16771
0.0250776 1.48037
-0.569811 1.1115
-1.12967 0.764348
-1.48729 -0.760034
-0.141781 -0.221281
-0.07597 -0.19493
0.07597 -0.19493
0.141781 -0.221281
P 0.0163918 5.17417 -2.45361
T 0 0.54896 0.835848
N -0.999202 0.0333918 -0.0219307
B 0.0399495 0.83518 -0.548525
SketchPoints 207
0.262206 0.106724
0.311859 0.130641
0.361512 0.154559
0.400562 0.196762
0.439607 0.238955
0.470756 0.286347
0.507098 0.341634
0.530351 0.394219
0.5536 0.446798
0.56376 0.496673
0.558125 0.55693
0.565579 0.619895
0.559944 0.680154
0.562207 0.735219
0.57756 0.792994
0.579824 0.848063
0.579378 0.916217
0.58164 0.971282
0.576003 1.03154
0.570369 1.0918
0.559542 1.14416
0.535625 1.19381
0.506517 1.23557
0.477407 1.27732
0.42731 1.32156
0.377213 1.3658
0.329821 1.39695
0.282433 1.4281
0.216759 1.44864
0.164178 1.47189
0.114304 1.48206
0.0513396 1.48951
-0.0037268 1.49177
-0.0718838 1.49133
-0.140038 1.49089
-0.200298 1.48525
-0.252655 1.47443
-0.312916 1.46879
-0.373174 1.46315
-0.433432 1.45752
-0.490984 1.43879
-0.551241 1.43316
-0.6036 1.42233
-0.661151 1.40361
-0.718701 1.38488
-0.768354 1.36096
-0.818007 1.33705
-0.86766 1.31313
-0.917313 1.28921
-0.966965 1.2653
-1.01933 1.25446
-1.07169 1.24364
-1.13714 1.2301
-1.19469 1.21138
-1.26014 1.19784
-1.31769 1.17912
-1.37005 1.16829
-1.44069 1.14686
-1.49824 1.12814
-1.55579 1.10941
-1.61334 1.09068
-1.66819 1.05887
-1.71784 1.03495
-1.75689 0.992754
-1.79593 0.950556
-1.83498 0.908356
-1.86613 0.860966
-1.90248 0.805675
-1.93092 0.745199
-1.96726 0.689909
-1.9957 0.629429
-2.01895 0.576849
-2.04739 0.516367
-2.07583 0.455888
-2.086 0.406014
-2.11444 0.345532
-2.1246 0.295657
-2.13476 0.245781
-2.14222 0.182816
-2.15238 0.132941
-2.15983 0.0699797
-2.16999 0.0201034
-2.17745 -0.042859
-2.18761 -0.0927352
-2.19777 -0.142611
-2.20793 -0.192486
-2.21809 -0.242362
-2.23344 -0.300135
-2.2488 -0.357909
-2.27205 -0.410487
-2.2874 -0.468262
-2.30275 -0.526037
-2.326 -0.578618
-2.34655 -0.644288
-2.37499 -0.704768
-2.39034 -0.762543
-2.41878 -0.823021
-2.45513 -0.878313
-2.48357 -0.938791
-2.51991 -0.994081
-2.55625 -1.04937
-2.59259 -1.10466
-2.63683 -1.15475
-2.67317 -1.21004
-2.71222 -1.25224
-2.75397 -1.28135
-2.79302 -1.32355
-2.84787 -1.35536
-2.89752 -1.37928
-2.95236 -1.41109
-3.00202 -1.43501
-3.05957 -1.45374
-3.11712 -1.47246
-3.16948 -1.48329
-3.23493 -1.49683
-3.29519 -1.50246
-3.35025 -1.5002
-3.40532 -1.49793
-3.4579 -1.47468
-3.51838 -1.44624
-3.56577 -1.41509
-3.60797 -1.37604
-3.65017 -1.337
-3.69507 -1.28486
-3.71899 -1.23521
-3.73771 -1.17765
-3.76163 -1.128
-3.78555 -1.07835
-3.81736 -1.0235
-3.84647 -0.98175
-3.87039 -0.932095
-3.91259 -0.893047
-3.97036 -0.877696
-4.02002 -0.901612
-4.05906 -0.943811
-4.08231 -0.996392
-4.11076 -1.05687
-4.14191 -1.10426
-4.15207 -1.15414
-4.15433 -1.2092
-4.1435 -1.26156
-4.12478 -1.31911
-4.10605 -1.37666
-4.08213 -1.42632
-4.05822 -1.47597
-4.02911 -1.51773
-4 -1.55948
-3.97089 -1.60124
-3.92869 -1.64028
-3.8786 -1.68452
-3.82331 -1.72087
-3.76802 -1.75721
-3.70235 -1.77775
-3.63397 -1.81138
-3.5841 -1.82154
-3.53422 -1.83171
-3.47915 -1.83397
-3.42928 -1.84413
-3.3794 -1.85429
-3.32433 -1.85655
-3.26927 -1.85882
-3.2063 -1.86627
-3.15124 -1.86854
-3.09617 -1.8708
-3.03591 -1.86516
-2.97565 -1.85953
-2.9154 -1.85389
-2.85785 -1.83516
-2.80819 -1.81125
-2.75064 -1.79252
-2.69309 -1.7738
-2.63035 -1.74717
-2.5676 -1.72055
-2.51276 -1.68873
-2.45792 -1.65692
-2.40307 -1.6251
-2.35612 -1.58809
-2.30918 -1.55109
-2.27013 -1.50889
-2.23108 -1.46669
-2.19204 -1.42449
-2.15299 -1.38229
-2.10875 -1.3322
-2.05661 -1.28729
-2.02546 -1.2399
-1.98122 -1.18981
-1.93698 -1.13971
-1.89275 -1.08961
-1.8485 -1.03952
-1.81216 -0.984227
-1.76793 -0.934131
-1.72369 -0.884032
-1.68735 -0.828745
-1.651 -0.773456
-1.61196 -0.731257
-1.57562 -0.675969
-1.53657 -0.633769
-1.49233 -0.583673
-1.45057 -0.554564
-1.40363 -0.51756
-1.36188 -0.488449
-1.30432 -0.469723
-1.25467 -0.445808
-1.20231 -0.43498
-1.14476 -0.416255
-1.0924 -0.405428
-1.04004 -0.394599
BezierPoints 25
0.262206 0.106724
1.12601 0.522803
0.412158 1.63236
-0.433432 1.45752
-0.855959 1.37015
-1.68127 1.20095
-1.90248 0.805675
-2.2488 0.186814
-2.27361 -1.10996
-2.98406 -1.48888
-3.78709 -1.91718
-3.84604 -1.0123
-4.20428 -1.24231
-4.48396 -1.42188
-4.16482 -1.68606
-4.01922 -1.77754
-3.72708 -1.96107
-3.41446 -2.07583
-3.08929 -2.00859
-2.2105 -1.82687
-1.86849 -0.565933
-1.04004 -0.394599
-0.698417 -0.323947
-0.0520853 -0.0446659
0.262206 0.106724
P -0.340805 5.10108 -2.4056
T 0 0.54896 0.835848
N -0.514491 -0.716736 0.470731
B -0.857496 0.430039 -0.282431
SketchPoints 56
-0.0903978 0.936841
-0.143479 0.943287
-0.196575 0.949722
-0.249644 0.95619
-0.311765 0.943532
-0.360636 0.929262
-0.411096 0.901735
-0.46902 0.868369
-0.519486 0.840858
-0.564138 0.805864
-0.61623 0.765068
-0.641766 0.721038
-0.667303 0.677022
-0.681185 0.618105
-0.687634 0.565027
-0.688243 0.504515
-0.702154 0.445608
-0.708603 0.39253
-0.715059 0.339456
-0.708227 0.284762
-0.680697 0.234306
-0.653151 0.183814
-0.618193 0.139175
-0.590663 0.0887017
-0.56313 0.0382304
-0.5356 -0.0122431
-0.493187 -0.0510572
-0.450774 -0.0898713
-0.400919 -0.122857
-0.3569 -0.148407
-0.312864 -0.173964
-0.268835 -0.199485
-0.217378 -0.21921
-0.173338 -0.244747
-0.116067 -0.271917
-0.0513163 -0.293218
0.00759451 -0.307132
0.0606512 -0.313582
0.113745 -0.320015
0.174253 -0.32064
0.234764 -0.321264
0.295286 -0.321878
0.344141 -0.30762
0.393019 -0.293344
0.443483 -0.265806
0.499797 -0.245723
0.544442 -0.210761
0.583252 -0.168336
0.622059 -0.12593
0.635969 -0.0670226
0.65566 -0.0155596
0.648844 0.0391127
0.649468 0.0996557
0.642651 0.15433
0.64909 0.207414
0.642267 0.262088
BezierPoints 7
-0.243729 1.63158
-1.62687 0.299039
0.890315 -1.02587
0.656822 0.845402
0.625991 1.09249
-0.064403 1.80434
-0.243729 1.63158
P -0.942465 5.30018 -2.76004
T 0.514491 0.716736 -0.470731
N -0.77007 0.144703 -0.621332
B 0.377218 -0.682161 -0.626388
SketchPoints 59
0.258602 0.0178638
0.304531 0.0524188
0.336797 0.100022
0.362212 0.154149
0.38761 0.208244
0.419855 0.255844
0.438746 0.303105
0.457649 0.350382
0.476527 0.39765
0.475196 0.451094
0.487238 0.504875
0.506141 0.552136
0.511331 0.612445
0.516517 0.672735
0.51521 0.726187
0.527259 0.779973
0.525925 0.83341
0.524592 0.886852
0.523287 0.94032
0.508597 0.993436
0.507282 1.0469
0.492578 1.1
0.491273 1.15346
0.470077 1.19974
0.448871 1.24601
0.420816 1.29879
0.37975 1.3379
0.338679 1.37701
0.297595 1.4161
0.250323 1.43498
0.196554 1.44703
0.148953 1.47928
0.114382 1.52521
0.0671037 1.5441
0.0136772 1.54279
-0.0397772 1.54147
-0.0932282 1.54014
-0.139182 1.50558
-0.178291 1.46449
-0.217377 1.42342
-0.25647 1.38234
-0.281889 1.32822
-0.307282 1.27411
-0.319323 1.22033
-0.338203 1.17307
-0.356755 1.11245
-0.361965 1.05214
-0.380847 1.00489
-0.379518 0.951436
-0.384723 0.891141
-0.3834 0.837686
-0.402304 0.790401
-0.414328 0.736633
-0.433237 0.689356
-0.438422 0.629069
-0.417212 0.582804
-0.39603 0.536507
-0.394698 0.483066
-0.406739 0.429285
BezierPoints 10
0.258602 0.0178638
1.27986 0.90337
-0.357807 2.58161
-0.307282 1.27411
-0.300781 1.10589
-0.347157 0.695404
-0.406739 0.429285
-0.449467 0.238442
0.110844 -0.110254
0.258602 0.0178638
P -0.00674057 3.62676 -3.75573
T 0.999202 -0.0333918 0.0219307
N -0.0331072 -0.999364 -0.0132124
B -0.0223528 -0.012476 0.999672
SketchPoints 46
0.23835 0.424935
0.294836 0.414218
0.34166 0.394261
0.388486 0.374306
0.44497 0.363588
0.491582 0.334182
0.538196 0.304778
0.574935 0.256684
0.611888 0.218042
0.648629 0.169949
0.67592 0.122067
0.684101 0.0651598
0.664145 0.0183355
0.625501 -0.0186168
0.577619 -0.0459084
0.520712 -0.0540891
0.463802 -0.0622707
0.406897 -0.0704514
0.359226 -0.0882934
0.302318 -0.0964744
0.245409 -0.104656
0.188924 -0.0939377
0.132016 -0.102119
-0.132016 -0.102119
-0.188924 -0.0939377
-0.245409 -0.104656
-0.302318 -0.0964744
-0.359226 -0.0882934
-0.406897 -0.0704514
-0.463802 -0.0622707
-0.520712 -0.0540891
-0.577619 -0.0459084
-0.625501 -0.0186168
-0.664145 0.0183355
-0.684101 0.0651598
-0.67592 0.122067
-0.648629 0.169949
-0.611888 0.218042
-0.574935 0.256684
-0.538196 0.304778
-0.491582 0.334182
-0.44497 0.363588
-0.388486 0.374306
-0.34166 0.394261
-0.294836 0.414218
-0.23835 0.424935
BezierPoints 10
0.423388 0.405809
1.41286 0.218073
0.815403 -0.294559
-0.349383 -0.210304
-1.15257 -0.152205
-0.986338 0.415855
-0.23835 0.424935
-0.119184 0.426382
0.306302 0.428024
0.423388 0.405809
P -0.676991 3.64601 -3.53234
T 0.0331072 0.999364 0.0132124
N -0.980296 0.029894 0.19526
B -0.19474 0.0194272 -0.980662
SketchPoints 61
-0.259641 0.0777781
-0.307257 0.0957559
-0.35506 0.123187
-0.402679 0.141173
-0.450662 0.178047
-0.498463 0.205483
-0.546447 0.242362
-0.584982 0.279426
-0.623516 0.316491
-0.662051 0.353559
-0.700585 0.390625
-0.73912 0.427688
-0.777838 0.474202
-0.816373 0.511273
-0.845641 0.557976
-0.884175 0.595031
-0.903993 0.641915
-0.942711 0.688432
-0.962529 0.735316
-0.982347 0.782197
-1.00216 0.829077
-1.01272 0.8856
-1.03253 0.932476
-1.03363 0.989176
-1.03474 1.04588
-1.01675 1.0935
-0.998772 1.14111
-0.950973 1.11368
-0.921705 1.06698
-0.88317 1.02992
-0.844636 0.992854
-0.805918 0.946334
-0.767383 0.909273
-0.728665 0.862759
-0.690132 0.825696
-0.651413 0.779177
-0.612878 0.742109
-0.574345 0.705053
-0.526359 0.668162
-0.487826 0.631107
-0.440024 0.603666
-0.39204 0.566787
-0.344423 0.548809
-0.296619 0.521374
-0.249002 0.503392
-0.201385 0.485408
-0.144318 0.467611
-0.087434 0.459266
-0.0305502 0.450915
0.0170672 0.432933
0.0646843 0.414955
0.121568 0.406604
0.169185 0.388622
0.216985 0.3612
0.264603 0.343213
0.293872 0.29651
0.285523 0.23963
0.286625 0.182929
0.287726 0.126229
0.305709 0.173843
0.30681 0.117146
BezierPoints 13
-0.259641 0.0777781
-0.396433 0.129425
-1.26483 1.34572
-0.914541 1.15837
-0.705661 1.04665
-0.49114 0.623652
-0.39204 0.566787
-0.0531456 0.372325
0.300603 0.436642
0.30681 0.117146
0.309568 -0.0247812
-0.126837 0.027637
-0.259641 0.0777781
P 0.340805 5.10108 -2.4056
T 0.857496 0.430039 -0.282431
N 0.514491 -0.716736 0.470731
B 0 0.54896 0.835848
SketchPoints 56
0.936841 -0.0903932
0.943287 -0.143474
0.949721 -0.19657
0.956189 -0.249639
0.943531 -0.31176
0.92926 -0.360631
0.901733 -0.411092
0.868367 -0.469015
0.840855 -0.519482
0.805862 -0.564135
0.765065 -0.616226
0.721035 -0.641763
0.677018 -0.667299
0.618101 -0.681182
0.565023 -0.687631
0.504512 -0.68824
0.445605 -0.702152
0.392527 -0.708601
0.339453 -0.715058
0.284759 -0.708226
0.234303 -0.680695
0.183811 -0.65315
0.139172 -0.618192
0.0886989 -0.590662
0.0382276 -0.56313
-0.0122457 -0.5356
-0.0510595 -0.493187
-0.0898736 -0.450774
-0.122859 -0.400919
-0.148409 -0.356901
-0.173965 -0.312865
-0.199486 -0.268836
-0.219211 -0.217379
-0.244748 -0.173339
-0.271918 -0.116068
-0.293218 -0.0513177
-0.307132 0.00759304
-0.313582 0.0606495
-0.320014 0.113743
-0.32064 0.174251
-0.321263 0.234762
-0.321877 0.295285
-0.307618 0.34414
-0.293342 0.393018
-0.265803 0.443482
-0.245721 0.499795
-0.210759 0.544441
-0.168333 0.583251
-0.125927 0.622058
-0.0670195 0.635969
-0.0155565 0.65566
0.0391158 0.648844
0.0996588 0.649468
0.154333 0.642652
0.207417 0.649091
0.262091 0.642269
BezierPoints 7
1.63158 -0.243721
0.299032 -1.62687
-1.02586 0.89031
0.845405 0.656827
1.0925 0.625996
1.80434 -0.0643941
1.63158 -0.243721
P 0.98486 3.36998 2.33155
T 0 0.0250084 0.999687
N 0.999614 -0.0277684 0.000694659
B -0.0277771 -0.999301 0.0250038
SketchPoints 163
-0.25416 0.259249
-0.27424 0.30602
-0.303769 0.352554
-0.323849 0.399326
-0.343929 0.446097
-0.364246 0.502316
-0.375113 0.558773
-0.385981 0.61523
-0.396848 0.671686
-0.417165 0.727906
-0.428033 0.784362
-0.4389 0.840819
-0.449768 0.897275
-0.460636 0.953732
-0.471503 1.01019
-0.482607 1.07609
-0.493475 1.13255
-0.504342 1.18901
-0.51521 1.24546
-0.526314 1.31137
-0.537182 1.36783
-0.557498 1.42404
-0.568365 1.4805
-0.588682 1.53672
-0.59955 1.59318
-0.620102 1.65885
-0.630971 1.7153
-0.642075 1.78121
-0.662391 1.83743
-0.673258 1.89389
-0.684126 1.95034
-0.694994 2.0068
-0.705861 2.06326
-0.716965 2.12916
-0.727833 2.18562
-0.7387 2.24207
-0.749805 2.30798
-0.760673 2.36444
-0.77154 2.42089
-0.79162 2.46766
-0.811937 2.52388
-0.822804 2.58034
-0.842884 2.62711
-0.863201 2.68333
-0.88328 2.7301
-0.894148 2.78656
-0.923677 2.83309
-0.943994 2.88931
-0.964073 2.93608
-0.993602 2.98262
-1.02313 3.02915
-1.05266 3.07569
-1.08219 3.12222
-1.11172 3.16876
-1.1318 3.21553
-1.15188 3.2623
-1.16275 3.31876
-1.17361 3.37521
-1.17503 3.43191
-1.167 3.48884
-1.14929 3.53655
-1.13157 3.58427
-1.09472 3.62301
-1.04819 3.65254
-1.00165 3.68207
-0.945668 3.71183
-0.898897 3.73192
-0.833228 3.75247
-0.777008 3.77279
-0.711339 3.79334
-0.654883 3.80421
-0.598426 3.81507
-0.54197 3.82594
-0.485276 3.82736
-0.419134 3.82902
-0.362678 3.83988
-0.306222 3.85075
-0.249765 3.86162
-0.193072 3.86304
-0.136616 3.87391
-0.0702373 3.86611
-0.0135443 3.86753
0.0433852 3.8595
0.100551 3.84203
0.157481 3.83399
0.21441 3.82596
0.271577 3.80849
0.319295 3.79077
0.367012 3.77306
0.414729 3.75534
0.462446 3.73763
0.510398 3.71046
0.521267 3.65401
0.513237 3.59708
0.505206 3.54015
0.497176 3.48322
0.47946 3.4355
0.461745 3.38778
0.444266 3.33062
0.426551 3.2829
0.408835 3.23518
0.371987 3.19644
0.344822 3.14849
0.317658 3.10053
0.280808 3.06179
0.263093 3.01408
0.235928 2.96612
0.208764 2.91817
0.200734 2.86124
0.192704 2.80431
0.184674 2.74738
0.176644 2.69045
0.168615 2.63352
0.160585 2.57659
0.152554 2.51966
0.153973 2.46297
0.145943 2.40604
0.137913 2.34911
0.139568 2.28297
0.131538 2.22604
0.123508 2.16911
0.115951 2.09328
0.117606 2.02714
0.109577 1.97021
0.110995 1.91352
0.112651 1.84737
0.123518 1.79092
0.124936 1.73423
0.135804 1.67777
0.146672 1.62131
0.166988 1.56509
0.177856 1.50863
0.207385 1.4621
0.227464 1.41533
0.247546 1.36856
0.267625 1.32179
0.287705 1.27502
0.317233 1.22848
0.337313 1.18171
0.366842 1.13518
0.396371 1.08864
0.416451 1.04187
0.436531 0.995099
0.456612 0.948327
0.476691 0.901557
0.487559 0.845099
0.488978 0.788407
0.490396 0.731714
0.491815 0.67502
0.493235 0.618328
0.494653 0.561634
0.486623 0.504705
0.488043 0.448013
0.48946 0.391318
0.48143 0.33439
0.4734 0.277461
0.455685 0.229743
0.437969 0.182025
0.410807 0.134073
0.383641 0.0861177
0.356477 0.0381649
0.319627 -0.000576132
0.282779 -0.039319
BezierPoints 34
-0.498965 0.11528
-0.708065 0.459678
-0.828346 1.01448
-0.931547 1.49177
-0.990554 1.76468
-0.891065 2.45744
-1.08235 2.74599
-1.2494 2.99797
-1.27143 3.32211
-1.18283 3.34773
-1.11817 3.34935
-0.868422 3.3556
-0.606138 3.36216
-0.343853 3.36873
-0.0690268 3.37561
0.0458029 3.37848
0.0911336 3.37962
0.097766 3.18491
0.090505 2.89025
0.0838671 2.62089
-0.0983073 2.13702
-0.0744799 1.99777
-0.0410323 1.8023
0.106373 1.49323
0.229416 1.35792
0.35246 1.22262
0.585748 1.0195
0.684575 0.806712
0.889025 0.366488
1.04926 0.128038
0.619843 -0.00659215
0.433965 -0.0648682
-0.419254 -0.0160077
-0.498965 0.11528
P -0.922878 3.33942 2.33231
T 0 0.0250084 0.999687
N 0.999627 0.0272982 -0.000682897
B 0.0273068 -0.999314 0.0249987
SketchPoints 156
0.255382 -0.0596505
0.301917 -0.0301239
0.348688 -0.0100429
0.395459 0.0100371
0.451916 0.020905
0.498687 0.040985
0.545222 0.0705144
0.581835 0.118703
0.618448 0.166895
0.645612 0.214847
0.682225 0.263038
0.709389 0.310991
0.727105 0.358708
0.74482 0.406425
0.75285 0.463355
0.770566 0.511072
0.788281 0.558789
0.80576 0.615954
0.823475 0.663673
0.831505 0.7206
0.849221 0.768318
0.8667 0.825485
0.87473 0.882412
0.882759 0.939343
0.89079 0.996273
0.89882 1.0532
0.897401 1.10989
0.905431 1.16683
0.913461 1.22375
0.921491 1.28068
0.929522 1.33761
0.928103 1.3943
0.936133 1.45124
0.944163 1.50817
0.942744 1.56486
0.950774 1.62179
0.958804 1.67872
0.966834 1.73565
0.974864 1.79258
0.982894 1.8495
1.00061 1.89722
1.00864 1.95415
1.02635 2.00187
1.03438 2.0588
1.0521 2.10652
1.06013 2.16345
1.07785 2.21116
1.08588 2.26809
1.09391 2.32502
1.11162 2.37274
1.11965 2.42967
1.13737 2.47739
1.15508 2.5251
1.1728 2.57282
1.19996 2.62077
1.22713 2.66873
1.26374 2.71692
1.2909 2.76487
1.31807 2.81282
1.34523 2.86078
1.38208 2.89952
1.3998 2.94724
1.42696 2.99519
1.45412 3.04314
1.48129 3.0911
1.499 3.13881
1.50703 3.19574
1.52451 3.25291
1.52309 3.3096
1.53112 3.36653
1.52971 3.42322
1.52829 3.47992
1.49876 3.52645
1.4508 3.55362
1.39388 3.56165
1.33718 3.56023
1.28025 3.56826
1.22356 3.56684
1.1671 3.55597
1.11041 3.55455
1.05348 3.56258
0.996315 3.58006
0.939385 3.58809
0.882456 3.59612
0.825526 3.60415
0.768597 3.61218
0.71214 3.60131
0.655684 3.59045
0.599227 3.57958
0.54277 3.56871
0.495999 3.54863
0.449228 3.52855
0.402457 3.50847
0.365607 3.46973
0.328758 3.43099
0.301594 3.38304
0.274429 3.33508
0.256714 3.28736
0.248684 3.23044
0.240654 3.17351
0.242073 3.11681
0.224357 3.0691
0.206642 3.02138
0.198612 2.96445
0.200031 2.90776
0.201449 2.85106
0.202868 2.79437
0.213736 2.73791
0.224604 2.68146
0.235471 2.625
0.255551 2.57823
0.266418 2.52177
0.267837 2.46508
0.269256 2.40839
0.261226 2.35146
0.262645 2.29476
0.264064 2.23807
0.256033 2.18114
0.248003 2.12421
0.239973 2.06728
0.222258 2.01957
0.214228 1.96264
0.196512 1.91492
0.178797 1.8672
0.161082 1.81949
0.143367 1.77177
0.125651 1.72405
0.107936 1.67633
0.0807716 1.62838
0.0536075 1.58043
0.0264429 1.53247
-0.000721001 1.48452
-0.0278853 1.43657
-0.0550496 1.38861
-0.0727647 1.3409
-0.0999292 1.29294
-0.117645 1.24522
-0.144809 1.19727
-0.171973 1.14932
-0.189688 1.1016
-0.207404 1.05388
-0.225119 1.00617
-0.242834 0.958448
-0.26055 0.910732
-0.278029 0.853564
-0.295507 0.796401
-0.303538 0.73947
-0.311568 0.682541
-0.319598 0.625612
-0.327628 0.568681
-0.326209 0.51199
-0.334239 0.455059
-0.342269 0.39813
-0.34085 0.341435
-0.339431 0.284745
-0.347462 0.227815
BezierPoints 28
0.621302 -0.405361
1.17542 -0.391592
0.522756 0.879788
0.608647 1.33623
0.694538 1.79268
0.961501 2.12239
1.1728 2.57282
1.26264 2.76435
1.73419 3.30253
1.50232 3.38431
1.28208 3.3788
0.324129 3.35483
0.181222 3.3371
0.085733 3.13354
0.133979 2.8576
0.12433 2.72173
0.115876 2.60269
0.0671056 2.51881
-0.0545728 2.3422
-0.176251 2.16559
-0.426059 1.84596
-0.440691 1.73273
-0.520216 1.11733
-0.590592 0.875644
-0.526736 0.130026
-0.512489 -0.0363334
0.454385 -0.409508
0.621302 -0.405361
P -1.27673 5.4845 -2.84471
T 0.514491 0.716736 -0.470731
N 0.617936 0.0707091 0.783042
B -0.594522 0.693748 0.40652
SketchPoints 102
0.25371 0.489025
0.274513 0.535484
0.29534 0.581919
0.329498 0.628169
0.36368 0.674394
0.384483 0.720853
0.405301 0.767294
0.419537 0.820537
0.433781 0.873772
0.414488 0.920885
0.381837 0.968208
0.349179 1.01554
0.309745 1.05628
0.277086 1.10361
0.237662 1.14434
0.191422 1.17852
0.144961 1.19934
0.0987484 1.2335
0.0454926 1.24775
-0.000957682 1.26856
-0.0541985 1.28279
-0.107226 1.31039
-0.153667 1.3312
-0.206909 1.34543
-0.260162 1.35968
-0.313402 1.37391
-0.36686 1.37479
-0.413316 1.3956
-0.466557 1.40983
-0.512998 1.43063
-0.559459 1.45145
-0.612701 1.46569
-0.665935 1.47992
-0.719179 1.49415
-0.77243 1.5084
-0.825671 1.52264
-0.879132 1.52351
-0.932592 1.52438
-0.986062 1.52526
-1.03316 1.50596
-1.0739 1.46651
-1.121 1.44723
-1.16832 1.41458
-1.2025 1.36835
-1.20337 1.3149
-1.20425 1.26143
-1.20512 1.20798
-1.20599 1.15451
-1.20685 1.10104
-1.20774 1.04759
-1.19524 0.993912
-1.18276 0.940245
-1.17026 0.886557
-1.15776 0.832879
-1.13848 0.785783
-1.1192 0.738684
-1.10671 0.685006
-1.09421 0.631321
-1.07492 0.584209
-1.05562 0.537094
-1.03635 0.489999
-1.02385 0.43632
-1.00457 0.389217
-0.992072 0.335537
-0.979584 0.281873
-0.960285 0.234747
-0.947799 0.181079
-0.928505 0.133964
-0.90923 0.086868
-0.896736 0.0331896
-0.891024 -0.0270693
-0.891914 -0.0805117
-0.892774 -0.133983
-0.893647 -0.187443
-0.894509 -0.24091
-0.908755 -0.294146
-0.922979 -0.347393
-0.943814 -0.393825
-0.958035 -0.447081
-0.972273 -0.500323
-1.00645 -0.546555
-1.02726 -0.593008
-1.04807 -0.63946
-1.08224 -0.685692
-1.10305 -0.732143
-1.11728 -0.785395
-1.08464 -0.832707
-1.03841 -0.866883
-0.991955 -0.887693
-0.931921 -0.895356
-0.878232 -0.882872
-0.831138 -0.863578
-0.783816 -0.830927
-0.736712 -0.811641
-0.683033 -0.799149
-0.629346 -0.786663
-0.58225 -0.767371
-0.535143 -0.748082
-0.488041 -0.728798
-0.440711 -0.696156
-0.399968 -0.656704
-0.365786 -0.610483
BezierPoints 25
0.315614 0.566332
0.56011 1.13527
0.175721 1.18905
-0.247696 1.42295
-0.427605 1.52233
-1.20253 1.63368
-1.32225 1.29321
-1.39603 1.08339
-1.2747 0.79455
-1.14457 0.587532
-1.03431 0.412122
-1.00542 0.356692
-1.12905 0.19571
-1.21734 0.080752
-1.14085 -0.229296
-1.13281 -0.440536
-1.12478 -0.651775
-1.11754 -0.853942
-1.09723 -0.964863
-1.0474 -1.23697
-0.448168 -0.72188
-0.365786 -0.610483
-0.178185 -0.356811
0.191044 0.276461
0.315614 0.566332
P 1.27673 5.4845 -2.84471
T 0.594522 0.693748 0.40652
N -0.617936 0.0707091 0.783042
B -0.514491 0.716736 -0.470731
SketchPoints 102
0.489024 0.253709
0.535483 0.274511
0.581917 0.295338
0.628168 0.329496
0.674393 0.363678
0.720852 0.384481
0.767293 0.405299
0.820536 0.419534
0.873771 0.433778
0.920884 0.414485
0.968207 0.381834
1.01554 0.349176
1.05628 0.309742
1.10361 0.277082
1.14434 0.237659
1.17852 0.191418
1.19934 0.144956
1.2335 0.0987443
1.24775 0.0454885
1.26856 -0.000961988
1.28279 -0.0542027
1.31039 -0.107231
1.3312 -0.153671
1.34543 -0.206914
1.35968 -0.260166
1.37392 -0.313407
1.37479 -0.366865
1.3956 -0.41332
1.40983 -0.466562
1.43063 -0.513003
1.45145 -0.559464
1.46569 -0.612706
1.47992 -0.66594
1.49416 -0.719184
1.5084 -0.772435
1.52264 -0.825676
1.52351 -0.879137
1.52438 -0.932598
1.52526 -0.986067
1.50597 -1.03316
1.46652 -1.0739
1.44723 -1.12101
1.41458 -1.16833
1.36835 -1.2025
1.3149 -1.20338
1.26144 -1.20425
1.20798 -1.20512
1.15452 -1.206
1.10105 -1.20686
1.04759 -1.20774
0.993916 -1.19524
0.940249 -1.18276
0.886561 -1.17026
0.832883 -1.15776
0.785787 -1.13849
0.738687 -1.11921
0.685009 -1.10671
0.631325 -1.09421
0.584213 -1.07492
0.537098 -1.05562
0.490002 -1.03635
0.436323 -1.02385
0.38922 -1.00457
0.33554 -0.992073
0.281876 -0.979585
0.23475 -0.960286
0.181082 -0.9478
0.133968 -0.928505
0.0868709 -0.909231
0.0331924 -0.896736
-0.0270665 -0.891024
-0.0805087 -0.891913
-0.133981 -0.892774
-0.18744 -0.893646
-0.240907 -0.894508
-0.294143 -0.908754
-0.34739 -0.922978
-0.393821 -0.943813
-0.447078 -0.958033
-0.50032 -0.972272
-0.546552 -1.00645
-0.593005 -1.02726
-0.639457 -1.04806
-0.685688 -1.08224
-0.732139 -1.10305
-0.785391 -1.11728
-0.832704 -1.08463
-0.866879 -1.0384
-0.88769 -0.991952
-0.895353 -0.931918
-0.882869 -0.878229
-0.863575 -0.831135
-0.830925 -0.783813
-0.811639 -0.73671
-0.799147 -0.68303
-0.786661 -0.629343
-0.767369 -0.582247
-0.74808 -0.535141
-0.728796 -0.488038
-0.696154 -0.440709
-0.656703 -0.399966
-0.610482 -0.365784
BezierPoints 25
0.566331 0.315612
1.13527 0.560106
1.18905 0.175717
1.42295 -0.247701
1.52233 -0.42761
1.63368 -1.20254
1.29321 -1.32225
1.08339 -1.39603
0.794555 -1.2747
0.587535 -1.14457
0.412125 -1.03432
0.356695 -1.00542
0.195714 -1.12905
0.0807561 -1.21734
-0.229292 -1.14084
-0.440532 -1.13281
-0.651771 -1.12477
-0.853938 -1.11754
-0.964859 -1.09723
-1.23697 -1.0474
-0.721878 -0.448166
-0.610482 -0.365784
-0.356811 -0.178184
0.27646 0.191043
0.566331 0.315612
P 0.676991 3.64601 -3.53234
T 0.19474 0.0194272 -0.980662
N 0.980296 0.029894 0.19526
B -0.0331072 0.999364 0.0132124
SketchPoints 61
0.0777753 -0.25964
0.0957526 -0.307256
0.123184 -0.355059
0.141169 -0.402677
0.178043 -0.45066
0.205477 -0.498461
0.242357 -0.546445
0.27942 -0.584979
0.316484 -0.623513
0.353552 -0.662047
0.390617 -0.700581
0.42768 -0.739115
0.474193 -0.777833
0.511265 -0.816368
0.557967 -0.845635
0.595022 -0.884169
0.641905 -0.903986
0.688423 -0.942704
0.735305 -0.962521
0.782187 -0.982339
0.829066 -1.00215
0.885589 -1.01271
0.932465 -1.03252
0.989165 -1.03362
1.04587 -1.03472
1.09349 -1.01674
1.1411 -0.99876
1.11367 -0.950961
1.06697 -0.921694
1.02991 -0.88316
0.992845 -0.844626
0.946326 -0.805908
0.909264 -0.767374
0.862751 -0.728656
0.825689 -0.690123
0.77917 -0.651405
0.742103 -0.612871
0.705047 -0.574338
0.668156 -0.526352
0.631101 -0.487819
0.603661 -0.440018
0.566783 -0.392033
0.548805 -0.344418
0.521371 -0.296614
0.503389 -0.248997
0.485406 -0.20138
0.46761 -0.144313
0.459265 -0.0874291
0.450914 -0.0305454
0.432934 0.0170717
0.414956 0.0646887
0.406605 0.121572
0.388624 0.169189
0.361202 0.216989
0.343216 0.264607
0.296513 0.293875
0.239633 0.285526
0.182933 0.286627
0.126232 0.287728
0.173846 0.30571
0.11715 0.306811
BezierPoints 13
0.0777753 -0.25964
0.129421 -0.396432
1.34571 -1.26482
1.15836 -0.914529
1.04664 -0.705649
0.623647 -0.491133
0.566783 -0.392033
0.372324 -0.0531417
0.436645 0.300607
0.11715 0.306811
-0.0247779 0.309567
0.0276356 -0.126837
0.0777753 -0.25964
P 0.942465 5.30018 -2.76004
T -0.377218 -0.682161 -0.626388
N 0.77007 0.144703 -0.621332
B -0.514491 0.716736 -0.470731
SketchPoints 59
0.0178653 0.258603
0.0524206 0.304531
0.100024 0.336798
0.154151 0.362213
0.208246 0.387611
0.255847 0.419856
0.303108 0.438748
0.350385 0.457651
0.397653 0.476529
0.451097 0.475199
0.504878 0.487241
0.552139 0.506144
0.612448 0.511335
0.672738 0.516521
0.72619 0.515214
0.779976 0.527263
0.833413 0.52593
0.886855 0.524598
0.940323 0.523293
0.993439 0.508603
1.0469 0.507288
1.1 0.492585
1.15346 0.491281
1.19974 0.470084
1.24601 0.448879
1.29879 0.420824
1.3379 0.379758
1.37701 0.338688
1.4161 0.297603
1.43498 0.250331
1.44703 0.196563
1.47928 0.148962
1.52522 0.114391
1.5441 0.067113
1.54279 0.0136866
1.54147 -0.0397679
1.54014 -0.0932191
1.50558 -0.139173
1.46449 -0.178282
1.42342 -0.217369
1.38234 -0.256462
1.32821 -0.281881
1.27411 -0.307274
1.22033 -0.319316
1.17307 -0.338196
1.11245 -0.356748
1.05214 -0.361959
1.00488 -0.380841
0.951434 -0.379512
0.891139 -0.384717
0.837684 -0.383395
0.790399 -0.402299
0.736631 -0.414323
0.689353 -0.433233
0.629066 -0.438418
0.582801 -0.417209
0.536505 -0.396027
0.483063 -0.394695
0.429282 -0.406736
BezierPoints 10
0.0178653 0.258603
0.903378 1.27986
2.58161 -0.357792
1.27411 -0.307274
1.10589 -0.300775
0.695402 -0.347153
0.429282 -0.406736
0.238439 -0.449466
-0.110253 0.110843
0.0178653 0.258603
P 0 4.03938 3.04362
T -1 0 0
N 0 0.990689 -0.136146
B 0 0.136146 0.990689
SketchPoints 86
-0.26465 0.496373
-0.311909 0.515277
-0.36862 0.524728
-0.415879 0.543631
-0.47259 0.543631
-0.529301 0.553087
-0.586012 0.553087
-0.642722 0.553087
-0.699433 0.553087
-0.756144 0.543631
-0.812854 0.534177
-0.860113 0.515277
-0.907373 0.496373
-0.964083 0.486922
-1.01134 0.468017
-1.0586 0.439662
-1.10586 0.420757
-1.15312 0.392401
-1.20038 0.354597
-1.22873 0.307331
-1.22873 0.250623
-1.22873 0.193912
-1.22873 0.137201
-1.21928 0.0804904
-1.20038 0.0332357
-1.17202 -0.0140246
-1.14367 -0.0612887
-1.09641 -0.0896442
-1.04915 -0.118
-1.00189 -0.146355
-0.954632 -0.16525
-0.897921 -0.16525
-0.84121 -0.174708
-0.784499 -0.184155
-0.727788 -0.193609
-0.671077 -0.193609
-0.623819 -0.212511
-0.567108 -0.212511
-0.510397 -0.212511
-0.453686 -0.203063
-0.396976 -0.203063
-0.340265 -0.203063
-0.283554 -0.193609
0.283554 -0.193609
0.340265 -0.203063
0.396976 -0.203063
0.453686 -0.203063
0.510397 -0.212511
0.567108 -0.212511
0.623819 -0.212511
0.671077 -0.193609
0.727788 -0.193609
0.784499 -0.184155
0.84121 -0.174708
0.897921 -0.16525
0.954632 -0.16525
1.00189 -0.146355
1.04915 -0.118
1.09641 -0.0896442
1.14367 -0.0612887
1.17202 -0.0140246
1.20038 0.0332357
1.21928 0.0804904
1.22873 0.137201
1.22873 0.193912
1.22873 0.250623
1.22873 0.307331
1.20038 0.354597
1.15312 0.392401
1.10586 0.420757
1.0586 0.439662
1.01134 0.468017
0.964083 0.486922
0.907373 0.496373
0.860113 0.515277
0.812854 0.534177
0.756144 0.543631
0.699433 0.553087
0.642722 0.553087
0.586012 0.553087
0.529301 0.553087
0.47259 0.543631
0.415879 0.543631
0.36862 0.524728
0.311909 0.515277
0.26465 0.496373
BezierPoints 13
-0.451698 0.85674
-0.772808 0.920017
-1.95481 0.219279
-1.43707 -0.246898
-1.12456 -0.528286
1.1299 -0.601829
1.46115 -0.270552
1.95377 0.222099
0.771921 0.955208
0.456841 0.866667
0.266262 0.813112
-0.249135 0.816824
-0.451698 0.85674
P 0.0354691 4.12067 3.63516
T 0 -0.990689 0.136146
N -0.997157 -0.0102583 -0.0746465
B -0.075348 0.135782 0.987869
SketchPoints 89
-0.266189 0.0328012
-0.298513 0.0753922
-0.300178 0.132861
-0.292478 0.189046
-0.26605 0.242665
-0.248988 0.297567
-0.214478 0.340538
-0.179969 0.383509
-0.137378 0.415832
-0.0867073 0.437507
-0.0373195 0.449819
0.0120684 0.46213
0.0614562 0.474441
0.110844 0.48675
0.167029 0.479049
0.224499 0.480715
0.280684 0.473015
0.338153 0.474679
0.395622 0.476342
0.451808 0.468641
0.505427 0.442212
0.559046 0.415782
0.613949 0.398717
0.668851 0.381653
0.723754 0.364588
0.768008 0.339442
0.812263 0.314294
0.856518 0.28915
0.900773 0.264006
0.945027 0.238857
0.989283 0.213713
1.04419 0.196648
1.09909 0.179583
1.15527 0.171883
1.21146 0.164182
1.26893 0.165843
1.31832 0.178157
1.36091 0.21048
1.4035 0.2428
1.43801 0.285774
1.46315 0.330028
1.48829 0.374283
1.50536 0.429184
1.5305 0.473439
1.57309 0.505759
1.62248 0.518073
1.67995 0.519737
1.7242 0.494592
1.76846 0.469446
1.81015 0.425571
1.84247 0.38298
1.8748 0.340387
1.87646 0.282921
1.87813 0.225452
1.86106 0.17055
1.82655 0.127579
1.79204 0.0846077
1.75754 0.0416367
1.72303 -0.0013366
1.67236 -0.023012
1.61617 -0.0153112
1.56127 0.00175634
1.50637 0.0188186
1.4489 0.0171573
1.39694 -0.013885
1.34499 -0.0449218
1.3024 -0.0772451
1.25981 -0.109571
1.20234 -0.111232
1.15295 -0.123546
1.10356 -0.135854
1.04738 -0.128153
0.991192 -0.120453
0.935006 -0.112752
0.87882 -0.105051
0.823917 -0.0879894
0.779663 -0.0628406
0.72476 -0.0457759
0.671141 -0.0193467
0.616238 -0.00228143
0.571984 0.0228638
0.51708 0.0399292
0.472826 0.0650746
0.417924 0.0821397
0.363021 0.0992044
0.306836 0.106905
0.250649 0.114607
0.194464 0.122307
0.145076 0.109996
BezierPoints 25
-0.266189 0.0328012
-0.556437 0.58624
1.65127 0.254718
1.68117 0.259924
1.84653 0.288708
1.73357 0.338369
1.84769 0.427922
1.96181 0.517476
2.21508 0.563573
2.32412 0.419769
2.38748 0.336214
2.20173 0.212239
2.14725 0.176845
2.03827 0.106056
1.88084 0.0356313
1.62326 0.0483858
1.10811 0.0738948
0.345948 0.125173
0.255373 0.102596
0.20462 0.0899447
0.0863764 0.0493349
-0.0252524 0.0234685
-0.136881 -0.00239785
-0.241895 -0.0135209
-0.266189 0.0328012
