HeaderParameters 1
PlaneSketch 35
P 0 3 0
T 1 0 0
N 0 0 1
B 0 1 0
SketchPoints 297
-3.2125 1.425
-3.2625 1.45
-3.3125 1.475
-3.3625 1.5125
-3.4125 1.5375
-3.475 1.5625
-3.525 1.5875
-3.5875 1.6
-3.6875 1.625
-3.7875 1.625
-3.8625 1.625
-3.9125 1.6
-4 1.575
-4.0625 1.5625
-4.125 1.5625
-4.1875 1.5125
-4.2375 1.5
-4.2625 1.45
-4.3 1.4125
-4.325 1.3625
-4.3375 1.3125
-4.3 1.275
-4.25 1.25
-4.2 1.25
-4.15 1.25
-4.0875 1.2625
-4.0375 1.2875
-3.9875 1.3125
-3.9375 1.3375
-3.8875 1.375
-3.8375 1.4
-3.7875 1.4125
-3.7375 1.4
-3.6875 1.375
-3.675 1.325
-3.6875 1.275
-3.7125 1.225
-3.75 1.175
-3.7875 1.1375
-3.8375 1.125
-3.9 1.1
-3.95 1.0875
-4.0125 1.0875
-4.0625 1.1
-4.1125 1.125
-4.1625 1.15
-4.2125 1.1625
-4.2625 1.175
-4.3125 1.1875
-4.375 1.1875
-4.4 1.1375
-4.4125 1.0875
-4.4375 1.0375
-4.475 0.9875
-4.5125 0.95
-4.55 0.9125
-4.6 0.875
-4.65 0.8625
-4.6875 0.825
-4.7375 0.8
-4.775 0.7625
-4.8125 0.725
-4.8 0.675
-4.7375 0.65
-4.6875 0.625
-4.6125 0.625
-4.5375 0.6375
-4.475 0.6625
-4.425 0.7
-4.375 0.725
-4.325 0.75
-4.2625 0.775
-4.2125 0.7875
-4.1625 0.8
-4.1125 0.8125
-4.05 0.825
-3.9875 0.825
-3.925 0.825
-3.8375 0.825
-3.775 0.825
-3.7125 0.8125
-3.625 0.8125
-3.575 0.7875
-3.525 0.7625
-3.475 0.7375
-3.45 0.6875
-3.425 0.6375
-3.4 0.5875
-3.3875 0.5375
-3.3875 0.475
-3.3875 0.4125
-3.3875 0.35
-3.3875 0.2875
-3.4375 0.2625
-3.5 0.2375
-3.6125 0.1875
-3.675 0.1375
-3.725 0.1125
-3.8125 0.0875001
-3.9 0.0625
-3.9875 0.0250001
-4.0625 -0.0250001
-4.1125 -0.05
-4.1625 -0.05
-4.225 -0.075
-4.175 -0.0999999
-4.1 -0.1375
-4 -0.1375
-3.9 -0.1375
-3.8375 -0.1375
-3.775 -0.1375
-3.65 -0.1125
-3.6 -0.0875001
-3.5375 -0.0625
-3.45 -0.0125
-3.375 0.0250001
-3.3 0.05
-3.2375 0.0875001
-3.2 0.125
-3.125 0.1625
-3.0875 0.2
-3.05 0.25
-2.9625 0.3
-2.9125 0.35
-2.85 0.4125
-2.8 0.4375
-2.7125 0.5
-2.675 0.5375
-2.6125 0.5625
-2.55 0.6
-2.5 0.625
-2.4375 0.65
-2.3625 0.6875
-2.3125 0.6875
-2.2125 0.7125
-2.125 0.7375
-2.075 0.7375
-2 0.7375
-1.9375 0.7375
-1.8625 0.7375
-1.8125 0.7375
-1.7625 0.725
-1.7125 0.725
-1.65 0.725
-1.575 0.725
-1.5125 0.7125
-1.45 0.7
-1.3625 0.7
-1.3125 0.675
-1.25 0.675
-1.1875 0.65
-1.075 0.6375
-1.0125 0.6375
-0.9375 0.6375
-0.875 0.6125
-0.825 0.6
-0.775 0.5875
-0.725 0.5875
-0.65 0.5625
-0.55 0.5625
-0.425 0.5375
-0.3375 0.5125
-0.275 0.5125
-0.225 0.4875
-0.1625 0.4875
-0.1125 0.475
-0.0625 0.475
-0.0125 0.4625
0.05 0.4625
0.1125 0.4625
0.175 0.4625
0.2375 0.4625
0.2875 0.4625
0.3625 0.4625
0.45 0.4625
0.5 0.4375
0.5625 0.4375
0.625 0.425
0.7 0.4
0.7625 0.4
0.825 0.4
0.875 0.3875
0.925 0.375
0.975 0.3625
1.025 0.35
1.075 0.3375
1.125 0.3125
1.1875 0.275
1.2625 0.25
1.325 0.225
1.475 0.1875
1.6 0.125
1.6875 0.0999999
1.7375 0.075
1.825 0.0250001
1.9 0
1.9625 -0.0125
2.0125 -0.0374999
2.0625 -0.05
2.1125 -0.075
2.1625 -0.1125
2.2125 -0.1375
2.275 -0.15
2.325 -0.2
2.375 -0.225
2.4375 -0.25
2.4875 -0.275
2.525 -0.3125
2.5125 -0.2625
2.4875 -0.2125
2.4875 -0.1625
2.475 -0.1125
2.45 -0.0625
2.425 -0.0125
2.375 0.0374999
2.3375 0.0875001
2.3 0.1375
2.25 0.175
2.1625 0.2375
2.125 0.275
2.0875 0.325
2.025 0.35
1.975 0.375
1.925 0.4
1.9 0.45
1.8375 0.4875
1.7375 0.55
1.675 0.575
1.6375 0.625
1.5875 0.65
1.525 0.675
1.4625 0.7125
1.4125 0.7375
1.325 0.75
1.3125 0.8
1.25 0.825
1.175 0.8625
1.1 0.8625
1.0375 0.8875
0.9375 0.9375
0.875 0.9875
0.8 1.0125
0.725 1.0375
0.675 1.0625
0.6125 1.0875
0.525 1.1125
0.475 1.1125
0.425 1.1375
0.3625 1.1375
0.3 1.15
0.1875 1.175
0.125 1.175
0.0625 1.2
-0.0125 1.225
-0.0875 1.225
-0.2 1.225
-0.3 1.25
-0.35 1.25
-0.4125 1.25
-0.475 1.25
-0.5625 1.275
-0.6625 1.275
-0.7125 1.275
-0.8 1.275
-0.875 1.275
-0.925 1.275
-0.975 1.275
-1.05 1.275
-1.1625 1.275
-1.2375 1.275
-1.3 1.275
-1.4125 1.275
-1.4625 1.275
-1.55 1.275
-1.65 1.275
-1.7 1.275
-1.8125 1.275
-1.8625 1.275
-1.925 1.275
-1.975 1.2625
-2.0375 1.2625
-2.125 1.2375
-2.175 1.225
-2.275 1.2
-2.3625 1.2
-2.425 1.175
-2.525 1.15
-2.5875 1.15
-2.65 1.15
-2.7125 1.15
-2.775 1.15
-2.8375 1.15
-2.8875 1.1625
-2.95 1.1625
-3.0125 1.1625
-3.075 1.1625
-3.125 1.175
BezierPoints 55
-3.84309 1.33465
-3.88119 1.32897
-4.08236 1.12098
-4.24571 0.987928
-3.98192 1.08603
-3.74136 0.82912
-3.94868 0.580675
-4.18341 0.299371
-4.55551 0.662115
-4.38713 0.816032
-5.05928 0.118116
-6.37498 -0.291742
-7.67347 -0.619478
-6.93148 -0.699333
-4.76725 0.139122
-4.21322 0.305159
-3.97626 0.376174
-3.66713 -0.0237713
-3.40791 -0.138803
-3.14098 -0.257258
-3.08912 0.227614
-2.99078 0.535028
-2.93266 0.716721
-2.91451 0.85033
-2.63043 0.844545
-2.14101 0.834579
-1.40784 0.641796
-0.563919 0.580803
-0.142447 0.550342
0.0886917 0.749681
1.36666 0.390425
1.61138 0.24807
1.92118 0.232426
2.15074 0.0954533
2.33882 -0.651754
3.90217 -1.50251
3.70236 -1.34876
1.32873 0.418209
4.57199 -0.00321972
4.73986 -0.0619907
3.86823 0.0544815
1.41079 0.0357933
4.32681 1.54456
3.28605 1.05319
2.45168 1.01372
2.09495 0.346415
1.40225 0.573924
0.720574 0.75963
0.347008 0.870811
-0.702992 1.18331
-2.21559 1.28156
-2.93676 1.15562
-3.00199 1.14423
-3.39715 1.40113
-3.84309 1.33465
P -1.85 4.1375 0
T 0 0 -1
N -0.996241 -0.0866296 0
B 0.0866296 -0.996241 0
SketchPoints 264
0.2625 0.08854
0.275 0.138536
0.2875 0.18854
0.2875 0.251037
0.3 0.301036
0.3125 0.35104
0.35 0.38854
0.4 0.38854
0.4625 0.38854
0.525 0.38854
0.65 0.38854
0.775 0.38854
0.8625 0.38854
0.9125 0.38854
1.0125 0.38854
1.0625 0.38854
1.1625 0.38854
1.2125 0.38854
1.2625 0.40104
1.325 0.40104
1.375 0.42604
1.475 0.463533
1.575 0.50104
1.625 0.52604
1.6875 0.55104
1.75 0.601041
1.8125 0.638536
1.85 0.676037
1.8875 0.71354
1.9 0.776035
1.95 0.83854
1.9625 0.88854
1.9625 0.93854
2.0125 1.03854
2.0375 1.12604
2.0375 1.17604
2.0375 1.22604
2.0375 1.35104
2.0125 1.45104
1.9875 1.50104
1.9875 1.55104
1.9875 1.60104
1.95 1.63854
1.925 1.70104
1.9 1.76354
1.875 1.82604
1.825 1.87604
1.775 1.93854
1.725 1.97604
1.6875 2.02604
1.6375 2.05104
1.5875 2.08854
1.5375 2.11354
1.475 2.15104
1.4 2.18854
1.35 2.21354
1.25 2.25104
1.1625 2.28854
1.0875 2.31354
1.0375 2.36354
0.975 2.38854
0.925 2.38854
0.8375 2.42604
0.7625 2.45104
0.7125 2.46354
0.6625 2.48854
0.6 2.50104
0.549999 2.51354
0.4875 2.51354
0.4375 2.51354
0.425 2.46354
0.4125 2.41354
0.425 2.36354
0.475 2.33854
0.524999 2.30104
0.575 2.28854
0.625 2.26354
0.675 2.23854
0.7375 2.21354
0.8 2.18854
0.85 2.16353
0.899999 2.15103
0.95 2.10104
1 2.08854
1.05 2.07604
1.1125 2.03854
1.1625 2.01354
1.2125 1.97603
1.2625 1.95104
1.3 1.91354
1.35 1.86354
1.4125 1.81354
1.45 1.76354
1.4875 1.72604
1.5125 1.67604
1.55 1.62604
1.575 1.57604
1.6 1.51354
1.625 1.45104
1.6375 1.38854
1.65 1.32604
1.675 1.25104
1.675 1.18854
1.6875 1.12604
1.675 1.07604
1.6625 1.01354
1.6375 0.963536
1.6 0.91354
1.5375 0.88854
1.4875 0.851037
1.4375 0.826036
1.35 0.813536
1.3 0.801036
1.2375 0.776035
1.1875 0.75104
1.1 0.73854
1.025 0.73854
0.975 0.71354
0.925 0.71354
0.875 0.70104
0.825 0.70104
0.775 0.70104
0.725 0.70104
0.65 0.70104
0.6 0.70104
0.5375 0.70104
0.475 0.70104
0.4125 0.70104
0.35 0.70104
0.2875 0.70104
0.225 0.70104
0.1625 0.70104
-0.1625 0.70104
-0.225 0.70104
-0.2875 0.70104
-0.35 0.70104
-0.4125 0.70104
-0.475 0.70104
-0.5375 0.70104
-0.6 0.70104
-0.65 0.70104
-0.725 0.70104
-0.775 0.70104
-0.825 0.70104
-0.875 0.70104
-0.925 0.71354
-0.975 0.71354
-1.025 0.73854
-1.1 0.73854
-1.1875 0.75104
-1.2375 0.776035
-1.3 0.801036
-1.35 0.813536
-1.4375 0.826036
-1.4875 0.851037
-1.5375 0.88854
-1.6 0.91354
-1.6375 0.963536
-1.6625 1.01354
-1.675 1.07604
-1.6875 1.12604
-1.675 1.18854
-1.675 1.25104
-1.65 1.32604
-1.6375 1.38854
-1.625 1.45104
-1.6 1.51354
-1.575 1.57604
-1.55 1.62604
-1.5125 1.67604
-1.4875 1.72604
-1.45 1.76354
-1.4125 1.81354
-1.35 1.86354
-1.3 1.91354
-1.2625 1.95104
-1.2125 1.97603
-1.1625 2.01354
-1.1125 2.03854
-1.05 2.07604
-1 2.08854
-0.95 2.10104
-0.899999 2.15103
-0.85 2.16353
-0.8 2.18854
-0.7375 2.21354
-0.675 2.23854
-0.625 2.26354
-0.575 2.28854
-0.524999 2.30104
-0.475 2.33854
-0.425 2.36354
-0.4125 2.41354
-0.425 2.46354
-0.4375 2.51354
-0.4875 2.51354
-0.549999 2.51354
-0.6 2.50104
-0.6625 2.48854
-0.7125 2.46354
-0.7625 2.45104
-0.8375 2.42604
-0.925 2.38854
-0.975 2.38854
-1.0375 2.36354
-1.0875 2.31354
-1.1625 2.28854
-1.25 2.25104
-1.35 2.21354
-1.4 2.18854
-1.475 2.15104
-1.5375 2.11354
-1.5875 2.08854
-1.6375 2.05104
-1.6875 2.02604
-1.725 1.97604
-1.775 1.93854
-1.825 1.87604
-1.875 1.82604
-1.9 1.76354
-1.925 1.70104
-1.95 1.63854
-1.9875 1.60104
-1.9875 1.55104
-1.9875 1.50104
-2.0125 1.45104
-2.0375 1.35104
-2.0375 1.22604
-2.0375 1.17604
-2.0375 1.12604
-2.0125 1.03854
-1.9625 0.93854
-1.9625 0.88854
-1.95 0.83854
-1.9 0.776035
-1.8875 0.71354
-1.85 0.676037
-1.8125 0.638536
-1.75 0.601041
-1.6875 0.55104
-1.625 0.52604
-1.575 0.50104
-1.475 0.463533
-1.375 0.42604
-1.325 0.40104
-1.2625 0.40104
-1.2125 0.38854
-1.1625 0.38854
-1.0625 0.38854
-1.0125 0.38854
-0.9125 0.38854
-0.8625 0.38854
-0.775 0.38854
-0.65 0.38854
-0.525 0.38854
-0.4625 0.38854
-0.4 0.38854
-0.35 0.38854
-0.3125 0.35104
-0.3 0.301036
-0.2875 0.251037
-0.2875 0.18854
-0.275 0.138536
-0.2625 0.08854
BezierPoints 40
0.2625 0.08854
0.438238 0.79144
1.5399 0.0183377
1.8875 0.71354
2.32403 1.58659
1.74211 1.92075
1.0875 2.31354
1.00108 2.36539
0.550528 2.60396
0.4375 2.51354
0.268642 2.37845
0.666146 2.24208
0.7375 2.21354
1.12315 2.05928
1.98555 1.52042
1.6375 0.963536
1.52863 0.789339
1.20341 0.774223
1.025 0.73854
0.387847 0.611108
-1.04077 0.494141
-1.6 0.91354
-2.20755 1.36917
-0.947049 2.11763
-0.675 2.23854
-0.607363 2.2686
-0.281417 2.38867
-0.4375 2.51354
-0.550528 2.60396
-1.00108 2.36539
-1.0875 2.31354
-1.56104 2.0294
-2.16639 1.83491
-2.0375 1.12604
-1.83778 0.0276386
-0.438466 0.792352
-0.2625 0.08854
-0.230665 -0.0387906
0.230665 -0.0387906
0.2625 0.08854
P 1.20892 3.59006 0
T 0 0 -1
N -0.996241 -0.0866296 0
B 0.0866296 -0.996241 0
SketchPoints 264
0.2625 0.08854
0.275 0.138536
0.2875 0.18854
0.2875 0.251037
0.3 0.301036
0.3125 0.35104
0.35 0.38854
0.4 0.38854
0.4625 0.38854
0.525 0.38854
0.65 0.38854
0.775 0.38854
0.8625 0.38854
0.9125 0.38854
1.0125 0.38854
1.0625 0.38854
1.1625 0.38854
1.2125 0.38854
1.2625 0.40104
1.325 0.40104
1.375 0.42604
1.475 0.463533
1.575 0.50104
1.625 0.52604
1.6875 0.55104
1.75 0.601041
1.8125 0.638536
1.85 0.676037
1.8875 0.71354
1.9 0.776035
1.95 0.83854
1.9625 0.88854
1.9625 0.93854
2.0125 1.03854
2.0375 1.12604
2.0375 1.17604
2.0375 1.22604
2.0375 1.35104
2.0125 1.45104
1.9875 1.50104
1.9875 1.55104
1.9875 1.60104
1.95 1.63854
1.925 1.70104
1.9 1.76354
1.875 1.82604
1.825 1.87604
1.775 1.93854
1.725 1.97604
1.6875 2.02604
1.6375 2.05104
1.5875 2.08854
1.5375 2.11354
1.475 2.15104
1.4 2.18854
1.35 2.21354
1.25 2.25104
1.1625 2.28854
1.0875 2.31354
1.0375 2.36354
0.975 2.38854
0.925 2.38854
0.8375 2.42604
0.7625 2.45104
0.7125 2.46354
0.6625 2.48854
0.6 2.50104
0.549999 2.51354
0.4875 2.51354
0.4375 2.51354
0.425 2.46354
0.4125 2.41354
0.425 2.36354
0.475 2.33854
0.524999 2.30104
0.575 2.28854
0.625 2.26354
0.675 2.23854
0.7375 2.21354
0.8 2.18854
0.85 2.16353
0.899999 2.15103
0.95 2.10104
1 2.08854
1.05 2.07604
1.1125 2.03854
1.1625 2.01354
1.2125 1.97603
1.2625 1.95104
1.3 1.91354
1.35 1.86354
1.4125 1.81354
1.45 1.76354
1.4875 1.72604
1.5125 1.67604
1.55 1.62604
1.575 1.57604
1.6 1.51354
1.625 1.45104
1.6375 1.38854
1.65 1.32604
1.675 1.25104
1.675 1.18854
1.6875 1.12604
1.675 1.07604
1.6625 1.01354
1.6375 0.963536
1.6 0.91354
1.5375 0.88854
1.4875 0.851037
1.4375 0.826036
1.35 0.813536
1.3 0.801036
1.2375 0.776035
1.1875 0.75104
1.1 0.73854
1.025 0.73854
0.975 0.71354
0.925 0.71354
0.875 0.70104
0.825 0.70104
0.775 0.70104
0.725 0.70104
0.65 0.70104
0.6 0.70104
0.5375 0.70104
0.475 0.70104
0.4125 0.70104
0.35 0.70104
0.2875 0.70104
0.225 0.70104
0.1625 0.70104
-0.1625 0.70104
-0.225 0.70104
-0.2875 0.70104
-0.35 0.70104
-0.4125 0.70104
-0.475 0.70104
-0.5375 0.70104
-0.6 0.70104
-0.65 0.70104
-0.725 0.70104
-0.775 0.70104
-0.825 0.70104
-0.875 0.70104
-0.925 0.71354
-0.975 0.71354
-1.025 0.73854
-1.1 0.73854
-1.1875 0.75104
-1.2375 0.776035
-1.3 0.801036
-1.35 0.813536
-1.4375 0.826036
-1.4875 0.851037
-1.5375 0.88854
-1.6 0.91354
-1.6375 0.963536
-1.6625 1.01354
-1.675 1.07604
-1.6875 1.12604
-1.675 1.18854
-1.675 1.25104
-1.65 1.32604
-1.6375 1.38854
-1.625 1.45104
-1.6 1.51354
-1.575 1.57604
-1.55 1.62604
-1.5125 1.67604
-1.4875 1.72604
-1.45 1.76354
-1.4125 1.81354
-1.35 1.86354
-1.3 1.91354
-1.2625 1.95104
-1.2125 1.97603
-1.1625 2.01354
-1.1125 2.03854
-1.05 2.07604
-1 2.08854
-0.95 2.10104
-0.899999 2.15103
-0.85 2.16353
-0.8 2.18854
-0.7375 2.21354
-0.675 2.23854
-0.625 2.26354
-0.575 2.28854
-0.524999 2.30104
-0.475 2.33854
-0.425 2.36354
-0.4125 2.41354
-0.425 2.46354
-0.4375 2.51354
-0.4875 2.51354
-0.549999 2.51354
-0.6 2.50104
-0.6625 2.48854
-0.7125 2.46354
-0.7625 2.45104
-0.8375 2.42604
-0.925 2.38854
-0.975 2.38854
-1.0375 2.36354
-1.0875 2.31354
-1.1625 2.28854
-1.25 2.25104
-1.35 2.21354
-1.4 2.18854
-1.475 2.15104
-1.5375 2.11354
-1.5875 2.08854
-1.6375 2.05104
-1.6875 2.02604
-1.725 1.97604
-1.775 1.93854
-1.825 1.87604
-1.875 1.82604
-1.9 1.76354
-1.925 1.70104
-1.95 1.63854
-1.9875 1.60104
-1.9875 1.55104
-1.9875 1.50104
-2.0125 1.45104
-2.0375 1.35104
-2.0375 1.22604
-2.0375 1.17604
-2.0375 1.12604
-2.0125 1.03854
-1.9625 0.93854
-1.9625 0.88854
-1.95 0.83854
-1.9 0.776035
-1.8875 0.71354
-1.85 0.676037
-1.8125 0.638536
-1.75 0.601041
-1.6875 0.55104
-1.625 0.52604
-1.575 0.50104
-1.475 0.463533
-1.375 0.42604
-1.325 0.40104
-1.2625 0.40104
-1.2125 0.38854
-1.1625 0.38854
-1.0625 0.38854
-1.0125 0.38854
-0.9125 0.38854
-0.8625 0.38854
-0.775 0.38854
-0.65 0.38854
-0.525 0.38854
-0.4625 0.38854
-0.4 0.38854
-0.35 0.38854
-0.3125 0.35104
-0.3 0.301036
-0.2875 0.251037
-0.2875 0.18854
-0.275 0.138536
-0.2625 0.08854
BezierPoints 40
0.110137 0.0371488
0.183872 0.332065
0.646098 0.00769397
0.791941 0.299381
0.975096 0.665688
0.730939 0.805892
0.456284 0.970695
0.420024 0.99245
0.230986 1.09255
0.183562 1.05461
0.112714 0.997929
0.279496 0.940712
0.309434 0.928738
0.471241 0.864015
0.83308 0.637924
0.687048 0.404272
0.641369 0.331184
0.504916 0.324842
0.430061 0.30987
0.162729 0.256403
-0.436677 0.207327
-0.671314 0.383295
-0.926225 0.574464
-0.397355 0.888497
-0.283211 0.939227
-0.254832 0.951839
-0.118074 1.00222
-0.183562 1.05461
-0.230986 1.09255
-0.420024 0.99245
-0.456284 0.970695
-0.654968 0.851478
-0.908955 0.769876
-0.854876 0.472454
-0.77108 0.0115964
-0.183968 0.332448
-0.110137 0.0371488
-0.0967804 -0.0162754
0.0967804 -0.0162754
0.110137 0.0371488
P 0.694418 3.73518 0
T 0 0 -1
N -0.996241 -0.0866296 0
B 0.0866296 -0.996241 0
SketchPoints 264
0.2625 0.08854
0.275 0.138536
0.2875 0.18854
0.2875 0.251037
0.3 0.301036
0.3125 0.35104
0.35 0.38854
0.4 0.38854
0.4625 0.38854
0.525 0.38854
0.65 0.38854
0.775 0.38854
0.8625 0.38854
0.9125 0.38854
1.0125 0.38854
1.0625 0.38854
1.1625 0.38854
1.2125 0.38854
1.2625 0.40104
1.325 0.40104
1.375 0.42604
1.475 0.463533
1.575 0.50104
1.625 0.52604
1.6875 0.55104
1.75 0.601041
1.8125 0.638536
1.85 0.676037
1.8875 0.71354
1.9 0.776035
1.95 0.83854
1.9625 0.88854
1.9625 0.93854
2.0125 1.03854
2.0375 1.12604
2.0375 1.17604
2.0375 1.22604
2.0375 1.35104
2.0125 1.45104
1.9875 1.50104
1.9875 1.55104
1.9875 1.60104
1.95 1.63854
1.925 1.70104
1.9 1.76354
1.875 1.82604
1.825 1.87604
1.775 1.93854
1.725 1.97604
1.6875 2.02604
1.6375 2.05104
1.5875 2.08854
1.5375 2.11354
1.475 2.15104
1.4 2.18854
1.35 2.21354
1.25 2.25104
1.1625 2.28854
1.0875 2.31354
1.0375 2.36354
0.975 2.38854
0.925 2.38854
0.8375 2.42604
0.7625 2.45104
0.7125 2.46354
0.6625 2.48854
0.6 2.50104
0.549999 2.51354
0.4875 2.51354
0.4375 2.51354
0.425 2.46354
0.4125 2.41354
0.425 2.36354
0.475 2.33854
0.524999 2.30104
0.575 2.28854
0.625 2.26354
0.675 2.23854
0.7375 2.21354
0.8 2.18854
0.85 2.16353
0.899999 2.15103
0.95 2.10104
1 2.08854
1.05 2.07604
1.1125 2.03854
1.1625 2.01354
1.2125 1.97603
1.2625 1.95104
1.3 1.91354
1.35 1.86354
1.4125 1.81354
1.45 1.76354
1.4875 1.72604
1.5125 1.67604
1.55 1.62604
1.575 1.57604
1.6 1.51354
1.625 1.45104
1.6375 1.38854
1.65 1.32604
1.675 1.25104
1.675 1.18854
1.6875 1.12604
1.675 1.07604
1.6625 1.01354
1.6375 0.963536
1.6 0.91354
1.5375 0.88854
1.4875 0.851037
1.4375 0.826036
1.35 0.813536
1.3 0.801036
1.2375 0.776035
1.1875 0.75104
1.1 0.73854
1.025 0.73854
0.975 0.71354
0.925 0.71354
0.875 0.70104
0.825 0.70104
0.775 0.70104
0.725 0.70104
0.65 0.70104
0.6 0.70104
0.5375 0.70104
0.475 0.70104
0.4125 0.70104
0.35 0.70104
0.2875 0.70104
0.225 0.70104
0.1625 0.70104
-0.1625 0.70104
-0.225 0.70104
-0.2875 0.70104
-0.35 0.70104
-0.4125 0.70104
-0.475 0.70104
-0.5375 0.70104
-0.6 0.70104
-0.65 0.70104
-0.725 0.70104
-0.775 0.70104
-0.825 0.70104
-0.875 0.70104
-0.925 0.71354
-0.975 0.71354
-1.025 0.73854
-1.1 0.73854
-1.1875 0.75104
-1.2375 0.776035
-1.3 0.801036
-1.35 0.813536
-1.4375 0.826036
-1.4875 0.851037
-1.5375 0.88854
-1.6 0.91354
-1.6375 0.963536
-1.6625 1.01354
-1.675 1.07604
-1.6875 1.12604
-1.675 1.18854
-1.675 1.25104
-1.65 1.32604
-1.6375 1.38854
-1.625 1.45104
-1.6 1.51354
-1.575 1.57604
-1.55 1.62604
-1.5125 1.67604
-1.4875 1.72604
-1.45 1.76354
-1.4125 1.81354
-1.35 1.86354
-1.3 1.91354
-1.2625 1.95104
-1.2125 1.97603
-1.1625 2.01354
-1.1125 2.03854
-1.05 2.07604
-1 2.08854
-0.95 2.10104
-0.899999 2.15103
-0.85 2.16353
-0.8 2.18854
-0.7375 2.21354
-0.675 2.23854
-0.625 2.26354
-0.575 2.28854
-0.524999 2.30104
-0.475 2.33854
-0.425 2.36354
-0.4125 2.41354
-0.425 2.46354
-0.4375 2.51354
-0.4875 2.51354
-0.549999 2.51354
-0.6 2.50104
-0.6625 2.48854
-0.7125 2.46354
-0.7625 2.45104
-0.8375 2.42604
-0.925 2.38854
-0.975 2.38854
-1.0375 2.36354
-1.0875 2.31354
-1.1625 2.28854
-1.25 2.25104
-1.35 2.21354
-1.4 2.18854
-1.475 2.15104
-1.5375 2.11354
-1.5875 2.08854
-1.6375 2.05104
-1.6875 2.02604
-1.725 1.97604
-1.775 1.93854
-1.825 1.87604
-1.875 1.82604
-1.9 1.76354
-1.925 1.70104
-1.95 1.63854
-1.9875 1.60104
-1.9875 1.55104
-1.9875 1.50104
-2.0125 1.45104
-2.0375 1.35104
-2.0375 1.22604
-2.0375 1.17604
-2.0375 1.12604
-2.0125 1.03854
-1.9625 0.93854
-1.9625 0.88854
-1.95 0.83854
-1.9 0.776035
-1.8875 0.71354
-1.85 0.676037
-1.8125 0.638536
-1.75 0.601041
-1.6875 0.55104
-1.625 0.52604
-1.575 0.50104
-1.475 0.463533
-1.375 0.42604
-1.325 0.40104
-1.2625 0.40104
-1.2125 0.38854
-1.1625 0.38854
-1.0625 0.38854
-1.0125 0.38854
-0.9125 0.38854
-0.8625 0.38854
-0.775 0.38854
-0.65 0.38854
-0.525 0.38854
-0.4625 0.38854
-0.4 0.38854
-0.35 0.38854
-0.3125 0.35104
-0.3 0.301036
-0.2875 0.251037
-0.2875 0.18854
-0.275 0.138536
-0.2625 0.08854
BezierPoints 40
0.129039 0.0435243
0.215428 0.389054
0.756981 0.00901441
0.927853 0.350761
1.14244 0.779933
0.856383 0.944198
0.534591 1.13729
0.492109 1.16277
0.270627 1.28005
0.215065 1.2356
0.132058 1.16919
0.327463 1.10216
0.362539 1.08813
0.552116 1.0123
0.976053 0.747405
0.804959 0.473653
0.751441 0.388022
0.59157 0.380591
0.503867 0.36305
0.190657 0.300407
-0.51162 0.242909
-0.786525 0.449076
-1.08518 0.673054
-0.465548 1.04098
-0.331815 1.10042
-0.298566 1.11519
-0.138338 1.17422
-0.215065 1.2356
-0.270627 1.28005
-0.492109 1.16277
-0.534591 1.13729
-0.767373 0.997608
-1.06495 0.902001
-1.00159 0.553536
-0.903412 0.0135865
-0.21554 0.389503
-0.129039 0.0435243
-0.11339 -0.0190686
0.11339 -0.0190686
0.129039 0.0435243
P 0.180678 3.87149 0
T 0 0 -1
N -0.996241 -0.0866296 0
B 0.0866296 -0.996241 0
SketchPoints 264
0.2625 0.08854
0.275 0.138536
0.2875 0.18854
0.2875 0.251037
0.3 0.301036
0.3125 0.35104
0.35 0.38854
0.4 0.38854
0.4625 0.38854
0.525 0.38854
0.65 0.38854
0.775 0.38854
0.8625 0.38854
0.9125 0.38854
1.0125 0.38854
1.0625 0.38854
1.1625 0.38854
1.2125 0.38854
1.2625 0.40104
1.325 0.40104
1.375 0.42604
1.475 0.463533
1.575 0.50104
1.625 0.52604
1.6875 0.55104
1.75 0.601041
1.8125 0.638536
1.85 0.676037
1.8875 0.71354
1.9 0.776035
1.95 0.83854
1.9625 0.88854
1.9625 0.93854
2.0125 1.03854
2.0375 1.12604
2.0375 1.17604
2.0375 1.22604
2.0375 1.35104
2.0125 1.45104
1.9875 1.50104
1.9875 1.55104
1.9875 1.60104
1.95 1.63854
1.925 1.70104
1.9 1.76354
1.875 1.82604
1.825 1.87604
1.775 1.93854
1.725 1.97604
1.6875 2.02604
1.6375 2.05104
1.5875 2.08854
1.5375 2.11354
1.475 2.15104
1.4 2.18854
1.35 2.21354
1.25 2.25104
1.1625 2.28854
1.0875 2.31354
1.0375 2.36354
0.975 2.38854
0.925 2.38854
0.8375 2.42604
0.7625 2.45104
0.7125 2.46354
0.6625 2.48854
0.6 2.50104
0.549999 2.51354
0.4875 2.51354
0.4375 2.51354
0.425 2.46354
0.4125 2.41354
0.425 2.36354
0.475 2.33854
0.524999 2.30104
0.575 2.28854
0.625 2.26354
0.675 2.23854
0.7375 2.21354
0.8 2.18854
0.85 2.16353
0.899999 2.15103
0.95 2.10104
1 2.08854
1.05 2.07604
1.1125 2.03854
1.1625 2.01354
1.2125 1.97603
1.2625 1.95104
1.3 1.91354
1.35 1.86354
1.4125 1.81354
1.45 1.76354
1.4875 1.72604
1.5125 1.67604
1.55 1.62604
1.575 1.57604
1.6 1.51354
1.625 1.45104
1.6375 1.38854
1.65 1.32604
1.675 1.25104
1.675 1.18854
1.6875 1.12604
1.675 1.07604
1.6625 1.01354
1.6375 0.963536
1.6 0.91354
1.5375 0.88854
1.4875 0.851037
1.4375 0.826036
1.35 0.813536
1.3 0.801036
1.2375 0.776035
1.1875 0.75104
1.1 0.73854
1.025 0.73854
0.975 0.71354
0.925 0.71354
0.875 0.70104
0.825 0.70104
0.775 0.70104
0.725 0.70104
0.65 0.70104
0.6 0.70104
0.5375 0.70104
0.475 0.70104
0.4125 0.70104
0.35 0.70104
0.2875 0.70104
0.225 0.70104
0.1625 0.70104
-0.1625 0.70104
-0.225 0.70104
-0.2875 0.70104
-0.35 0.70104
-0.4125 0.70104
-0.475 0.70104
-0.5375 0.70104
-0.6 0.70104
-0.65 0.70104
-0.725 0.70104
-0.775 0.70104
-0.825 0.70104
-0.875 0.70104
-0.925 0.71354
-0.975 0.71354
-1.025 0.73854
-1.1 0.73854
-1.1875 0.75104
-1.2375 0.776035
-1.3 0.801036
-1.35 0.813536
-1.4375 0.826036
-1.4875 0.851037
-1.5375 0.88854
-1.6 0.91354
-1.6375 0.963536
-1.6625 1.01354
-1.675 1.07604
-1.6875 1.12604
-1.675 1.18854
-1.675 1.25104
-1.65 1.32604
-1.6375 1.38854
-1.625 1.45104
-1.6 1.51354
-1.575 1.57604
-1.55 1.62604
-1.5125 1.67604
-1.4875 1.72604
-1.45 1.76354
-1.4125 1.81354
-1.35 1.86354
-1.3 1.91354
-1.2625 1.95104
-1.2125 1.97603
-1.1625 2.01354
-1.1125 2.03854
-1.05 2.07604
-1 2.08854
-0.95 2.10104
-0.899999 2.15103
-0.85 2.16353
-0.8 2.18854
-0.7375 2.21354
-0.675 2.23854
-0.625 2.26354
-0.575 2.28854
-0.524999 2.30104
-0.475 2.33854
-0.425 2.36354
-0.4125 2.41354
-0.425 2.46354
-0.4375 2.51354
-0.4875 2.51354
-0.549999 2.51354
-0.6 2.50104
-0.6625 2.48854
-0.7125 2.46354
-0.7625 2.45104
-0.8375 2.42604
-0.925 2.38854
-0.975 2.38854
-1.0375 2.36354
-1.0875 2.31354
-1.1625 2.28854
-1.25 2.25104
-1.35 2.21354
-1.4 2.18854
-1.475 2.15104
-1.5375 2.11354
-1.5875 2.08854
-1.6375 2.05104
-1.6875 2.02604
-1.725 1.97604
-1.775 1.93854
-1.825 1.87604
-1.875 1.82604
-1.9 1.76354
-1.925 1.70104
-1.95 1.63854
-1.9875 1.60104
-1.9875 1.55104
-1.9875 1.50104
-2.0125 1.45104
-2.0375 1.35104
-2.0375 1.22604
-2.0375 1.17604
-2.0375 1.12604
-2.0125 1.03854
-1.9625 0.93854
-1.9625 0.88854
-1.95 0.83854
-1.9 0.776035
-1.8875 0.71354
-1.85 0.676037
-1.8125 0.638536
-1.75 0.601041
-1.6875 0.55104
-1.625 0.52604
-1.575 0.50104
-1.475 0.463533
-1.375 0.42604
-1.325 0.40104
-1.2625 0.40104
-1.2125 0.38854
-1.1625 0.38854
-1.0625 0.38854
-1.0125 0.38854
-0.9125 0.38854
-0.8625 0.38854
-0.775 0.38854
-0.65 0.38854
-0.525 0.38854
-0.4625 0.38854
-0.4 0.38854
-0.35 0.38854
-0.3125 0.35104
-0.3 0.301036
-0.2875 0.251037
-0.2875 0.18854
-0.275 0.138536
-0.2625 0.08854
BezierPoints 40
0.179117 0.0604152
0.299031 0.540038
1.05075 0.0125127
1.28793 0.486883
1.5858 1.08261
1.18873 1.31062
0.742054 1.57864
0.683086 1.61402
0.375652 1.77681
0.298528 1.71511
0.183308 1.62293
0.454544 1.52988
0.503232 1.51041
0.76638 1.40515
1.35484 1.03746
1.11735 0.657468
1.04306 0.538604
0.821145 0.52829
0.699408 0.503942
0.264647 0.416989
-0.710168 0.337177
-1.09176 0.623353
-1.50632 0.934251
-0.646218 1.44496
-0.460585 1.52746
-0.414433 1.54798
-0.192025 1.62991
-0.298528 1.71511
-0.375652 1.77681
-0.683086 1.61402
-0.742054 1.57864
-1.06517 1.38476
-1.47823 1.25205
-1.39029 0.768352
-1.25401 0.0188592
-0.299187 0.54066
-0.179117 0.0604152
-0.157394 -0.0264687
0.157394 -0.0264687
0.179117 0.0604152
P -0.329735 3.96954 0
T 0 0 -1
N -0.996241 -0.0866296 0
B 0.0866296 -0.996241 0
SketchPoints 264
0.2625 0.08854
0.275 0.138536
0.2875 0.18854
0.2875 0.251037
0.3 0.301036
0.3125 0.35104
0.35 0.38854
0.4 0.38854
0.4625 0.38854
0.525 0.38854
0.65 0.38854
0.775 0.38854
0.8625 0.38854
0.9125 0.38854
1.0125 0.38854
1.0625 0.38854
1.1625 0.38854
1.2125 0.38854
1.2625 0.40104
1.325 0.40104
1.375 0.42604
1.475 0.463533
1.575 0.50104
1.625 0.52604
1.6875 0.55104
1.75 0.601041
1.8125 0.638536
1.85 0.676037
1.8875 0.71354
1.9 0.776035
1.95 0.83854
1.9625 0.88854
1.9625 0.93854
2.0125 1.03854
2.0375 1.12604
2.0375 1.17604
2.0375 1.22604
2.0375 1.35104
2.0125 1.45104
1.9875 1.50104
1.9875 1.55104
1.9875 1.60104
1.95 1.63854
1.925 1.70104
1.9 1.76354
1.875 1.82604
1.825 1.87604
1.775 1.93854
1.725 1.97604
1.6875 2.02604
1.6375 2.05104
1.5875 2.08854
1.5375 2.11354
1.475 2.15104
1.4 2.18854
1.35 2.21354
1.25 2.25104
1.1625 2.28854
1.0875 2.31354
1.0375 2.36354
0.975 2.38854
0.925 2.38854
0.8375 2.42604
0.7625 2.45104
0.7125 2.46354
0.6625 2.48854
0.6 2.50104
0.549999 2.51354
0.4875 2.51354
0.4375 2.51354
0.425 2.46354
0.4125 2.41354
0.425 2.36354
0.475 2.33854
0.524999 2.30104
0.575 2.28854
0.625 2.26354
0.675 2.23854
0.7375 2.21354
0.8 2.18854
0.85 2.16353
0.899999 2.15103
0.95 2.10104
1 2.08854
1.05 2.07604
1.1125 2.03854
1.1625 2.01354
1.2125 1.97603
1.2625 1.95104
1.3 1.91354
1.35 1.86354
1.4125 1.81354
1.45 1.76354
1.4875 1.72604
1.5125 1.67604
1.55 1.62604
1.575 1.57604
1.6 1.51354
1.625 1.45104
1.6375 1.38854
1.65 1.32604
1.675 1.25104
1.675 1.18854
1.6875 1.12604
1.675 1.07604
1.6625 1.01354
1.6375 0.963536
1.6 0.91354
1.5375 0.88854
1.4875 0.851037
1.4375 0.826036
1.35 0.813536
1.3 0.801036
1.2375 0.776035
1.1875 0.75104
1.1 0.73854
1.025 0.73854
0.975 0.71354
0.925 0.71354
0.875 0.70104
0.825 0.70104
0.775 0.70104
0.725 0.70104
0.65 0.70104
0.6 0.70104
0.5375 0.70104
0.475 0.70104
0.4125 0.70104
0.35 0.70104
0.2875 0.70104
0.225 0.70104
0.1625 0.70104
-0.1625 0.70104
-0.225 0.70104
-0.2875 0.70104
-0.35 0.70104
-0.4125 0.70104
-0.475 0.70104
-0.5375 0.70104
-0.6 0.70104
-0.65 0.70104
-0.725 0.70104
-0.775 0.70104
-0.825 0.70104
-0.875 0.70104
-0.925 0.71354
-0.975 0.71354
-1.025 0.73854
-1.1 0.73854
-1.1875 0.75104
-1.2375 0.776035
-1.3 0.801036
-1.35 0.813536
-1.4375 0.826036
-1.4875 0.851037
-1.5375 0.88854
-1.6 0.91354
-1.6375 0.963536
-1.6625 1.01354
-1.675 1.07604
-1.6875 1.12604
-1.675 1.18854
-1.675 1.25104
-1.65 1.32604
-1.6375 1.38854
-1.625 1.45104
-1.6 1.51354
-1.575 1.57604
-1.55 1.62604
-1.5125 1.67604
-1.4875 1.72604
-1.45 1.76354
-1.4125 1.81354
-1.35 1.86354
-1.3 1.91354
-1.2625 1.95104
-1.2125 1.97603
-1.1625 2.01354
-1.1125 2.03854
-1.05 2.07604
-1 2.08854
-0.95 2.10104
-0.899999 2.15103
-0.85 2.16353
-0.8 2.18854
-0.7375 2.21354
-0.675 2.23854
-0.625 2.26354
-0.575 2.28854
-0.524999 2.30104
-0.475 2.33854
-0.425 2.36354
-0.4125 2.41354
-0.425 2.46354
-0.4375 2.51354
-0.4875 2.51354
-0.549999 2.51354
-0.6 2.50104
-0.6625 2.48854
-0.7125 2.46354
-0.7625 2.45104
-0.8375 2.42604
-0.925 2.38854
-0.975 2.38854
-1.0375 2.36354
-1.0875 2.31354
-1.1625 2.28854
-1.25 2.25104
-1.35 2.21354
-1.4 2.18854
-1.475 2.15104
-1.5375 2.11354
-1.5875 2.08854
-1.6375 2.05104
-1.6875 2.02604
-1.725 1.97604
-1.775 1.93854
-1.825 1.87604
-1.875 1.82604
-1.9 1.76354
-1.925 1.70104
-1.95 1.63854
-1.9875 1.60104
-1.9875 1.55104
-1.9875 1.50104
-2.0125 1.45104
-2.0375 1.35104
-2.0375 1.22604
-2.0375 1.17604
-2.0375 1.12604
-2.0125 1.03854
-1.9625 0.93854
-1.9625 0.88854
-1.95 0.83854
-1.9 0.776035
-1.8875 0.71354
-1.85 0.676037
-1.8125 0.638536
-1.75 0.601041
-1.6875 0.55104
-1.625 0.52604
-1.575 0.50104
-1.475 0.463533
-1.375 0.42604
-1.325 0.40104
-1.2625 0.40104
-1.2125 0.38854
-1.1625 0.38854
-1.0625 0.38854
-1.0125 0.38854
-0.9125 0.38854
-0.8625 0.38854
-0.775 0.38854
-0.65 0.38854
-0.525 0.38854
-0.4625 0.38854
-0.4 0.38854
-0.35 0.38854
-0.3125 0.35104
-0.3 0.301036
-0.2875 0.251037
-0.2875 0.18854
-0.275 0.138536
-0.2625 0.08854
BezierPoints 40
0.257093 0.0867163
0.429211 0.775138
1.50818 0.01796
1.84862 0.698843
2.27616 1.55391
1.70623 1.88119
1.0651 2.26589
0.98046 2.31667
0.539188 2.55032
0.428489 2.46177
0.263109 2.32946
0.652425 2.1959
0.722309 2.16795
1.10002 2.01686
1.94465 1.4891
1.60377 0.94369
1.49714 0.773081
1.17862 0.758276
1.00389 0.723328
0.379858 0.598521
-1.01933 0.483963
-1.56704 0.894723
-2.16208 1.34097
-0.927542 2.07401
-0.661097 2.19243
-0.594853 2.22187
-0.27562 2.33947
-0.428489 2.46177
-0.539188 2.55032
-0.98046 2.31667
-1.0651 2.26589
-1.52889 1.9876
-2.12177 1.79712
-1.99553 1.10285
-1.79993 0.0270693
-0.429435 0.776031
-0.257093 0.0867163
-0.225914 -0.0379916
0.225914 -0.0379916
0.257093 0.0867163
P -0.838016 4.04307 0
T 0 0 -1
N -0.996241 -0.0866296 0
B 0.0866296 -0.996241 0
SketchPoints 264
0.2625 0.08854
0.275 0.138536
0.2875 0.18854
0.2875 0.251037
0.3 0.301036
0.3125 0.35104
0.35 0.38854
0.4 0.38854
0.4625 0.38854
0.525 0.38854
0.65 0.38854
0.775 0.38854
0.8625 0.38854
0.9125 0.38854
1.0125 0.38854
1.0625 0.38854
1.1625 0.38854
1.2125 0.38854
1.2625 0.40104
1.325 0.40104
1.375 0.42604
1.475 0.463533
1.575 0.50104
1.625 0.52604
1.6875 0.55104
1.75 0.601041
1.8125 0.638536
1.85 0.676037
1.8875 0.71354
1.9 0.776035
1.95 0.83854
1.9625 0.88854
1.9625 0.93854
2.0125 1.03854
2.0375 1.12604
2.0375 1.17604
2.0375 1.22604
2.0375 1.35104
2.0125 1.45104
1.9875 1.50104
1.9875 1.55104
1.9875 1.60104
1.95 1.63854
1.925 1.70104
1.9 1.76354
1.875 1.82604
1.825 1.87604
1.775 1.93854
1.725 1.97604
1.6875 2.02604
1.6375 2.05104
1.5875 2.08854
1.5375 2.11354
1.475 2.15104
1.4 2.18854
1.35 2.21354
1.25 2.25104
1.1625 2.28854
1.0875 2.31354
1.0375 2.36354
0.975 2.38854
0.925 2.38854
0.8375 2.42604
0.7625 2.45104
0.7125 2.46354
0.6625 2.48854
0.6 2.50104
0.549999 2.51354
0.4875 2.51354
0.4375 2.51354
0.425 2.46354
0.4125 2.41354
0.425 2.36354
0.475 2.33854
0.524999 2.30104
0.575 2.28854
0.625 2.26354
0.675 2.23854
0.7375 2.21354
0.8 2.18854
0.85 2.16353
0.899999 2.15103
0.95 2.10104
1 2.08854
1.05 2.07604
1.1125 2.03854
1.1625 2.01354
1.2125 1.97603
1.2625 1.95104
1.3 1.91354
1.35 1.86354
1.4125 1.81354
1.45 1.76354
1.4875 1.72604
1.5125 1.67604
1.55 1.62604
1.575 1.57604
1.6 1.51354
1.625 1.45104
1.6375 1.38854
1.65 1.32604
1.675 1.25104
1.675 1.18854
1.6875 1.12604
1.675 1.07604
1.6625 1.01354
1.6375 0.963536
1.6 0.91354
1.5375 0.88854
1.4875 0.851037
1.4375 0.826036
1.35 0.813536
1.3 0.801036
1.2375 0.776035
1.1875 0.75104
1.1 0.73854
1.025 0.73854
0.975 0.71354
0.925 0.71354
0.875 0.70104
0.825 0.70104
0.775 0.70104
0.725 0.70104
0.65 0.70104
0.6 0.70104
0.5375 0.70104
0.475 0.70104
0.4125 0.70104
0.35 0.70104
0.2875 0.70104
0.225 0.70104
0.1625 0.70104
-0.1625 0.70104
-0.225 0.70104
-0.2875 0.70104
-0.35 0.70104
-0.4125 0.70104
-0.475 0.70104
-0.5375 0.70104
-0.6 0.70104
-0.65 0.70104
-0.725 0.70104
-0.775 0.70104
-0.825 0.70104
-0.875 0.70104
-0.925 0.71354
-0.975 0.71354
-1.025 0.73854
-1.1 0.73854
-1.1875 0.75104
-1.2375 0.776035
-1.3 0.801036
-1.35 0.813536
-1.4375 0.826036
-1.4875 0.851037
-1.5375 0.88854
-1.6 0.91354
-1.6375 0.963536
-1.6625 1.01354
-1.675 1.07604
-1.6875 1.12604
-1.675 1.18854
-1.675 1.25104
-1.65 1.32604
-1.6375 1.38854
-1.625 1.45104
-1.6 1.51354
-1.575 1.57604
-1.55 1.62604
-1.5125 1.67604
-1.4875 1.72604
-1.45 1.76354
-1.4125 1.81354
-1.35 1.86354
-1.3 1.91354
-1.2625 1.95104
-1.2125 1.97603
-1.1625 2.01354
-1.1125 2.03854
-1.05 2.07604
-1 2.08854
-0.95 2.10104
-0.899999 2.15103
-0.85 2.16353
-0.8 2.18854
-0.7375 2.21354
-0.675 2.23854
-0.625 2.26354
-0.575 2.28854
-0.524999 2.30104
-0.475 2.33854
-0.425 2.36354
-0.4125 2.41354
-0.425 2.46354
-0.4375 2.51354
-0.4875 2.51354
-0.549999 2.51354
-0.6 2.50104
-0.6625 2.48854
-0.7125 2.46354
-0.7625 2.45104
-0.8375 2.42604
-0.925 2.38854
-0.975 2.38854
-1.0375 2.36354
-1.0875 2.31354
-1.1625 2.28854
-1.25 2.25104
-1.35 2.21354
-1.4 2.18854
-1.475 2.15104
-1.5375 2.11354
-1.5875 2.08854
-1.6375 2.05104
-1.6875 2.02604
-1.725 1.97604
-1.775 1.93854
-1.825 1.87604
-1.875 1.82604
-1.9 1.76354
-1.925 1.70104
-1.95 1.63854
-1.9875 1.60104
-1.9875 1.55104
-1.9875 1.50104
-2.0125 1.45104
-2.0375 1.35104
-2.0375 1.22604
-2.0375 1.17604
-2.0375 1.12604
-2.0125 1.03854
-1.9625 0.93854
-1.9625 0.88854
-1.95 0.83854
-1.9 0.776035
-1.8875 0.71354
-1.85 0.676037
-1.8125 0.638536
-1.75 0.601041
-1.6875 0.55104
-1.625 0.52604
-1.575 0.50104
-1.475 0.463533
-1.375 0.42604
-1.325 0.40104
-1.2625 0.40104
-1.2125 0.38854
-1.1625 0.38854
-1.0625 0.38854
-1.0125 0.38854
-0.9125 0.38854
-0.8625 0.38854
-0.775 0.38854
-0.65 0.38854
-0.525 0.38854
-0.4625 0.38854
-0.4 0.38854
-0.35 0.38854
-0.3125 0.35104
-0.3 0.301036
-0.2875 0.251037
-0.2875 0.18854
-0.275 0.138536
-0.2625 0.08854
BezierPoints 40
0.295385 0.099632
0.493139 0.890589
1.73281 0.020635
2.12396 0.80293
2.61518 1.78535
1.96035 2.16137
1.22374 2.60337
1.12649 2.66172
0.619496 2.93017
0.492308 2.82843
0.302296 2.67641
0.749598 2.52296
0.829891 2.49084
1.26385 2.31726
2.23429 1.71089
1.84264 1.08424
1.72013 0.888224
1.35417 0.871215
1.15341 0.831061
0.436435 0.687665
-1.17115 0.556045
-1.80044 1.02798
-2.4841 1.54069
-1.06569 2.38292
-0.759561 2.51898
-0.683451 2.5528
-0.316672 2.68791
-0.492308 2.82843
-0.619496 2.93017
-1.12649 2.66172
-1.22374 2.60337
-1.7566 2.28364
-2.43779 2.06478
-2.29275 1.26711
-2.06801 0.0311011
-0.493395 0.891615
-0.295385 0.099632
-0.259562 -0.0436501
0.259562 -0.0436501
0.295385 0.099632
P -1.34487 4.10023 0
T 0 0 -1
N -0.996241 -0.0866296 0
B 0.0866296 -0.996241 0
SketchPoints 264
0.2625 0.08854
0.275 0.138536
0.2875 0.18854
0.2875 0.251037
0.3 0.301036
0.3125 0.35104
0.35 0.38854
0.4 0.38854
0.4625 0.38854
0.525 0.38854
0.65 0.38854
0.775 0.38854
0.8625 0.38854
0.9125 0.38854
1.0125 0.38854
1.0625 0.38854
1.1625 0.38854
1.2125 0.38854
1.2625 0.40104
1.325 0.40104
1.375 0.42604
1.475 0.463533
1.575 0.50104
1.625 0.52604
1.6875 0.55104
1.75 0.601041
1.8125 0.638536
1.85 0.676037
1.8875 0.71354
1.9 0.776035
1.95 0.83854
1.9625 0.88854
1.9625 0.93854
2.0125 1.03854
2.0375 1.12604
2.0375 1.17604
2.0375 1.22604
2.0375 1.35104
2.0125 1.45104
1.9875 1.50104
1.9875 1.55104
1.9875 1.60104
1.95 1.63854
1.925 1.70104
1.9 1.76354
1.875 1.82604
1.825 1.87604
1.775 1.93854
1.725 1.97604
1.6875 2.02604
1.6375 2.05104
1.5875 2.08854
1.5375 2.11354
1.475 2.15104
1.4 2.18854
1.35 2.21354
1.25 2.25104
1.1625 2.28854
1.0875 2.31354
1.0375 2.36354
0.975 2.38854
0.925 2.38854
0.8375 2.42604
0.7625 2.45104
0.7125 2.46354
0.6625 2.48854
0.6 2.50104
0.549999 2.51354
0.4875 2.51354
0.4375 2.51354
0.425 2.46354
0.4125 2.41354
0.425 2.36354
0.475 2.33854
0.524999 2.30104
0.575 2.28854
0.625 2.26354
0.675 2.23854
0.7375 2.21354
0.8 2.18854
0.85 2.16353
0.899999 2.15103
0.95 2.10104
1 2.08854
1.05 2.07604
1.1125 2.03854
1.1625 2.01354
1.2125 1.97603
1.2625 1.95104
1.3 1.91354
1.35 1.86354
1.4125 1.81354
1.45 1.76354
1.4875 1.72604
1.5125 1.67604
1.55 1.62604
1.575 1.57604
1.6 1.51354
1.625 1.45104
1.6375 1.38854
1.65 1.32604
1.675 1.25104
1.675 1.18854
1.6875 1.12604
1.675 1.07604
1.6625 1.01354
1.6375 0.963536
1.6 0.91354
1.5375 0.88854
1.4875 0.851037
1.4375 0.826036
1.35 0.813536
1.3 0.801036
1.2375 0.776035
1.1875 0.75104
1.1 0.73854
1.025 0.73854
0.975 0.71354
0.925 0.71354
0.875 0.70104
0.825 0.70104
0.775 0.70104
0.725 0.70104
0.65 0.70104
0.6 0.70104
0.5375 0.70104
0.475 0.70104
0.4125 0.70104
0.35 0.70104
0.2875 0.70104
0.225 0.70104
0.1625 0.70104
-0.1625 0.70104
-0.225 0.70104
-0.2875 0.70104
-0.35 0.70104
-0.4125 0.70104
-0.475 0.70104
-0.5375 0.70104
-0.6 0.70104
-0.65 0.70104
-0.725 0.70104
-0.775 0.70104
-0.825 0.70104
-0.875 0.70104
-0.925 0.71354
-0.975 0.71354
-1.025 0.73854
-1.1 0.73854
-1.1875 0.75104
-1.2375 0.776035
-1.3 0.801036
-1.35 0.813536
-1.4375 0.826036
-1.4875 0.851037
-1.5375 0.88854
-1.6 0.91354
-1.6375 0.963536
-1.6625 1.01354
-1.675 1.07604
-1.6875 1.12604
-1.675 1.18854
-1.675 1.25104
-1.65 1.32604
-1.6375 1.38854
-1.625 1.45104
-1.6 1.51354
-1.575 1.57604
-1.55 1.62604
-1.5125 1.67604
-1.4875 1.72604
-1.45 1.76354
-1.4125 1.81354
-1.35 1.86354
-1.3 1.91354
-1.2625 1.95104
-1.2125 1.97603
-1.1625 2.01354
-1.1125 2.03854
-1.05 2.07604
-1 2.08854
-0.95 2.10104
-0.899999 2.15103
-0.85 2.16353
-0.8 2.18854
-0.7375 2.21354
-0.675 2.23854
-0.625 2.26354
-0.575 2.28854
-0.524999 2.30104
-0.475 2.33854
-0.425 2.36354
-0.4125 2.41354
-0.425 2.46354
-0.4375 2.51354
-0.4875 2.51354
-0.549999 2.51354
-0.6 2.50104
-0.6625 2.48854
-0.7125 2.46354
-0.7625 2.45104
-0.8375 2.42604
-0.925 2.38854
-0.975 2.38854
-1.0375 2.36354
-1.0875 2.31354
-1.1625 2.28854
-1.25 2.25104
-1.35 2.21354
-1.4 2.18854
-1.475 2.15104
-1.5375 2.11354
-1.5875 2.08854
-1.6375 2.05104
-1.6875 2.02604
-1.725 1.97604
-1.775 1.93854
-1.825 1.87604
-1.875 1.82604
-1.9 1.76354
-1.925 1.70104
-1.95 1.63854
-1.9875 1.60104
-1.9875 1.55104
-1.9875 1.50104
-2.0125 1.45104
-2.0375 1.35104
-2.0375 1.22604
-2.0375 1.17604
-2.0375 1.12604
-2.0125 1.03854
-1.9625 0.93854
-1.9625 0.88854
-1.95 0.83854
-1.9 0.776035
-1.8875 0.71354
-1.85 0.676037
-1.8125 0.638536
-1.75 0.601041
-1.6875 0.55104
-1.625 0.52604
-1.575 0.50104
-1.475 0.463533
-1.375 0.42604
-1.325 0.40104
-1.2625 0.40104
-1.2125 0.38854
-1.1625 0.38854
-1.0625 0.38854
-1.0125 0.38854
-0.9125 0.38854
-0.8625 0.38854
-0.775 0.38854
-0.65 0.38854
-0.525 0.38854
-0.4625 0.38854
-0.4 0.38854
-0.35 0.38854
-0.3125 0.35104
-0.3 0.301036
-0.2875 0.251037
-0.2875 0.18854
-0.275 0.138536
-0.2625 0.08854
BezierPoints 40
0.290939 0.0981324
0.485716 0.877184
1.70673 0.0203244
2.09199 0.790844
2.57581 1.75848
1.93085 2.12884
1.20532 2.56419
1.10954 2.62165
0.610172 2.88607
0.484898 2.78585
0.297746 2.63613
0.738316 2.48499
0.8174 2.45335
1.24483 2.28238
2.20066 1.68514
1.81491 1.06792
1.69424 0.874855
1.33379 0.858102
1.13605 0.818553
0.429866 0.677315
-1.15353 0.547676
-1.77334 1.01251
-2.44671 1.5175
-1.04965 2.34705
-0.748129 2.48106
-0.673164 2.51438
-0.311906 2.64746
-0.484898 2.78585
-0.610172 2.88607
-1.10954 2.62165
-1.20532 2.56419
-1.73016 2.24926
-2.40109 2.0337
-2.25824 1.24803
-2.03688 0.0306329
-0.485969 0.878195
-0.290939 0.0981324
-0.255655 -0.0429931
0.255655 -0.0429931
0.290939 0.0981324
P -2.35296 4.14986 0
T 0 0 -1
N -0.996241 -0.0866296 0
B 0.0866296 -0.996241 0
SketchPoints 264
0.2625 0.08854
0.275 0.138536
0.2875 0.18854
0.2875 0.251037
0.3 0.301036
0.3125 0.35104
0.35 0.38854
0.4 0.38854
0.4625 0.38854
0.525 0.38854
0.65 0.38854
0.775 0.38854
0.8625 0.38854
0.9125 0.38854
1.0125 0.38854
1.0625 0.38854
1.1625 0.38854
1.2125 0.38854
1.2625 0.40104
1.325 0.40104
1.375 0.42604
1.475 0.463533
1.575 0.50104
1.625 0.52604
1.6875 0.55104
1.75 0.601041
1.8125 0.638536
1.85 0.676037
1.8875 0.71354
1.9 0.776035
1.95 0.83854
1.9625 0.88854
1.9625 0.93854
2.0125 1.03854
2.0375 1.12604
2.0375 1.17604
2.0375 1.22604
2.0375 1.35104
2.0125 1.45104
1.9875 1.50104
1.9875 1.55104
1.9875 1.60104
1.95 1.63854
1.925 1.70104
1.9 1.76354
1.875 1.82604
1.825 1.87604
1.775 1.93854
1.725 1.97604
1.6875 2.02604
1.6375 2.05104
1.5875 2.08854
1.5375 2.11354
1.475 2.15104
1.4 2.18854
1.35 2.21354
1.25 2.25104
1.1625 2.28854
1.0875 2.31354
1.0375 2.36354
0.975 2.38854
0.925 2.38854
0.8375 2.42604
0.7625 2.45104
0.7125 2.46354
0.6625 2.48854
0.6 2.50104
0.549999 2.51354
0.4875 2.51354
0.4375 2.51354
0.425 2.46354
0.4125 2.41354
0.425 2.36354
0.475 2.33854
0.524999 2.30104
0.575 2.28854
0.625 2.26354
0.675 2.23854
0.7375 2.21354
0.8 2.18854
0.85 2.16353
0.899999 2.15103
0.95 2.10104
1 2.08854
1.05 2.07604
1.1125 2.03854
1.1625 2.01354
1.2125 1.97603
1.2625 1.95104
1.3 1.91354
1.35 1.86354
1.4125 1.81354
1.45 1.76354
1.4875 1.72604
1.5125 1.67604
1.55 1.62604
1.575 1.57604
1.6 1.51354
1.625 1.45104
1.6375 1.38854
1.65 1.32604
1.675 1.25104
1.675 1.18854
1.6875 1.12604
1.675 1.07604
1.6625 1.01354
1.6375 0.963536
1.6 0.91354
1.5375 0.88854
1.4875 0.851037
1.4375 0.826036
1.35 0.813536
1.3 0.801036
1.2375 0.776035
1.1875 0.75104
1.1 0.73854
1.025 0.73854
0.975 0.71354
0.925 0.71354
0.875 0.70104
0.825 0.70104
0.775 0.70104
0.725 0.70104
0.65 0.70104
0.6 0.70104
0.5375 0.70104
0.475 0.70104
0.4125 0.70104
0.35 0.70104
0.2875 0.70104
0.225 0.70104
0.1625 0.70104
-0.1625 0.70104
-0.225 0.70104
-0.2875 0.70104
-0.35 0.70104
-0.4125 0.70104
-0.475 0.70104
-0.5375 0.70104
-0.6 0.70104
-0.65 0.70104
-0.725 0.70104
-0.775 0.70104
-0.825 0.70104
-0.875 0.70104
-0.925 0.71354
-0.975 0.71354
-1.025 0.73854
-1.1 0.73854
-1.1875 0.75104
-1.2375 0.776035
-1.3 0.801036
-1.35 0.813536
-1.4375 0.826036
-1.4875 0.851037
-1.5375 0.88854
-1.6 0.91354
-1.6375 0.963536
-1.6625 1.01354
-1.675 1.07604
-1.6875 1.12604
-1.675 1.18854
-1.675 1.25104
-1.65 1.32604
-1.6375 1.38854
-1.625 1.45104
-1.6 1.51354
-1.575 1.57604
-1.55 1.62604
-1.5125 1.67604
-1.4875 1.72604
-1.45 1.76354
-1.4125 1.81354
-1.35 1.86354
-1.3 1.91354
-1.2625 1.95104
-1.2125 1.97603
-1.1625 2.01354
-1.1125 2.03854
-1.05 2.07604
-1 2.08854
-0.95 2.10104
-0.899999 2.15103
-0.85 2.16353
-0.8 2.18854
-0.7375 2.21354
-0.675 2.23854
-0.625 2.26354
-0.575 2.28854
-0.524999 2.30104
-0.475 2.33854
-0.425 2.36354
-0.4125 2.41354
-0.425 2.46354
-0.4375 2.51354
-0.4875 2.51354
-0.549999 2.51354
-0.6 2.50104
-0.6625 2.48854
-0.7125 2.46354
-0.7625 2.45104
-0.8375 2.42604
-0.925 2.38854
-0.975 2.38854
-1.0375 2.36354
-1.0875 2.31354
-1.1625 2.28854
-1.25 2.25104
-1.35 2.21354
-1.4 2.18854
-1.475 2.15104
-1.5375 2.11354
-1.5875 2.08854
-1.6375 2.05104
-1.6875 2.02604
-1.725 1.97604
-1.775 1.93854
-1.825 1.87604
-1.875 1.82604
-1.9 1.76354
-1.925 1.70104
-1.95 1.63854
-1.9875 1.60104
-1.9875 1.55104
-1.9875 1.50104
-2.0125 1.45104
-2.0375 1.35104
-2.0375 1.22604
-2.0375 1.17604
-2.0375 1.12604
-2.0125 1.03854
-1.9625 0.93854
-1.9625 0.88854
-1.95 0.83854
-1.9 0.776035
-1.8875 0.71354
-1.85 0.676037
-1.8125 0.638536
-1.75 0.601041
-1.6875 0.55104
-1.625 0.52604
-1.575 0.50104
-1.475 0.463533
-1.375 0.42604
-1.325 0.40104
-1.2625 0.40104
-1.2125 0.38854
-1.1625 0.38854
-1.0625 0.38854
-1.0125 0.38854
-0.9125 0.38854
-0.8625 0.38854
-0.775 0.38854
-0.65 0.38854
-0.525 0.38854
-0.4625 0.38854
-0.4 0.38854
-0.35 0.38854
-0.3125 0.35104
-0.3 0.301036
-0.2875 0.251037
-0.2875 0.18854
-0.275 0.138536
-0.2625 0.08854
BezierPoints 40
0.22113 0.0745861
0.369172 0.666709
1.29721 0.0154477
1.59003 0.601086
1.95776 1.33654
1.46755 1.61804
0.91611 1.94893
0.84331 1.9926
0.463765 2.19358
0.36855 2.11741
0.226304 2.00361
0.561161 1.88873
0.62127 1.86469
0.946142 1.73474
1.67263 1.2808
1.37943 0.811683
1.28772 0.664939
1.01375 0.652205
0.86346 0.622146
0.326722 0.514797
-0.876745 0.416264
-1.34784 0.769566
-1.85964 1.15339
-0.797794 1.78389
-0.56862 1.88575
-0.511643 1.91107
-0.237066 2.01222
-0.36855 2.11741
-0.463765 2.19358
-0.84331 1.9926
-0.91611 1.94893
-1.31502 1.70957
-1.82497 1.54573
-1.71639 0.948576
-1.54815 0.0232828
-0.369364 0.667477
-0.22113 0.0745861
-0.194312 -0.0326772
0.194312 -0.0326772
0.22113 0.0745861
P 2.57997 3.25528 0
T 0 0 -1
N 0.284704 -0.958616 0
B 0.958616 0.284704 0
SketchPoints 41
-0.400001 0.453655
-0.525001 0.478655
-0.65 0.528664
-0.75 0.628666
-0.7875 0.678667
-0.812499 0.753656
-0.837499 0.803665
-0.837499 0.866166
-0.837498 0.928666
-0.837498 1.01616
-0.812498 1.06617
-0.787498 1.11617
-0.712497 1.19117
-0.649997 1.26616
-0.599997 1.31617
-0.537497 1.36616
-0.487497 1.41616
-0.424996 1.45366
-0.349996 1.47866
-0.287496 1.52866
-0.224996 1.55366
-0.149996 1.57866
-0.0749957 1.60366
4.40328e-06 1.62866
0.0625044 1.62866
0.162504 1.62866
0.225004 1.62866
0.287504 1.62866
0.350004 1.62866
0.425004 1.57866
0.512504 1.52866
0.575004 1.46616
0.637503 1.41616
0.700003 1.34116
0.750003 1.27866
0.812502 1.17866
0.887502 1.05365
0.887502 0.991158
0.912501 0.941159
0.912501 0.891149
0.887501 0.84116
BezierPoints 19
-1.2273 1.76503
-1.07364 1.41897
-0.759476 0.234179
-0.483971 0.250306
-0.246064 0.264232
0.0557855 0.931396
-0.0768782 2.7846
0.111926 1.49649
0.0483629 0.305291
0.313768 0.309338
0.689368 0.315066
0.97813 1.72241
1.20001 1.86616
1.2 0.903658
0.610049 -0.061498
-0.0399513 -0.086495
-0.901905 -0.119643
-1.33981 0.690018
-1.2273 1.76503
P 2.54209 2.8359 -7.62939e-06
T 0 0 -1
N -0.403894 -0.914806 0
B 0.914806 -0.403894 1.39382e-05
SketchPoints 149
0.324994 0.000508136
0.387494 0.0255087
0.474994 0.0505213
0.537494 0.0754905
0.612494 0.125506
0.662494 0.138003
0.712494 0.16302
0.762494 0.188017
0.824993 0.238
0.862493 0.288016
0.949993 0.400516
1.01249 0.475501
1.07499 0.550513
1.09999 0.600501
1.13749 0.650499
1.14999 0.712996
1.19999 0.775498
1.19999 0.850498
1.24999 0.925513
1.24999 1.038
1.24999 1.1005
1.27499 1.163
1.24999 1.213
1.27499 1.2755
1.29999 1.3255
1.29999 1.41301
1.29999 1.50049
1.28749 1.56299
1.27499 1.61301
1.23749 1.67551
1.17499 1.638
1.11249 1.56301
1.06249 1.50051
1.04999 1.45051
1.02499 1.40051
0.99999 1.35051
0.949991 1.30051
0.91249 1.23801
0.887491 1.188
0.862491 1.13801
0.799991 1.10052
0.799991 1.05052
0.762491 0.988
0.724991 0.950505
0.687491 0.913006
0.649992 0.863003
0.612492 0.825502
0.562492 0.788003
0.524992 0.738019
0.474992 0.713019
0.424992 0.700507
0.374992 0.700507
0.337492 0.738022
0.299992 0.775524
0.287492 0.825523
0.274992 0.900509
0.274991 0.975505
0.262491 1.05051
0.262491 1.10053
0.262491 1.18802
0.262491 1.27549
0.23749 1.32551
0.21249 1.42551
0.19999 1.50051
0.17499 1.55052
0.14999 1.60051
0.124989 1.65052
0.0999893 1.70052
0.062489 1.788
0.0124888 1.87553
-0.0125114 1.92552
-0.0375115 1.98801
-0.0500118 2.06301
-0.0500119 2.12552
-0.0750117 2.06301
-0.0875116 2.00051
-0.0875113 1.91301
-0.112511 1.86302
-0.137511 1.77553
-0.137511 1.71301
-0.13751 1.61303
-0.13751 1.55051
-0.15001 1.488
-0.15001 1.4255
-0.15001 1.3255
-0.175009 1.23803
-0.175009 1.17551
-0.200009 1.10051
-0.225009 1.05053
-0.225009 0.988028
-0.225008 0.938012
-0.262508 0.875529
-0.275008 0.813026
-0.300008 0.763013
-0.350008 0.725532
-0.400008 0.700501
-0.462508 0.700502
-0.525008 0.700503
-0.612508 0.763018
-0.650008 0.800518
-0.712508 0.850504
-0.737508 0.900519
-0.787509 0.988018
-0.812509 1.03803
-0.837509 1.08803
-0.887509 1.17551
-0.912509 1.23802
-0.950009 1.32552
-0.97501 1.38803
-1.00001 1.46302
-1.01251 1.51304
-1.03751 1.58803
-1.06251 1.67554
-1.08751 1.73802
-1.12501 1.83804
-1.13751 1.90053
-1.17501 1.93804
-1.20001 1.98802
-1.23751 1.93804
-1.25001 1.87554
-1.25001 1.80053
-1.22501 1.73803
-1.22501 1.67554
-1.22501 1.62552
-1.22501 1.51304
-1.22501 1.43803
-1.22501 1.37553
-1.22501 1.32551
-1.22501 1.26302
-1.21251 1.20052
-1.21251 1.10052
-1.18751 1.05054
-1.16251 1.00052
-1.13751 0.900525
-1.08751 0.838038
-1.05001 0.750509
-1.01251 0.688021
-0.962507 0.638023
-0.925008 0.600522
-0.887507 0.55052
-0.837507 0.488005
-0.787507 0.43802
-0.737507 0.363017
-0.712507 0.313035
-0.662507 0.275518
-0.625006 0.200518
-0.575006 0.163034
-0.550006 0.100534
-0.512506 0.063017
BezierPoints 19
-0.0584555 -0.0499491
0.545176 -0.0251871
1.34728 0.519083
1.1914 1.8981
0.813173 1.09968
0.771795 0.361102
0.367365 0.327361
0.0738043 0.30287
0.136409 1.58212
-0.0500119 2.12552
-0.20618 1.4912
0.0155899 0.308664
-0.448055 0.336018
-0.766151 0.354785
-0.971408 1.46
-1.20001 1.98802
-1.17172 0.714179
-1.01186 -0.0890595
-0.0584555 -0.0499491
P -3.64117 3.61712 0
T 0 0 -1
N -0.908187 -0.418565 0
B 0.418565 -0.908187 0
SketchPoints 45
0.4 0.694504
0.525 0.694504
0.7125 0.694511
0.825 0.694511
0.875 0.694511
0.95 0.694511
1.0125 0.694511
1.0625 0.68201
1.0125 0.657004
0.9625 0.607004
0.925 0.532005
0.85 0.432004
0.825 0.382004
0.7625 0.294511
0.725 0.244511
0.712501 0.194503
0.6625 0.182009
0.600001 0.107007
0.562501 0.0695112
0.5 0.032005
0.462501 -0.00549099
0.412501 -0.0179954
0.362501 -0.0429905
0.300001 -0.0429905
0.225001 -0.0429905
0.100001 -0.0804966
5.91899e-07 -0.0804966
-0.0624994 -0.105492
-0.124999 -0.105492
-0.199999 -0.130487
-0.274999 -0.130494
-0.337499 -0.105492
-0.412499 -0.0804966
-0.499999 -0.0429971
-0.562499 -0.0179919
-0.637499 0.0445094
-0.687499 0.0819916
-0.75 0.144513
-0.7875 0.182002
-0.8625 0.269509
-0.8875 0.319496
-0.9375 0.382008
-0.9875 0.444509
-1.0125 0.50701
-1.025 0.557007
BezierPoints 10
1.01809 0.508381
1.05463 -0.171039
0.275325 0.12215
-0.0260544 -0.52199
-0.188077 0.220478
-0.844499 -0.283028
-0.898987 0.470354
-0.19347 0.993757
0.298113 0.967372
1.01809 0.508381
P -3.65962 3.65715 0.466652
T 0.908187 0.418565 0
N 0.0103292 -0.0224118 -0.999695
B 0.418432 -0.907913 0.0246775
SketchPoints 218
-0.183583 0.702021
-0.246067 0.74298
-0.301922 0.769555
-0.350585 0.799445
-0.395934 0.822144
-0.454542 0.87361
-0.50652 0.910691
-0.5762 0.948334
-0.649193 0.99317
-0.712241 1.01643
-0.78911 1.05076
-0.856035 1.06351
-0.944533 1.06631
-1.01146 1.07906
-1.064 1.09845
-1.15581 1.10844
-1.22605 1.12839
-1.31343 1.16659
-1.38035 1.17934
-1.44065 1.1777
-1.53577 1.19489
-1.60657 1.19714
-1.69508 1.19994
-1.78026 1.19555
-1.83723 1.18673
-1.89365 1.1956
-1.95007 1.20448
-2.02087 1.20672
-2.15639 1.17912
-2.24933 1.15372
-2.3489 1.1427
-2.46285 1.12505
-2.57017 1.09301
-2.64873 1.07424
-2.73391 1.06985
-2.85505 1.04889
-2.93361 1.03011
-3.01216 1.01134
-3.0625 0.988132
-3.13331 0.990375
-3.20466 0.974919
-3.29704 0.967215
-3.3756 0.948443
-3.45359 0.947371
-3.51775 0.93523
-3.58136 0.940787
-3.63502 0.92477
-3.68424 0.936961
-3.7451 0.917628
-3.80927 0.905487
-3.87012 0.886154
-3.93485 0.856312
-3.98463 0.850803
-4.04161 0.841977
-3.95811 0.793265
-3.90557 0.773881
-3.84252 0.750625
-3.75846 0.719613
-3.64287 0.676972
-3.55437 0.674168
-3.50183 0.654784
-3.44542 0.645911
-3.39288 0.626528
-3.30106 0.616532
-3.1993 0.58496
-3.13957 0.568893
-3.07264 0.556142
-3.02342 0.543952
-2.92829 0.526763
-2.87907 0.514572
-2.81934 0.498506
-2.75573 0.492946
-2.68161 0.483511
-2.63239 0.471321
-2.56547 0.458572
-2.47697 0.455767
-2.41336 0.450207
-2.32486 0.447404
-2.23968 0.451793
-2.15449 0.45618
-2.0234 0.45557
-1.93878 0.442257
-1.86079 0.44333
-1.78279 0.444402
-1.73357 0.432213
-1.65614 0.415585
-1.59197 0.427726
-1.49352 0.403345
-1.41553 0.40442
-1.36631 0.39223
-1.28832 0.3933
-1.21751 0.391057
-1.1434 0.381621
-1.05822 0.386009
-0.991292 0.373259
-0.90611 0.377646
-0.849694 0.368772
-0.757877 0.358777
-0.679887 0.359848
-0.595264 0.346536
-0.51064 0.333224
-0.433207 0.316597
-0.380107 0.314915
-0.30987 0.294971
-0.242384 0.299921
-0.193722 0.270031
-0.13399 0.253964
-0.0637532 0.234019
-0.0040218 0.217953
0.0040218 0.217953
0.0637532 0.234019
0.13399 0.253964
0.193722 0.270031
0.242384 0.299921
0.30987 0.294971
0.380107 0.314915
0.433207 0.316597
0.51064 0.333224
0.595264 0.346536
0.679887 0.359848
0.757877 0.358777
0.849694 0.368772
0.90611 0.377646
0.991292 0.373259
1.05822 0.386009
1.1434 0.381621
1.21751 0.391057
1.28832 0.3933
1.36631 0.39223
1.41553 0.40442
1.49352 0.403345
1.59197 0.427726
1.65614 0.415585
1.73357 0.432213
1.78279 0.444402
1.86079 0.44333
1.93878 0.442257
2.0234 0.45557
2.15449 0.45618
2.23968 0.451793
2.32486 0.447404
2.41336 0.450207
2.47697 0.455767
2.56547 0.458572
2.63239 0.471321
2.68161 0.483511
2.75573 0.492946
2.81934 0.498506
2.87907 0.514572
2.92829 0.526763
3.02342 0.543952
3.07264 0.556142
3.13957 0.568893
3.1993 0.58496
3.30106 0.616532
3.39288 0.626528
3.44542 0.645911
3.50183 0.654784
3.55437 0.674168
3.64287 0.676972
3.75846 0.719613
3.84252 0.750625
3.90557 0.773881
3.95811 0.793265
4.04161 0.841977
3.98463 0.850803
3.93485 0.856312
3.87012 0.886154
3.80927 0.905487
3.7451 0.917628
3.68424 0.936961
3.63502 0.92477
3.58136 0.940787
3.51775 0.93523
3.45359 0.947371
3.3756 0.948443
3.29704 0.967215
3.20466 0.974919
3.13331 0.990375
3.0625 0.988132
3.01216 1.01134
2.93361 1.03011
2.85505 1.04889
2.73391 1.06985
2.64873 1.07424
2.57017 1.09301
2.46285 1.12505
2.3489 1.1427
2.24933 1.15372
2.15639 1.17912
2.02087 1.20672
1.95007 1.20448
1.89365 1.1956
1.83723 1.18673
1.78026 1.19555
1.69508 1.19994
1.60657 1.19714
1.53577 1.19489
1.44065 1.1777
1.38035 1.17934
1.31343 1.16659
1.22605 1.12839
1.15581 1.10844
1.064 1.09845
1.01146 1.07906
0.944533 1.06631
0.856035 1.06351
0.78911 1.05076
0.712241 1.01643
0.649193 0.99317
0.5762 0.948334
0.50652 0.910691
0.454542 0.87361
0.395934 0.822144
0.350585 0.799445
0.301922 0.769555
0.246067 0.74298
0.183583 0.702021
BezierPoints 13
0.260522 0.769068
-0.475863 0.530575
-3.45692 2.3634
-3.90088 0.830341
-2.95216 1.0915
-2.64081 1.15813
-1.99098 1.01422
-1.31616 0.864772
-0.507298 0.71125
0.14182 0.286395
0.293837 0.186898
0.33725 0.718684
0.260522 0.769068
P -6.39686 1.14591 0.494667
T -0.0103292 0.0224118 0.999695
N -0.906755 -0.421658 8.41152e-05
B -0.421531 0.906479 -0.0246567
SketchPoints 34
-0.235472 0.0782111
-0.306727 0.0799722
-0.369869 0.0894541
-0.408671 0.12211
-0.367128 0.200289
-0.332523 0.318266
-0.274167 0.435644
-0.239562 0.553635
-0.222357 0.608674
-0.189514 0.655389
-0.156084 0.725843
-0.106623 0.803858
-0.0890267 0.874722
-0.0712356 0.953481
-0.0540304 1.00853
-0.036826 1.06356
-0.0198172 1.11067
0.0198172 1.11067
0.036826 1.06356
0.0540304 1.00853
0.0712356 0.953481
0.0890267 0.874722
0.106623 0.803858
0.156084 0.725843
0.189514 0.655389
0.222357 0.608674
0.239562 0.553635
0.274167 0.435644
0.332523 0.318266
0.367128 0.200289
0.408671 0.12211
0.369869 0.0894541
0.306727 0.0799722
0.235472 0.0782111
BezierPoints 10
-0.235472 0.0782111
-0.584561 0.0868392
0.219455 0.266726
0.0499117 1.03881
0.233313 0.886265
0.421731 0.608521
0.235472 0.0782111
0.0600894 0.0610061
-0.117772 0.075302
-0.235472 0.0782111
P -3.8215 2.72246 0.485932
T -0.0103292 0.0224118 0.999695
N -0.906755 -0.421658 8.41152e-05
B -0.421531 0.906479 -0.0246567
SketchPoints 34
-0.235472 0.0782111
-0.306727 0.0799722
-0.369869 0.0894541
-0.408671 0.12211
-0.367128 0.200289
-0.332523 0.318266
-0.274167 0.435644
-0.239562 0.553635
-0.222357 0.608674
-0.189514 0.655389
-0.156084 0.725843
-0.106623 0.803858
-0.0890267 0.874722
-0.0712356 0.953481
-0.0540304 1.00853
-0.036826 1.06356
-0.0198172 1.11067
0.0198172 1.11067
0.036826 1.06356
0.0540304 1.00853
0.0712356 0.953481
0.0890267 0.874722
0.106623 0.803858
0.156084 0.725843
0.189514 0.655389
0.222357 0.608674
0.239562 0.553635
0.274167 0.435644
0.332523 0.318266
0.367128 0.200289
0.408671 0.12211
0.369869 0.0894541
0.306727 0.0799722
0.235472 0.0782111
BezierPoints 10
-0.14586 0.0484469
-0.362099 0.0537914
0.135939 0.16522
0.0309172 0.643477
0.144523 0.548985
0.261236 0.37694
0.14586 0.0484469
0.0372216 0.0377894
-0.0729523 0.0466449
-0.14586 0.0484469
P -4.2087 2.36932 0.489849
T -0.0103292 0.0224118 0.999695
N -0.906755 -0.421658 8.41152e-05
B -0.421531 0.906479 -0.0246567
SketchPoints 34
-0.235472 0.0782111
-0.306727 0.0799722
-0.369869 0.0894541
-0.408671 0.12211
-0.367128 0.200289
-0.332523 0.318266
-0.274167 0.435644
-0.239562 0.553635
-0.222357 0.608674
-0.189514 0.655389
-0.156084 0.725843
-0.106623 0.803858
-0.0890267 0.874722
-0.0712356 0.953481
-0.0540304 1.00853
-0.036826 1.06356
-0.0198172 1.11067
0.0198172 1.11067
0.036826 1.06356
0.0540304 1.00853
0.0712356 0.953481
0.0890267 0.874722
0.106623 0.803858
0.156084 0.725843
0.189514 0.655389
0.222357 0.608674
0.239562 0.553635
0.274167 0.435644
0.332523 0.318266
0.367128 0.200289
0.408671 0.12211
0.369869 0.0894541
0.306727 0.0799722
0.235472 0.0782111
BezierPoints 10
-0.138788 0.046098
-0.344543 0.0511834
0.129348 0.157209
0.0294182 0.612279
0.137516 0.522368
0.24857 0.358665
0.138788 0.046098
0.0354169 0.0359573
-0.0694153 0.0443833
-0.138788 0.046098
P -4.60555 2.03692 0.4932
T -0.0103292 0.0224118 0.999695
N -0.906755 -0.421658 8.41152e-05
B -0.421531 0.906479 -0.0246567
SketchPoints 34
-0.235472 0.0782111
-0.306727 0.0799722
-0.369869 0.0894541
-0.408671 0.12211
-0.367128 0.200289
-0.332523 0.318266
-0.274167 0.435644
-0.239562 0.553635
-0.222357 0.608674
-0.189514 0.655389
-0.156084 0.725843
-0.106623 0.803858
-0.0890267 0.874722
-0.0712356 0.953481
-0.0540304 1.00853
-0.036826 1.06356
-0.0198172 1.11067
0.0198172 1.11067
0.036826 1.06356
0.0540304 1.00853
0.0712356 0.953481
0.0890267 0.874722
0.106623 0.803858
0.156084 0.725843
0.189514 0.655389
0.222357 0.608674
0.239562 0.553635
0.274167 0.435644
0.332523 0.318266
0.367128 0.200289
0.408671 0.12211
0.369869 0.0894541
0.306727 0.0799722
0.235472 0.0782111
BezierPoints 10
-0.157707 0.0523818
-0.391509 0.0581604
0.14698 0.178639
0.0334283 0.695741
0.156261 0.593575
0.282454 0.407556
0.157707 0.0523818
0.0402448 0.0408587
-0.0788776 0.0504334
-0.157707 0.0523818
P -5.00875 1.71819 0.49618
T -0.0103292 0.0224118 0.999695
N -0.906755 -0.421658 8.41152e-05
B -0.421531 0.906479 -0.0246567
SketchPoints 34
-0.235472 0.0782111
-0.306727 0.0799722
-0.369869 0.0894541
-0.408671 0.12211
-0.367128 0.200289
-0.332523 0.318266
-0.274167 0.435644
-0.239562 0.553635
-0.222357 0.608674
-0.189514 0.655389
-0.156084 0.725843
-0.106623 0.803858
-0.0890267 0.874722
-0.0712356 0.953481
-0.0540304 1.00853
-0.036826 1.06356
-0.0198172 1.11067
0.0198172 1.11067
0.036826 1.06356
0.0540304 1.00853
0.0712356 0.953481
0.0890267 0.874722
0.106623 0.803858
0.156084 0.725843
0.189514 0.655389
0.222357 0.608674
0.239562 0.553635
0.274167 0.435644
0.332523 0.318266
0.367128 0.200289
0.408671 0.12211
0.369869 0.0894541
0.306727 0.0799722
0.235472 0.0782111
BezierPoints 10
-0.17608 0.0584842
-0.437119 0.064936
0.164103 0.199451
0.0373226 0.776795
0.174465 0.662725
0.315359 0.455036
0.17608 0.0584842
0.0449333 0.0456187
-0.0880668 0.0563088
-0.17608 0.0584842
P -5.43037 1.43905 0.498081
T -0.0103292 0.0224118 0.999695
N -0.906755 -0.421658 8.41152e-05
B -0.421531 0.906479 -0.0246567
SketchPoints 34
-0.235472 0.0782111
-0.306727 0.0799722
-0.369869 0.0894541
-0.408671 0.12211
-0.367128 0.200289
-0.332523 0.318266
-0.274167 0.435644
-0.239562 0.553635
-0.222357 0.608674
-0.189514 0.655389
-0.156084 0.725843
-0.106623 0.803858
-0.0890267 0.874722
-0.0712356 0.953481
-0.0540304 1.00853
-0.036826 1.06356
-0.0198172 1.11067
0.0198172 1.11067
0.036826 1.06356
0.0540304 1.00853
0.0712356 0.953481
0.0890267 0.874722
0.106623 0.803858
0.156084 0.725843
0.189514 0.655389
0.222357 0.608674
0.239562 0.553635
0.274167 0.435644
0.332523 0.318266
0.367128 0.200289
0.408671 0.12211
0.369869 0.0894541
0.306727 0.0799722
0.235472 0.0782111
BezierPoints 10
-0.198731 0.0660076
-0.49335 0.0732894
0.185213 0.225108
0.0421238 0.876721
0.196908 0.747978
0.355927 0.513572
0.198731 0.0660076
0.0507135 0.0514871
-0.0993957 0.0635524
-0.198731 0.0660076
P -5.89177 1.24548 0.497654
T -0.0103292 0.0224118 0.999695
N -0.906755 -0.421658 8.41152e-05
B -0.421531 0.906479 -0.0246567
SketchPoints 34
-0.235472 0.0782111
-0.306727 0.0799722
-0.369869 0.0894541
-0.408671 0.12211
-0.367128 0.200289
-0.332523 0.318266
-0.274167 0.435644
-0.239562 0.553635
-0.222357 0.608674
-0.189514 0.655389
-0.156084 0.725843
-0.106623 0.803858
-0.0890267 0.874722
-0.0712356 0.953481
-0.0540304 1.00853
-0.036826 1.06356
-0.0198172 1.11067
0.0198172 1.11067
0.036826 1.06356
0.0540304 1.00853
0.0712356 0.953481
0.0890267 0.874722
0.106623 0.803858
0.156084 0.725843
0.189514 0.655389
0.222357 0.608674
0.239562 0.553635
0.274167 0.435644
0.332523 0.318266
0.367128 0.200289
0.408671 0.12211
0.369869 0.0894541
0.306727 0.0799722
0.235472 0.0782111
BezierPoints 10
-0.245444 0.0815232
-0.609316 0.0905167
0.228749 0.278021
0.0520254 1.0828
0.243193 0.923797
0.439591 0.634291
0.245444 0.0815232
0.0626341 0.0635896
-0.122759 0.0784909
-0.245444 0.0815232
P -3.65962 3.65715 -0.466652
T 0.418432 -0.907913 -0.0246775
N 0.0103292 -0.0224118 0.999695
B 0.908187 0.418565 0
SketchPoints 218
0.702022 -0.183587
0.742982 -0.246071
0.769557 -0.301927
0.799447 -0.35059
0.822147 -0.395939
0.873613 -0.454547
0.910695 -0.506526
0.948338 -0.576206
0.993174 -0.649199
1.01643 -0.712247
1.05077 -0.789117
1.06352 -0.856042
1.06632 -0.94454
1.07907 -1.01147
1.09846 -1.06401
1.10845 -1.15582
1.1284 -1.22606
1.1666 -1.31344
1.17935 -1.38036
1.17771 -1.44066
1.1949 -1.53578
1.19715 -1.60658
1.19995 -1.69509
1.19556 -1.78027
1.18674 -1.83724
1.19561 -1.89366
1.20449 -1.95008
1.20673 -2.02088
1.17913 -2.1564
1.15373 -2.24934
1.14271 -2.34891
1.12507 -2.46286
1.09303 -2.57018
1.07426 -2.64874
1.06987 -2.73392
1.04891 -2.85506
1.03013 -2.93362
1.01136 -3.01217
0.988151 -3.06251
0.990395 -3.13332
0.974939 -3.20467
0.967235 -3.29705
0.948464 -3.37561
0.947392 -3.4536
0.935252 -3.51776
0.940809 -3.58137
0.924793 -3.63503
0.936984 -3.68425
0.917651 -3.74511
0.905511 -3.80928
0.886178 -3.87013
0.856337 -3.93486
0.850828 -3.98464
0.842002 -4.04162
0.793289 -3.95812
0.773905 -3.90558
0.750649 -3.84253
0.719636 -3.75847
0.676995 -3.64287
0.67419 -3.55437
0.654806 -3.50184
0.645932 -3.44542
0.626549 -3.39288
0.616553 -3.30106
0.58498 -3.1993
0.568912 -3.13957
0.556161 -3.07264
0.543971 -3.02342
0.526781 -2.92829
0.51459 -2.87907
0.498524 -2.81934
0.492963 -2.75573
0.483528 -2.68161
0.471337 -2.63239
0.458588 -2.56547
0.455783 -2.47697
0.450222 -2.41336
0.447418 -2.32486
0.451807 -2.23968
0.456194 -2.15449
0.455583 -2.0234
0.442269 -1.93878
0.443342 -1.86079
0.444413 -1.78279
0.432224 -1.73357
0.415595 -1.65614
0.427736 -1.59197
0.403354 -1.49352
0.404429 -1.41553
0.392238 -1.36631
0.393308 -1.28832
0.391065 -1.21751
0.381628 -1.1434
0.386016 -1.05822
0.373265 -0.991295
0.377652 -0.906113
0.368777 -0.849697
0.358782 -0.757879
0.359852 -0.679889
0.34654 -0.595266
0.333227 -0.510642
0.3166 -0.433209
0.314917 -0.380109
0.294973 -0.309872
0.299923 -0.242386
0.270032 -0.193724
0.253965 -0.133992
0.23402 -0.0637547
0.217953 -0.00402317
0.217953 0.00402045
0.234019 0.0637517
0.253963 0.133988
0.27003 0.19372
0.29992 0.242382
0.294969 0.309868
0.314913 0.380105
0.316594 0.433205
0.333221 0.510638
0.346532 0.595262
0.359844 0.679885
0.358772 0.757875
0.368767 0.849692
0.377641 0.906108
0.373253 0.99129
0.386003 1.05822
0.381614 1.1434
0.39105 1.21751
0.393292 1.28832
0.392222 1.36631
0.404411 1.41553
0.403336 1.49352
0.427716 1.59197
0.415575 1.65614
0.432202 1.73357
0.444391 1.78279
0.443319 1.86079
0.442245 1.93878
0.455558 2.0234
0.456167 2.15449
0.45178 2.23968
0.44739 2.32486
0.450192 2.41336
0.455752 2.47697
0.458556 2.56547
0.471305 2.63239
0.483495 2.68161
0.492929 2.75573
0.498489 2.81934
0.514555 2.87907
0.526745 2.92829
0.543934 3.02342
0.556123 3.07264
0.568874 3.13957
0.584941 3.1993
0.616512 3.30106
0.626507 3.39288
0.64589 3.44542
0.654763 3.50183
0.674146 3.55437
0.67695 3.64287
0.71959 3.75846
0.750602 3.84252
0.773857 3.90557
0.793241 3.95811
0.841953 4.04161
0.850779 3.98463
0.856288 3.93485
0.886131 3.87012
0.905464 3.80927
0.917605 3.7451
0.936939 3.68424
0.924748 3.63502
0.940766 3.58136
0.935208 3.51775
0.94735 3.45358
0.948423 3.3756
0.967195 3.29703
0.974899 3.20465
0.990356 3.1333
0.988114 3.06249
1.01132 3.01215
1.03009 2.9336
1.04887 2.85504
1.06983 2.7339
1.07422 2.64872
1.09299 2.57016
1.12504 2.46284
1.14269 2.34889
1.15371 2.24932
1.17911 2.15638
1.20671 2.02086
1.20447 1.95006
1.19559 1.89364
1.18672 1.83722
1.19554 1.78025
1.19993 1.69507
1.19713 1.60656
1.19488 1.53576
1.17769 1.44064
1.17933 1.38034
1.16658 1.31342
1.12838 1.22604
1.10843 1.1558
1.09844 1.06399
1.07905 1.01145
1.0663 0.944527
1.06351 0.856029
1.05076 0.789104
1.01643 0.712235
0.993166 0.649187
0.948331 0.576194
0.910688 0.506515
0.873607 0.454537
0.822142 0.395929
0.799443 0.35058
0.769553 0.301917
0.742979 0.246063
0.70202 0.183579
BezierPoints 13
0.769067 0.260517
0.530578 -0.475866
2.36342 -3.45694
0.830366 -3.90089
1.09152 -2.95216
1.15815 -2.64082
1.01423 -1.99099
0.86478 -1.31617
0.711253 -0.507303
0.286394 0.141818
0.186896 0.293836
0.718682 0.337246
0.769067 0.260517
P -6.39686 1.14591 -0.494667
T -0.421531 0.906479 0.0246567
N -0.906755 -0.421658 -8.41152e-05
B -0.0103292 0.0224118 -0.999695
SketchPoints 34
0.0782062 -0.23547
0.0799658 -0.306725
0.0894466 -0.369867
0.122102 -0.408668
0.200282 -0.367124
0.318259 -0.332516
0.435639 -0.274158
0.55363 -0.23955
0.60867 -0.222344
0.655385 -0.1895
0.72584 -0.156069
0.803856 -0.106606
0.874721 -0.0890085
0.95348 -0.0712158
1.00853 -0.0540094
1.06356 -0.0368039
1.11067 -0.0197942
1.11067 0.0198402
1.06356 0.036848
1.00853 0.0540513
0.953483 0.0712553
0.874724 0.0890448
0.803861 0.10664
0.725847 0.156099
0.655393 0.189527
0.608679 0.222369
0.55364 0.239573
0.43565 0.274176
0.318273 0.332529
0.200297 0.367132
0.122119 0.408673
0.0894618 0.369871
0.0799786 0.306728
0.0782161 0.235473
BezierPoints 10
0.0782062 -0.23547
0.086827 -0.584559
0.266731 0.21946
1.03881 0.0499332
0.88627 0.233331
0.60853 0.421743
0.0782161 0.235473
0.0610074 0.0600906
0.0752996 -0.11777
0.0782062 -0.23547
P -5.89177 1.24548 -0.497654
T -0.421531 0.906479 0.0246567
N -0.906755 -0.421658 -8.41152e-05
B -0.0103292 0.0224118 -0.999695
SketchPoints 34
0.0782062 -0.23547
0.0799659 -0.306725
0.0894466 -0.369867
0.122102 -0.408668
0.200281 -0.367124
0.318259 -0.332516
0.435639 -0.274158
0.55363 -0.23955
0.60867 -0.222344
0.655385 -0.1895
0.72584 -0.156069
0.803856 -0.106606
0.87472 -0.0890085
0.95348 -0.0712158
1.00853 -0.0540094
1.06356 -0.0368039
1.11067 -0.0197942
1.11067 0.0198402
1.06356 0.036848
1.00853 0.0540513
0.953483 0.0712553
0.874724 0.0890448
0.803861 0.10664
0.725847 0.156099
0.655393 0.189527
0.608679 0.222369
0.55364 0.239573
0.43565 0.274176
0.318273 0.332529
0.200297 0.367132
0.122119 0.408673
0.0894618 0.369871
0.0799786 0.306728
0.0782161 0.235473
BezierPoints 10
0.0815182 -0.245442
0.0905041 -0.609314
0.278026 0.228754
1.0828 0.0520478
0.923802 0.243212
0.6343 0.439603
0.0815283 0.245445
0.063591 0.0626354
0.0784884 -0.122758
0.0815182 -0.245442
P -5.43037 1.43905 -0.498081
T -0.421531 0.906479 0.0246567
N -0.906755 -0.421658 -8.41152e-05
B -0.0103292 0.0224118 -0.999695
SketchPoints 34
0.0782062 -0.23547
0.0799658 -0.306725
0.0894466 -0.369867
0.122102 -0.408668
0.200282 -0.367124
0.318259 -0.332516
0.435639 -0.274158
0.55363 -0.23955
0.60867 -0.222344
0.655385 -0.1895
0.72584 -0.156069
0.803856 -0.106606
0.874721 -0.0890085
0.95348 -0.0712157
1.00853 -0.0540094
1.06356 -0.0368039
1.11067 -0.0197941
1.11067 0.0198402
1.06356 0.036848
1.00853 0.0540512
0.953483 0.0712553
0.874724 0.0890447
0.803861 0.10664
0.725847 0.156099
0.655393 0.189527
0.608679 0.222369
0.55364 0.239573
0.43565 0.274176
0.318273 0.332529
0.200297 0.367132
0.122119 0.408673
0.0894618 0.36987
0.0799786 0.306728
0.0782161 0.235473
BezierPoints 10
0.0660035 -0.198729
0.0732792 -0.493348
0.225112 0.185217
0.876723 0.0421419
0.747983 0.196924
0.513579 0.355937
0.0660118 0.198732
0.0514882 0.0507145
0.0635504 -0.0993942
0.0660035 -0.198729
P -5.00875 1.71819 -0.49618
T -0.421531 0.906479 0.0246567
N -0.906755 -0.421658 -8.41152e-05
B -0.0103292 0.0224118 -0.999695
SketchPoints 34
0.0782062 -0.23547
0.0799659 -0.306725
0.0894466 -0.369867
0.122102 -0.408668
0.200281 -0.367124
0.318259 -0.332516
0.435639 -0.274158
0.55363 -0.23955
0.60867 -0.222344
0.655385 -0.1895
0.72584 -0.156069
0.803856 -0.106606
0.87472 -0.0890085
0.95348 -0.0712158
1.00853 -0.0540094
1.06356 -0.0368039
1.11067 -0.0197942
1.11067 0.0198402
1.06356 0.036848
1.00853 0.0540512
0.953483 0.0712553
0.874724 0.0890447
0.803861 0.10664
0.725847 0.156099
0.655393 0.189527
0.608679 0.222369
0.55364 0.239573
0.43565 0.274176
0.318273 0.332529
0.200297 0.367132
0.122119 0.408673
0.0894618 0.36987
0.0799786 0.306728
0.0782161 0.235473
BezierPoints 10
0.0584807 -0.176078
0.0649271 -0.437117
0.199454 0.164107
0.776796 0.0373387
0.662729 0.174479
0.455043 0.315368
0.0584878 0.176081
0.0456197 0.0449341
0.056307 -0.0880655
0.0584807 -0.176078
P -4.60555 2.03692 -0.4932
T -0.421531 0.906479 0.0246567
N -0.906755 -0.421658 -8.41152e-05
B -0.0103292 0.0224118 -0.999695
SketchPoints 34
0.0782064 -0.23547
0.0799658 -0.306725
0.0894465 -0.369867
0.122101 -0.408668
0.200282 -0.367124
0.318259 -0.332516
0.435639 -0.274158
0.55363 -0.23955
0.60867 -0.222344
0.655385 -0.1895
0.72584 -0.156069
0.803856 -0.106606
0.874721 -0.0890085
0.95348 -0.0712158
1.00853 -0.0540094
1.06356 -0.0368039
1.11067 -0.0197942
1.11067 0.0198402
1.06356 0.036848
1.00853 0.0540513
0.953483 0.0712553
0.874724 0.0890448
0.803861 0.10664
0.725847 0.156099
0.655393 0.189527
0.608679 0.222369
0.55364 0.239573
0.43565 0.274176
0.318273 0.332529
0.200297 0.367132
0.122119 0.408673
0.0894618 0.369871
0.0799786 0.306728
0.0782161 0.235473
BezierPoints 10
0.0523785 -0.157706
0.0581523 -0.391507
0.178643 0.146983
0.695743 0.0334427
0.593578 0.156273
0.407562 0.282462
0.052385 0.157708
0.0408597 0.0402456
0.0504318 -0.0788765
0.0523785 -0.157706
P -4.2087 2.36932 -0.489849
T -0.421531 0.906479 0.0246567
N -0.906755 -0.421658 -8.41152e-05
B -0.0103292 0.0224118 -0.999695
SketchPoints 34
0.0782064 -0.23547
0.0799658 -0.306725
0.0894465 -0.369867
0.122101 -0.408668
0.200282 -0.367124
0.318259 -0.332516
0.435639 -0.274158
0.55363 -0.23955
0.60867 -0.222344
0.655385 -0.1895
0.72584 -0.156069
0.803856 -0.106606
0.874721 -0.0890085
0.95348 -0.0712158
1.00853 -0.0540094
1.06356 -0.0368039
1.11067 -0.0197942
1.11067 0.0198402
1.06356 0.036848
1.00853 0.0540513
0.953483 0.0712553
0.874724 0.0890448
0.803861 0.10664
0.725847 0.156099
0.655393 0.189527
0.608679 0.222369
0.55364 0.239573
0.43565 0.274176
0.318273 0.332529
0.200297 0.367132
0.122119 0.408673
0.0894618 0.369871
0.0799786 0.306728
0.0782161 0.235473
BezierPoints 10
0.0460951 -0.138787
0.0511762 -0.344541
0.157212 0.129351
0.61228 0.0294309
0.522372 0.137526
0.35867 0.248577
0.0461009 0.138789
0.0359579 0.0354177
0.0443819 -0.0694144
0.0460951 -0.138787
P -3.8215 2.72246 -0.485932
T -0.421531 0.906479 0.0246567
N -0.906755 -0.421658 -8.41152e-05
B -0.0103292 0.0224118 -0.999695
SketchPoints 34
0.0782064 -0.23547
0.0799659 -0.306725
0.0894464 -0.369867
0.122102 -0.408668
0.200282 -0.367124
0.318259 -0.332516
0.435638 -0.274158
0.55363 -0.23955
0.60867 -0.222344
0.655385 -0.1895
0.72584 -0.156069
0.803856 -0.106606
0.874721 -0.0890085
0.95348 -0.0712158
1.00853 -0.0540094
1.06356 -0.0368039
1.11067 -0.0197942
1.11067 0.0198402
1.06356 0.036848
1.00853 0.0540513
0.953483 0.0712553
0.874724 0.0890448
0.803861 0.10664
0.725847 0.156099
0.655393 0.189527
0.608679 0.222369
0.55364 0.239573
0.43565 0.274176
0.318273 0.332529
0.200297 0.367132
0.122119 0.408673
0.0894618 0.369871
0.0799786 0.306728
0.078216 0.235473
BezierPoints 10
0.0484438 -0.145859
0.053784 -0.362097
0.165223 0.135942
0.643479 0.0309305
0.548989 0.144534
0.376946 0.261243
0.0484498 0.145861
0.0377901 0.0372223
0.0466433 -0.0729513
0.0484438 -0.145859
P -6.19717 1.20984 0.495293
T -0.0103292 0.0224118 0.999695
N 0.876717 0.481003 -0.00172488
B 0.480895 -0.876431 0.0246634
SketchPoints 47
0.269435 0.0825697
0.277449 0.139612
0.238372 0.185994
0.189586 0.24159
0.121626 0.306129
0.0638575 0.342571
-0.0033767 0.378724
-0.0710953 0.433825
-0.10993 0.470708
-0.167456 0.497668
-0.273041 0.551784
-0.321342 0.588453
-0.379111 0.624878
-0.436394 0.642342
-0.53106 0.639918
-0.635193 0.637249
-0.691992 0.635794
-0.748308 0.615421
-0.852441 0.612753
-0.928173 0.610797
-0.984973 0.609358
-1.04129 0.588954
-1.09809 0.587484
-1.14494 0.567369
-1.2197 0.527533
-1.30417 0.496965
-1.37821 0.428774
-1.42385 0.361282
-1.47046 0.331685
-1.50687 0.273899
-1.49595 0.217349
-1.45712 0.180445
-1.40882 0.143796
-1.33236 0.117332
-1.27556 0.118792
-1.19983 0.120727
-1.15201 0.102992
-1.10516 0.123157
-1.03986 0.162702
-0.98403 0.202039
-0.937181 0.222178
-0.88135 0.261505
-0.834501 0.281651
-0.749302 0.283833
-0.68352 0.304478
-0.59832 0.306661
-0.53157 0.289411
BezierPoints 13
0.126034 0.135118
0.0926245 0.513148
-0.251084 0.0999843
-0.481729 0.253425
-0.722355 0.101012
-1.13555 0.471771
-1.11888 0.100002
-1.10966 -0.105762
-0.68319 -0.0661424
-0.484779 0.0619237
-0.250527 -0.0670747
0.141033 -0.0346038
0.126034 0.135118
P -5.70758 1.35692 0.497054
T -0.0103292 0.0224118 0.999695
N 0.876717 0.481003 -0.00172488
B 0.480895 -0.876431 0.0246634
SketchPoints 47
0.269435 0.0825697
0.277449 0.139612
0.238372 0.185994
0.189586 0.24159
0.121626 0.306129
0.0638575 0.342571
-0.0033767 0.378724
-0.0710953 0.433825
-0.10993 0.470708
-0.167456 0.497668
-0.273041 0.551784
-0.321342 0.588453
-0.379111 0.624878
-0.436394 0.642342
-0.53106 0.639918
-0.635193 0.637249
-0.691992 0.635794
-0.748308 0.615421
-0.852441 0.612753
-0.928173 0.610797
-0.984973 0.609358
-1.04129 0.588954
-1.09809 0.587484
-1.14494 0.567369
-1.2197 0.527533
-1.30417 0.496965
-1.37821 0.428774
-1.42385 0.361282
-1.47046 0.331685
-1.50687 0.273899
-1.49595 0.217349
-1.45712 0.180445
-1.40882 0.143796
-1.33236 0.117332
-1.27556 0.118792
-1.19983 0.120727
-1.15201 0.102992
-1.10516 0.123157
-1.03986 0.162702
-0.98403 0.202039
-0.937181 0.222178
-0.88135 0.261505
-0.834501 0.281651
-0.749302 0.283833
-0.68352 0.304478
-0.59832 0.306661
-0.53157 0.289411
BezierPoints 13
0.126034 0.117179
0.0926245 0.445018
-0.251084 0.0867095
-0.481729 0.219778
-0.722355 0.0876008
-1.13555 0.409135
-1.11888 0.0867248
-1.10966 -0.0917201
-0.68319 -0.0573607
-0.484779 0.0537022
-0.250527 -0.0581693
0.141033 -0.0300095
0.126034 0.117179
P -5.26693 1.59325 0.496309
T -0.0103292 0.0224118 0.999695
N 0.876717 0.481003 -0.00172488
B 0.480895 -0.876431 0.0246634
SketchPoints 47
0.269435 0.0825697
0.277449 0.139612
0.238372 0.185994
0.189586 0.24159
0.121626 0.306129
0.0638575 0.342571
-0.0033767 0.378724
-0.0710953 0.433825
-0.10993 0.470708
-0.167456 0.497668
-0.273041 0.551784
-0.321342 0.588453
-0.379111 0.624878
-0.436394 0.642342
-0.53106 0.639918
-0.635193 0.637249
-0.691992 0.635794
-0.748308 0.615421
-0.852441 0.612753
-0.928173 0.610797
-0.984973 0.609358
-1.04129 0.588954
-1.09809 0.587484
-1.14494 0.567369
-1.2197 0.527533
-1.30417 0.496965
-1.37821 0.428774
-1.42385 0.361282
-1.47046 0.331685
-1.50687 0.273899
-1.49595 0.217349
-1.45712 0.180445
-1.40882 0.143796
-1.33236 0.117332
-1.27556 0.118792
-1.19983 0.120727
-1.15201 0.102992
-1.10516 0.123157
-1.03986 0.162702
-0.98403 0.202039
-0.937181 0.222178
-0.88135 0.261505
-0.834501 0.281651
-0.749302 0.283833
-0.68352 0.304478
-0.59832 0.306661
-0.53157 0.289411
BezierPoints 13
0.126034 0.0955805
0.0926245 0.362993
-0.251084 0.0707274
-0.481729 0.179269
-0.722355 0.0714544
-1.13555 0.333724
-1.11888 0.07074
-1.10966 -0.0748145
-0.68319 -0.0467882
-0.484779 0.0438039
-0.250527 -0.0474477
0.141033 -0.0244782
0.126034 0.0955805
P -4.86213 1.89491 0.493729
T -0.0103292 0.0224118 0.999695
N 0.876717 0.481003 -0.00172488
B 0.480895 -0.876431 0.0246634
SketchPoints 47
0.269435 0.0825697
0.277449 0.139612
0.238372 0.185994
0.189586 0.24159
0.121626 0.306129
0.0638575 0.342571
-0.0033767 0.378724
-0.0710953 0.433825
-0.10993 0.470708
-0.167456 0.497668
-0.273041 0.551784
-0.321342 0.588453
-0.379111 0.624878
-0.436394 0.642342
-0.53106 0.639918
-0.635193 0.637249
-0.691992 0.635794
-0.748308 0.615421
-0.852441 0.612753
-0.928173 0.610797
-0.984973 0.609358
-1.04129 0.588954
-1.09809 0.587484
-1.14494 0.567369
-1.2197 0.527533
-1.30417 0.496965
-1.37821 0.428774
-1.42385 0.361282
-1.47046 0.331685
-1.50687 0.273899
-1.49595 0.217349
-1.45712 0.180445
-1.40882 0.143796
-1.33236 0.117332
-1.27556 0.118792
-1.19983 0.120727
-1.15201 0.102992
-1.10516 0.123157
-1.03986 0.162702
-0.98403 0.202039
-0.937181 0.222178
-0.88135 0.261505
-0.834501 0.281651
-0.749302 0.283833
-0.68352 0.304478
-0.59832 0.306661
-0.53157 0.289411
BezierPoints 13
0.126034 0.087142
0.0926245 0.330946
-0.251084 0.0644831
-0.481729 0.163442
-0.722355 0.0651459
-1.13555 0.30426
-1.11888 0.0644945
-1.10966 -0.0682094
-0.68319 -0.0426574
-0.484779 0.0399366
-0.250527 -0.0432587
0.141033 -0.0223171
0.126034 0.087142
P -4.46823 2.21643 0.490591
T -0.0103292 0.0224118 0.999695
N 0.876717 0.481003 -0.00172488
B 0.480895 -0.876431 0.0246634
SketchPoints 47
0.269435 0.0825697
0.277449 0.139612
0.238372 0.185994
0.189586 0.24159
0.121626 0.306129
0.0638575 0.342571
-0.0033767 0.378724
-0.0710953 0.433825
-0.10993 0.470708
-0.167456 0.497668
-0.273041 0.551784
-0.321342 0.588453
-0.379111 0.624878
-0.436394 0.642342
-0.53106 0.639918
-0.635193 0.637249
-0.691992 0.635794
-0.748308 0.615421
-0.852441 0.612753
-0.928173 0.610797
-0.984973 0.609358
-1.04129 0.588954
-1.09809 0.587484
-1.14494 0.567369
-1.2197 0.527533
-1.30417 0.496965
-1.37821 0.428774
-1.42385 0.361282
-1.47046 0.331685
-1.50687 0.273899
-1.49595 0.217349
-1.45712 0.180445
-1.40882 0.143796
-1.33236 0.117332
-1.27556 0.118792
-1.19983 0.120727
-1.15201 0.102992
-1.10516 0.123157
-1.03986 0.162702
-0.98403 0.202039
-0.937181 0.222178
-0.88135 0.261505
-0.834501 0.281651
-0.749302 0.283833
-0.68352 0.304478
-0.59832 0.306661
-0.53157 0.289411
BezierPoints 13
0.126034 0.0760763
0.0926245 0.288921
-0.251084 0.0562948
-0.481729 0.142687
-0.722355 0.0568734
-1.13555 0.265624
-1.11888 0.0563047
-1.10966 -0.0595478
-0.68319 -0.0372406
-0.484779 0.0348653
-0.250527 -0.0377655
0.141033 -0.0194832
0.126034 0.0760763
P -4.08191 2.55179 0.487064
T -0.0103292 0.0224118 0.999695
N 0.876717 0.481003 -0.00172488
B 0.480895 -0.876431 0.0246634
SketchPoints 47
0.269435 0.0825697
0.277449 0.139612
0.238372 0.185994
0.189586 0.24159
0.121626 0.306129
0.0638575 0.342571
-0.0033767 0.378724
-0.0710953 0.433825
-0.10993 0.470708
-0.167456 0.497668
-0.273041 0.551784
-0.321342 0.588453
-0.379111 0.624878
-0.436394 0.642342
-0.53106 0.639918
-0.635193 0.637249
-0.691992 0.635794
-0.748308 0.615421
-0.852441 0.612753
-0.928173 0.610797
-0.984973 0.609358
-1.04129 0.588954
-1.09809 0.587484
-1.14494 0.567369
-1.2197 0.527533
-1.30417 0.496965
-1.37821 0.428774
-1.42385 0.361282
-1.47046 0.331685
-1.50687 0.273899
-1.49595 0.217349
-1.45712 0.180445
-1.40882 0.143796
-1.33236 0.117332
-1.27556 0.118792
-1.19983 0.120727
-1.15201 0.102992
-1.10516 0.123157
-1.03986 0.162702
-0.98403 0.202039
-0.937181 0.222178
-0.88135 0.261505
-0.834501 0.281651
-0.749302 0.283833
-0.68352 0.304478
-0.59832 0.306661
-0.53157 0.289411
BezierPoints 13
0.126034 0.0697671
0.0926245 0.26496
-0.251084 0.0516261
-0.481729 0.130854
-0.722355 0.0521567
-1.13555 0.243595
-1.11888 0.0516352
-1.10966 -0.0546094
-0.68319 -0.0341521
-0.484779 0.0319738
-0.250527 -0.0346335
0.141033 -0.0178674
0.126034 0.0697671
P -3.70454 2.90344 0.483079
T -0.0103292 0.0224118 0.999695
N 0.876717 0.481003 -0.00172488
B 0.480895 -0.876431 0.0246634
SketchPoints 47
0.269435 0.0825697
0.277449 0.139612
0.238372 0.185994
0.189586 0.24159
0.121626 0.306129
0.0638575 0.342571
-0.0033767 0.378724
-0.0710953 0.433825
-0.10993 0.470708
-0.167456 0.497668
-0.273041 0.551784
-0.321342 0.588453
-0.379111 0.624878
-0.436394 0.642342
-0.53106 0.639918
-0.635193 0.637249
-0.691992 0.635794
-0.748308 0.615421
-0.852441 0.612753
-0.928173 0.610797
-0.984973 0.609358
-1.04129 0.588954
-1.09809 0.587484
-1.14494 0.567369
-1.2197 0.527533
-1.30417 0.496965
-1.37821 0.428774
-1.42385 0.361282
-1.47046 0.331685
-1.50687 0.273899
-1.49595 0.217349
-1.45712 0.180445
-1.40882 0.143796
-1.33236 0.117332
-1.27556 0.118792
-1.19983 0.120727
-1.15201 0.102992
-1.10516 0.123157
-1.03986 0.162702
-0.98403 0.202039
-0.937181 0.222178
-0.88135 0.261505
-0.834501 0.281651
-0.749302 0.283833
-0.68352 0.304478
-0.59832 0.306661
-0.53157 0.289411
BezierPoints 13
0.126034 0.0825288
0.0926245 0.313426
-0.251084 0.0610695
-0.481729 0.15479
-0.722355 0.0616972
-1.13555 0.288153
-1.11888 0.0610803
-1.10966 -0.0645984
-0.68319 -0.0403991
-0.484779 0.0378224
-0.250527 -0.0409686
0.141033 -0.0211357
0.126034 0.0825288
