HeaderParameters 1
PlaneSketch 26
P 0 3.88355 -4.77477
T -1 0 -1.46292e-08
N -7.95277e-10 -0.998521 0.0543624
B 0 -0.0543624 -0.998521
SketchPoints 68
-0.30303 0.28702
-0.340909 0.268081
-0.378788 0.239672
-0.416667 0.220732
-0.464015 0.192321
-0.530303 0.163914
-0.558712 0.154443
-0.587121 0.135503
-0.61553 0.126036
-0.643939 0.126036
-0.672348 0.107096
-0.700758 0.107096
-0.672348 0.0976267
-0.653409 0.0692174
-0.63447 0.0408085
-0.61553 0.0218691
-0.587121 0.0218691
-0.558712 0.0123973
-0.520833 0.0123973
-0.482955 0.0123973
-0.445076 0.0123973
-0.416667 0.0123973
-0.378788 0.0123973
-0.30303 0.0123973
-0.208333 0.0123973
-0.170455 0.0123973
-0.123106 0.0123973
-0.0757576 0.0123973
-0.0378788 0.0123973
3.24646e-08 0.0218691
0.0473485 0.0218691
0.0852273 0.0313366
0.132576 0.0313366
0.160985 0.0408085
0.189394 0.0408085
0.217803 0.0408085
0.274621 0.0408085
0.3125 0.0408085
0.340909 0.0502761
0.378788 0.0597479
0.407197 0.0786873
0.426136 0.0976267
0.445076 0.126036
0.454545 0.182854
0.482955 0.239672
0.492424 0.315429
0.511364 0.419596
0.520833 0.476419
0.520833 0.523767
0.520833 0.552176
0.520833 0.580585
0.511364 0.608988
0.445076 0.6374
0.331439 0.665807
0.142046 0.741566
0.0757576 0.769973
0.0189394 0.788912
-0.0378788 0.798384
-0.142045 0.807852
-0.246212 0.807852
-0.350379 0.807852
-0.454545 0.807852
-0.558712 0.807854
-0.653409 0.807854
-0.757576 0.807854
-0.861742 0.798384
-0.956439 0.798384
-1.05114 0.798384
BezierPoints 13
-1.20793 -0.0514129
-0.619784 -0.0514129
0.556508 -0.0514129
1.14465 -0.0514129
1.14465 0.077987
1.14465 0.336787
1.14465 0.466187
0.556508 0.466187
-0.619784 0.466187
-1.20793 0.466187
-1.20793 0.336787
-1.20793 0.077987
-1.20793 -0.0514129
P -0.486054 3.71234 -4.51294
T 4.65661e-09 0.998521 -0.0543624
N -1 -6.70329e-09 -1.21072e-07
B 1.04308e-07 -0.0543594 -0.998522
SketchPoints 106
0.345226 0.518769
0.374107 0.526681
0.412447 0.534079
0.479149 0.539931
0.526943 0.546815
0.593647 0.552667
0.649867 0.540124
0.725512 0.536008
0.791704 0.532405
0.86735 0.528288
0.96139 0.513688
1.08328 0.488085
1.21412 0.452514
1.3539 0.406973
1.46531 0.362974
1.66027 0.285978
1.77117 0.232523
1.87313 0.189039
1.98402 0.135587
2.06706 0.0931316
2.13962 0.0322801
2.21218 -0.0285702
2.28371 -0.108332
2.34629 -0.178125
2.38 -0.255828
2.40374 -0.342475
2.43538 -0.458001
2.45243 -0.667569
2.46413 -0.80098
2.45693 -0.933359
2.45127 -1.03737
2.4267 -1.14036
2.39215 -1.25228
2.34764 -1.37315
2.31361 -1.47561
2.27013 -1.57757
2.23661 -1.67058
2.17422 -1.77151
2.15325 -1.8083
2.07831 -1.96544
2.02537 -2.06689
1.99289 -2.14099
1.95146 -2.20512
1.90952 -2.27871
1.85864 -2.34232
1.80725 -2.4154
1.77631 -2.46113
1.72697 -2.49638
1.6876 -2.52269
1.60938 -2.56585
1.53116 -2.60901
1.37627 -2.66697
1.27071 -2.68968
1.13628 -2.72029
0.992384 -2.7504
0.839549 -2.77053
0.677256 -2.79015
0.506026 -2.7998
0.363159 -2.81099
0.210839 -2.82167
0.0590327 -2.82289
-0.102742 -2.83305
-0.254033 -2.82482
-0.471515 -2.81298
-0.622806 -2.80475
-0.774097 -2.79652
-0.886536 -2.77143
-0.990034 -2.75631
-1.10247 -2.73123
-1.21491 -2.70614
-1.31738 -2.67211
-1.42088 -2.657
-1.52283 -2.61351
-1.59642 -2.57157
-1.66055 -2.53015
-1.68738 -2.50024
-1.7142 -2.47032
-1.74051 -2.43096
-1.7663 -2.38214
-1.79158 -2.32386
-1.79743 -2.25715
-1.81068 -2.15211
-1.83391 -2.05601
-1.8377 -1.95148
-1.85146 -1.8559
-1.8458 -1.75189
-1.84908 -1.6379
-1.84034 -1.47715
-1.83313 -1.34477
-1.80701 -1.21342
-1.79929 -1.07159
-1.79157 -0.929752
-1.78488 -0.806828
-1.77819 -0.683904
-1.77202 -0.570436
-1.7569 -0.466937
-1.73284 -0.37341
-1.72133 -0.336101
-1.70982 -0.298794
-1.69779 -0.25203
-1.66685 -0.206295
-1.63539 -0.151104
-1.62336 -0.10434
-1.59191 -0.04915
-1.56097 -0.00341579
-1.54051 0.0239222
BezierPoints 118
1.60856 -1.3764
1.61729 -1.29717
1.62175 -1.21759
1.99293 -1.12879
1.98781 -1.02929
1.97736 -0.930203
1.96161 -0.831824
1.58007 -0.822404
1.55911 -0.745506
1.53404 -0.669843
1.50495 -0.595635
1.47192 -0.523096
1.75931 -0.271969
1.70854 -0.186243
1.65324 -0.103366
1.59357 -0.0235764
1.25136 -0.192543
1.19706 -0.134196
1.1397 -0.0788485
1.07946 -0.0266594
1.0165 0.022221
1.15426 0.378138
1.06947 0.43045
0.981989 0.478135
0.892075 0.521056
0.667588 0.212412
0.592391 0.23884
0.515884 0.261193
0.438287 0.279408
0.359824 0.293431
0.316405 0.672601
0.217013 0.679515
0.117392 0.681085
0.0178314 0.677304
-0.0375079 0.299689
-0.116373 0.288144
-0.194506 0.272382
-0.271679 0.252449
-0.347671 0.228403
-0.562326 0.543964
-0.653547 0.503896
-0.742485 0.45899
-0.828885 0.409374
-0.702399 0.0492952
-0.766866 0.00242171
-0.828724 -0.0478442
-0.887794 -0.101358
-0.943907 -0.157965
-1.28062 0.0216947
-1.34277 -0.0561761
-1.40066 -0.13727
-1.4541 -0.221354
-1.17477 -0.481408
-1.21007 -0.552871
-1.24148 -0.626126
-1.26891 -0.700962
-1.29229 -0.777162
-1.67393 -0.774561
-1.69278 -0.872396
-1.70634 -0.971099
-1.71459 -1.07039
-1.3464 -1.17084
-1.34445 -1.25052
-1.33822 -1.32999
-1.32773 -1.409
-1.31302 -1.48734
-1.65215 -1.66239
-1.62337 -1.75778
-1.58952 -1.85148
-1.55068 -1.94323
-1.17798 -1.86107
-1.13922 -1.93072
-1.09677 -1.99818
-1.05077 -2.06327
-1.00134 -2.1258
-1.22027 -2.4384
-1.15046 -2.50949
-1.07694 -2.57672
-0.999908 -2.63991
-0.708081 -2.39396
-0.641393 -2.43762
-0.572459 -2.47763
-0.501477 -2.51389
-0.428649 -2.54628
-0.477234 -2.92482
-0.382385 -2.95532
-0.286035 -2.98069
-0.188462 -3.00084
-0.0443605 -2.64745
0.0349761 -2.65511
0.11461 -2.65851
0.19431 -2.65762
0.273849 -2.65246
0.406747 -3.01022
0.504906 -2.99315
0.602007 -2.97083
0.69777 -2.94333
0.661133 -2.56345
0.734945 -2.53337
0.807034 -2.49936
0.877195 -2.46154
0.945224 -2.42001
1.22916 -2.67503
1.30814 -2.6143
1.38375 -2.54941
1.45576 -2.48056
1.24678 -2.16121
1.29816 -2.10027
1.34619 -2.03667
1.39074 -1.97057
1.43167 -1.90218
1.8016 -1.99604
1.84331 -1.90556
1.8801 -1.81297
1.91187 -1.71854
1.57842 -1.53289
1.59559 -1.45505
1.60856 -1.3764
P 0.486054 3.71234 -4.51294
T -1.04308e-07 -0.0543594 -0.998522
N 1 -6.70329e-09 -1.21072e-07
B -4.65661e-09 0.998521 -0.0543624
SketchPoints 106
0.51877 0.345227
0.526682 0.374109
0.53408 0.412448
0.539932 0.479151
0.546817 0.526944
0.552669 0.593649
0.540126 0.649868
0.536011 0.725514
0.532407 0.791706
0.528291 0.867352
0.513691 0.961392
0.488088 1.08329
0.452517 1.21412
0.406976 1.3539
0.362978 1.46531
0.285982 1.66028
0.232528 1.77117
0.189045 1.87313
0.135593 1.98402
0.0931376 2.06707
0.0322863 2.13962
-0.0285635 2.21218
-0.108325 2.28371
-0.178118 2.34629
-0.255821 2.38
-0.342468 2.40374
-0.457994 2.43538
-0.667562 2.45243
-0.800973 2.46413
-0.933352 2.45693
-1.03736 2.45127
-1.14035 2.42669
-1.25227 2.39215
-1.37314 2.34764
-1.47561 2.31361
-1.57756 2.27012
-1.67058 2.23661
-1.7715 2.17422
-1.8083 2.15324
-1.96544 2.07831
-2.06688 2.02537
-2.14098 1.99288
-2.20511 1.95146
-2.2787 1.90952
-2.34232 1.85864
-2.41539 1.80724
-2.46113 1.7763
-2.49637 1.72696
-2.52268 1.68759
-2.56585 1.60937
-2.60901 1.53116
-2.66696 1.37626
-2.68967 1.27071
-2.72029 1.13627
-2.75039 0.992375
-2.77053 0.839541
-2.79015 0.677247
-2.7998 0.506018
-2.81099 0.363151
-2.82167 0.21083
-2.82289 0.0590243
-2.83305 -0.10275
-2.82482 -0.254042
-2.81298 -0.471523
-2.80475 -0.622814
-2.79652 -0.774105
-2.77143 -0.886545
-2.75631 -0.990043
-2.73123 -1.10248
-2.70614 -1.21492
-2.67212 -1.31739
-2.657 -1.42089
-2.61352 -1.52284
-2.57158 -1.59643
-2.53015 -1.66056
-2.50024 -1.68738
-2.47033 -1.71421
-2.43096 -1.74052
-2.38214 -1.76631
-2.32386 -1.79159
-2.25716 -1.79744
-2.15212 -1.81069
-2.05602 -1.83391
-1.95149 -1.83771
-1.8559 -1.85147
-1.75189 -1.84581
-1.63791 -1.84909
-1.47716 -1.84034
-1.34478 -1.83314
-1.21343 -1.80702
-1.07159 -1.7993
-0.929757 -1.79158
-0.806833 -1.78489
-0.683909 -1.7782
-0.570441 -1.77202
-0.466943 -1.7569
-0.373415 -1.73285
-0.336107 -1.72133
-0.298799 -1.70982
-0.252035 -1.69779
-0.2063 -1.66685
-0.151109 -1.63539
-0.104345 -1.62336
-0.0491549 -1.59191
-0.0034206 -1.56097
0.0239178 -1.54051
BezierPoints 118
-1.3764 1.60856
-1.29717 1.61729
-1.21759 1.62175
-1.12878 1.99292
-1.02928 1.98781
-0.930197 1.97736
-0.831818 1.9616
-0.8224 1.58007
-0.745501 1.5591
-0.669839 1.53404
-0.595631 1.50495
-0.523091 1.47192
-0.271963 1.75931
-0.186238 1.70853
-0.103361 1.65324
-0.0235716 1.59357
-0.192539 1.25136
-0.134193 1.19706
-0.0788452 1.1397
-0.0266564 1.07946
0.0222242 1.0165
0.378141 1.15426
0.430453 1.06947
0.478138 0.98199
0.521058 0.892077
0.212414 0.667589
0.238841 0.592392
0.261195 0.515884
0.279409 0.438287
0.293432 0.359825
0.672602 0.316407
0.679516 0.217015
0.681085 0.117394
0.677304 0.0178334
0.299689 -0.0375069
0.288144 -0.116372
0.272382 -0.194505
0.252449 -0.271678
0.228402 -0.34767
0.543962 -0.562325
0.503894 -0.653545
0.458988 -0.742484
0.409372 -0.828884
0.049293 -0.702399
0.0024194 -0.766866
-0.0478465 -0.828724
-0.101361 -0.887794
-0.157968 -0.943907
0.0216911 -1.28062
-0.0561799 -1.34278
-0.137274 -1.40066
-0.221359 -1.4541
-0.481412 -1.17477
-0.552875 -1.21007
-0.62613 -1.24148
-0.700966 -1.26892
-0.777166 -1.2923
-0.774566 -1.67394
-0.8724 -1.69278
-0.971104 -1.70635
-1.07039 -1.71459
-1.17085 -1.3464
-1.25053 -1.34445
-1.32999 -1.33822
-1.409 -1.32774
-1.48734 -1.31302
-1.6624 -1.65216
-1.75778 -1.62338
-1.85148 -1.58952
-1.94323 -1.55068
-1.86107 -1.17798
-1.93072 -1.13922
-1.99818 -1.09678
-2.06327 -1.05078
-2.1258 -1.00134
-2.43841 -1.22028
-2.50949 -1.15047
-2.57673 -1.07695
-2.63992 -0.999916
-2.39397 -0.708088
-2.43762 -0.641401
-2.47763 -0.572466
-2.51389 -0.501484
-2.54628 -0.428657
-2.92483 -0.477243
-2.95532 -0.382393
-2.98069 -0.286044
-3.00085 -0.188471
-2.64745 -0.0443683
-2.65511 0.0349684
-2.65851 0.114602
-2.65762 0.194302
-2.65246 0.273842
-3.01022 0.406738
-2.99315 0.504897
-2.97083 0.601998
-2.94333 0.697761
-2.56345 0.661126
-2.53336 0.734937
-2.49936 0.807027
-2.46154 0.877187
-2.42001 0.945217
-2.67503 1.22915
-2.61429 1.30813
-2.54941 1.38374
-2.48056 1.45576
-2.16121 1.24678
-2.10027 1.29815
-2.03666 1.34618
-1.97057 1.39073
-1.90218 1.43167
-1.99603 1.80159
-1.90555 1.8433
-1.81296 1.8801
-1.71853 1.91187
-1.53288 1.57842
-1.45505 1.59559
-1.3764 1.60856
P -0.0275302 3.865 -5.11551
T -5.82077e-11 0.998521 -0.0543624
N 1 9.50998e-08 1.74623e-06
B -1.75368e-06 0.0543937 0.998519
SketchPoints 91
0.227922 0.02145
0.288725 0.02476
0.337036 0.0334923
0.361027 0.0408972
0.384685 0.0543827
0.425924 0.0810222
0.449583 0.0945076
0.472911 0.114073
0.495908 0.13972
0.518906 0.165365
0.558489 0.222406
0.620076 0.323335
0.664415 0.405029
0.684434 0.485397
0.698371 0.565435
0.70656 0.639061
0.708668 0.712355
0.704696 0.78532
0.701054 0.852203
0.691333 0.918755
0.675531 0.984976
0.652987 1.06303
0.60823 1.21305
0.577619 1.32725
0.547009 1.44145
0.511973 1.52492
0.483679 1.59656
0.424653 1.67262
0.329477 1.74061
0.252209 1.81568
0.168862 1.89042
0.0784416 1.98307
-0.00556778 2.06997
-0.0889151 2.14471
-0.1716 2.20728
-0.297841 2.28579
-0.373784 2.33653
-0.455807 2.38695
-0.506436 2.42078
-0.556733 2.44854
-0.606369 2.46413
-0.656335 2.4858
-0.681981 2.50879
-0.707957 2.53787
-0.734265 2.57303
-0.760903 2.61427
-0.781792 2.66191
-0.806984 2.78861
-0.83019 2.87882
-0.835156 2.97002
-0.852613 3.06665
-0.85824 3.17001
-0.86486 3.29162
-0.87148 3.41322
-0.878101 3.53483
-0.885052 3.66252
-0.907474 3.85034
-0.923276 3.91656
-0.953886 4.03076
-0.997651 4.16254
-1.03236 4.23993
-1.09105 4.30992
-1.14168 4.34375
-1.19098 4.35326
-1.20823 4.33402
-1.20558 4.28538
-1.20393 4.25498
-1.20128 4.20634
-1.18936 3.98745
-1.17844 3.7868
-1.16454 3.53142
-1.13715 3.25239
-1.13408 2.97203
-1.11886 2.69234
-1.10495 2.43697
-1.09105 2.18159
-1.07715 1.92622
-1.06258 1.65869
-1.04736 1.37899
-1.03213 1.0993
-1.01194 0.728402
-1.00069 0.521671
-0.989431 0.314939
-0.980163 0.144693
-0.971556 -0.0133959
-0.962288 -0.183645
-0.952357 -0.366054
-0.943089 -0.536302
-0.935144 -0.68223
-0.91537 -0.821414
-0.906973 -0.863645
BezierPoints 28
0.227922 0.02145
0.592348 0.0412884
0.721598 0.474838
0.704696 0.78532
0.671448 1.39604
0.324934 1.872
-0.1716 2.20728
-0.344899 2.32431
-0.658528 2.4228
-0.760903 2.61427
-0.961257 2.98897
-0.991651 6.24372
-0.979962 6.4902
-1.21372 6.45577
-1.36293 6.44116
-1.5675 6.40837
-1.56938 6.25362
-1.5196 5.1392
-1.49255 4.84419
-1.73953 4.91719
-1.78557 4.86527
-1.95355 4.81904
-2.00679 4.06375
-1.7643 2.51232
-1.73755 2.14098
-1.71171 1.7821
-0.131354 0.00189206
0.227922 0.02145
P 0.067117 2.42078 -1.57016
T -0.999953 -0.00052831 -0.00970394
N -0.000117441 0.999105 -0.0422923
B -0.00972514 0.0422891 0.999058
SketchPoints 66
-0.363985 0.00175687
-0.407406 0.0336662
-0.461604 0.065476
-0.515907 0.108055
-0.559537 0.16152
-0.62514 0.257884
-0.658099 0.322228
-0.691057 0.386574
-0.713449 0.472578
-0.746826 0.580033
-0.780308 0.69826
-0.781879 0.859912
-0.804899 1.01058
-0.806679 1.19378
-0.808669 1.39854
-0.811706 1.71106
-0.791095 1.80826
-0.771427 2.00246
-0.761802 2.1211
-0.730101 2.18608
-0.698608 2.27261
-0.656653 2.39157
-0.604026 2.52141
-0.5514 2.65126
-0.498668 2.77033
-0.445622 2.85706
-0.392262 2.91147
-0.306572 2.96619
-0.220777 3.01014
-0.0489779 3.07648
0.0800286 3.11006
0.219917 3.13298
0.338461 3.13413
0.457005 3.13529
0.586639 3.10421
0.705498 3.07304
0.781249 3.04144
0.857105 2.99907
0.911512 2.94571
0.965919 2.89235
1.02033 2.83899
1.06427 2.75319
1.14055 2.66771
1.16325 2.54938
1.19673 2.43115
1.21944 2.31281
1.23137 2.19438
1.23252 2.07583
1.23367 1.95729
1.22426 1.81709
1.22583 1.65544
1.18503 1.41793
1.17488 1.35316
1.12288 1.15866
1.08092 1.03969
1.06063 0.910165
1.06157 0.813173
1.02997 0.737422
1.00926 0.650998
0.988646 0.5538
0.978288 0.510588
0.96793 0.467374
0.957467 0.434942
0.947005 0.402507
0.936542 0.370072
0.92608 0.337637
BezierPoints 49
0.994173 1.01126
0.995381 1.12677
0.97282 1.24031
0.927411 1.3469
0.884323 1.45408
0.820032 1.55034
0.737289 1.63144
0.656466 1.71397
0.560231 1.7783
0.452751 1.82156
0.346497 1.86688
0.23297 1.88948
0.117116 1.88832
0.00160677 1.88953
-0.11193 1.86697
-0.21852 1.82156
-0.325698 1.77847
-0.421959 1.71418
-0.503058 1.63144
-0.585589 1.55061
-0.649919 1.45438
-0.693181 1.3469
-0.7385 1.24065
-0.761106 1.12712
-0.759944 1.01126
-0.761152 0.895755
-0.738591 0.782218
-0.693183 0.675628
-0.650095 0.56845
-0.585804 0.472189
-0.503062 0.39109
-0.422238 0.308558
-0.326003 0.244228
-0.218524 0.200966
-0.11227 0.155647
0.00125767 0.133042
0.117111 0.134203
0.23262 0.132995
0.346157 0.155555
0.452747 0.200964
0.559926 0.244051
0.656186 0.308343
0.737286 0.391085
0.819817 0.471908
0.884147 0.568143
0.92741 0.675622
0.972729 0.781876
0.995335 0.895404
0.994173 1.01126
P 0.840309 3.86898 -5.04231
T -4.07454e-10 0.998521 -0.0543624
N 1 2.88265e-08 5.28991e-07
B -5.34579e-07 0.0543763 0.998521
SketchPoints 82
0.323573 -0.0594885
0.355271 -0.0469694
0.418081 -0.0111706
0.47972 0.0461525
0.510832 0.0694332
0.531183 0.0921274
0.56171 0.12617
0.581475 0.159624
0.612001 0.193667
0.642528 0.227708
0.662293 0.261164
0.692233 0.305968
0.711413 0.350185
0.720417 0.383054
0.739596 0.427271
0.757018 0.503773
0.76485 0.558165
0.761335 0.622733
0.769167 0.677126
0.765653 0.741693
0.762724 0.795499
0.749033 0.84872
0.736514 0.880418
0.723995 0.912116
0.701301 0.932467
0.677435 0.974339
0.642808 1.01563
0.586072 1.0665
0.551446 1.10779
0.516818 1.14908
0.482777 1.1796
0.448736 1.21013
0.414694 1.24066
0.380653 1.27118
0.346612 1.30171
0.302395 1.32089
0.257592 1.35083
0.17992 1.38977
0.124942 1.40836
0.0807247 1.42754
0.0370934 1.43596
-0.00653762 1.44438
-0.0501684 1.45279
-0.0937994 1.46121
-0.148192 1.46904
-0.191237 1.4667
-0.245044 1.46377
-0.288089 1.46142
-0.352657 1.45791
-0.406463 1.45498
-0.459097 1.43053
-0.500971 1.40666
-0.532084 1.38338
-0.56261 1.34934
-0.593137 1.3153
-0.623077 1.27049
-0.653018 1.22569
-0.672197 1.18147
-0.691962 1.14802
-0.710556 1.09304
-0.729149 1.03806
-0.747743 0.983082
-0.765751 0.917343
-0.773583 0.862951
-0.781415 0.808558
-0.789247 0.754166
-0.786318 0.700358
-0.783389 0.646553
-0.790636 0.581399
-0.787121 0.516832
-0.783606 0.452263
-0.780091 0.387696
-0.776576 0.323128
-0.774233 0.280083
-0.761714 0.248384
-0.759371 0.205339
-0.757613 0.173055
-0.733747 0.131182
-0.731404 0.0881372
-0.718886 0.0564391
-0.706367 0.0247401
-0.704024 -0.0183034
BezierPoints 118
0.806965 0.651371
0.805801 0.694689
0.962788 0.755185
0.955828 0.806717
0.946111 0.857802
0.778047 0.865471
0.765433 0.906928
0.750612 0.947648
0.733626 0.987514
0.714526 1.02641
0.693365 1.06423
0.804256 1.19075
0.774145 1.23314
0.741801 1.27386
0.589423 1.20255
0.558988 1.23339
0.526941 1.26256
0.493375 1.28997
0.458386 1.31553
0.422075 1.33918
0.461467 1.50275
0.415103 1.52629
0.367542 1.54731
0.265758 1.41336
0.224474 1.42653
0.182543 1.43746
0.140085 1.44613
0.0972232 1.45251
0.0540808 1.45657
0.0129493 1.61971
-0.039046 1.61901
-0.0909293 1.61552
-0.118801 1.4496
-0.161476 1.44208
-0.203686 1.43228
-0.245309 1.42022
-0.286224 1.40595
-0.326315 1.3895
-0.438547 1.51483
-0.484262 1.49005
-0.528582 1.46285
-0.476156 1.30299
-0.510446 1.27649
-0.543265 1.2482
-0.574517 1.21818
-0.604113 1.18652
-0.631968 1.15333
-0.78959 1.21215
-0.818552 1.16896
-0.845155 1.12428
-0.724442 1.00709
-0.742492 0.967697
-0.758401 0.92739
-0.772123 0.886286
-0.78362 0.844505
-0.792857 0.802168
-0.959759 0.781
-0.965334 0.729299
-0.968125 0.677374
-0.80678 0.629707
-0.804454 0.586436
-0.799809 0.543352
-0.792858 0.500579
-0.783621 0.458242
-0.772125 0.416461
-0.910072 0.320154
-0.890982 0.271785
-0.869322 0.22451
-0.704306 0.257284
-0.682138 0.22005
-0.658003 0.18406
-0.63197 0.149417
-0.604116 0.116221
-0.57452 0.0845692
-0.651911 -0.0648135
-0.612529 -0.0987704
-0.571381 -0.130565
-0.440497 -0.0248582
-0.403564 -0.047525
-0.365468 -0.0681766
-0.326318 -0.0867535
-0.286228 -0.103202
-0.245313 -0.117475
-0.244417 -0.285712
-0.193766 -0.297478
-0.142555 -0.306508
-0.0757875 -0.152085
-0.0325512 -0.154992
0.0107785 -0.155574
0.0540769 -0.153829
0.0972192 -0.149763
0.140081 -0.143386
0.219057 -0.291937
0.269375 -0.278816
0.318916 -0.263013
0.306272 -0.0952494
0.345906 -0.0777305
0.384543 -0.0581095
0.422072 -0.0364427
0.458383 -0.012793
0.493371 0.0127715
0.632336 -0.0820611
0.670793 -0.0470596
0.707315 -0.0100437
0.618156 0.132628
0.645109 0.166559
0.670202 0.201888
0.693363 0.238513
0.714524 0.276328
0.733625 0.315225
0.900743 0.295835
0.918529 0.344699
0.933665 0.394448
0.788416 0.479343
0.796513 0.521913
0.802314 0.564856
0.805801 0.60805
0.806965 0.651371
P -0.840309 3.86898 -5.04231
T 5.34579e-07 0.0543763 0.998521
N -1 2.88265e-08 5.28991e-07
B 4.07454e-10 0.998521 -0.0543624
SketchPoints 82
-0.0594839 0.323572
-0.0469645 0.35527
-0.0111647 0.418081
0.0461594 0.47972
0.0694402 0.510833
0.0921349 0.531185
0.126178 0.561711
0.159632 0.581477
0.193676 0.612004
0.227718 0.642531
0.261173 0.662297
0.305977 0.692237
0.350195 0.711417
0.383065 0.720422
0.427282 0.739602
0.503783 0.757025
0.558176 0.764857
0.622744 0.761343
0.677137 0.769177
0.741703 0.765663
0.79551 0.762735
0.84873 0.749045
0.880428 0.736527
0.912126 0.724008
0.932476 0.701314
0.974349 0.677449
1.01564 0.642823
1.06651 0.586087
1.1078 0.551461
1.14909 0.516834
1.17961 0.482793
1.21014 0.448753
1.24066 0.414712
1.27119 0.380671
1.30171 0.34663
1.32089 0.302413
1.35083 0.257611
1.38977 0.179939
1.40837 0.124961
1.42754 0.0807447
1.43596 0.0371134
1.44438 -0.00651756
1.45279 -0.0501481
1.46121 -0.0937791
1.46904 -0.148171
1.4667 -0.191217
1.46377 -0.245023
1.46142 -0.288068
1.4579 -0.352636
1.45497 -0.406443
1.43052 -0.459077
1.40665 -0.500952
1.38337 -0.532064
1.34933 -0.562591
1.31529 -0.593118
1.27048 -0.623059
1.22568 -0.653001
1.18146 -0.672181
1.14801 -0.691946
1.09303 -0.710541
1.03805 -0.729135
0.983072 -0.747729
0.917333 -0.765738
0.86294 -0.773571
0.808547 -0.781404
0.754155 -0.789237
0.700347 -0.786308
0.646542 -0.78338
0.581388 -0.790627
0.516821 -0.787114
0.452253 -0.7836
0.387685 -0.780086
0.323117 -0.776572
0.280072 -0.774229
0.248373 -0.761711
0.205329 -0.759368
0.173044 -0.757611
0.131172 -0.733746
0.088127 -0.731403
0.0564289 -0.718885
0.0247304 -0.706366
-0.0183131 -0.704024
BezierPoints 118
0.651383 0.806974
0.694701 0.805811
0.755198 0.962799
0.80673 0.955839
0.857815 0.946123
0.865482 0.778059
0.906939 0.765445
0.947659 0.750625
0.987524 0.73364
1.02642 0.71454
1.06424 0.69338
1.19076 0.804273
1.23315 0.774162
1.27387 0.741819
1.20256 0.58944
1.2334 0.559006
1.26257 0.526959
1.28998 0.493393
1.31554 0.458404
1.33919 0.422094
1.50275 0.461488
1.5263 0.415124
1.54732 0.367563
1.41336 0.265778
1.42653 0.224494
1.43746 0.182563
1.44613 0.140105
1.45251 0.0972435
1.45657 0.054101
1.61971 0.0129719
1.61901 -0.0390234
1.61552 -0.0909068
1.4496 -0.118781
1.44208 -0.161456
1.43227 -0.203666
1.42022 -0.245289
1.40594 -0.286205
1.38949 -0.326295
1.51482 -0.438526
1.49004 -0.484242
1.46284 -0.528561
1.30298 -0.476138
1.27649 -0.510429
1.24819 -0.543248
1.21817 -0.5745
1.18652 -0.604097
1.15332 -0.631952
1.21214 -0.789573
1.16895 -0.818536
1.12427 -0.845139
1.00708 -0.724428
0.967687 -0.742479
0.927379 -0.758388
0.886275 -0.772111
0.844494 -0.783608
0.802157 -0.792846
0.780987 -0.959749
0.729286 -0.965324
0.67736 -0.968116
0.629696 -0.806771
0.586425 -0.804446
0.543341 -0.799801
0.500568 -0.792851
0.458231 -0.783614
0.41645 -0.772119
0.320141 -0.910068
0.271773 -0.890978
0.224498 -0.869319
0.257274 -0.704303
0.220041 -0.682135
0.184051 -0.658
0.149408 -0.631968
0.116213 -0.604115
0.084561 -0.574519
-0.0648228 -0.651912
-0.0987788 -0.612531
-0.130573 -0.571383
-0.0248646 -0.440498
-0.0475309 -0.403565
-0.0681819 -0.365469
-0.0867582 -0.32632
-0.103206 -0.286229
-0.117479 -0.245315
-0.285716 -0.244421
-0.297481 -0.19377
-0.30651 -0.14256
-0.152086 -0.0757896
-0.154992 -0.0325533
-0.155574 0.0107763
-0.153828 0.0540747
-0.149761 0.0972171
-0.143385 0.140079
-0.291934 0.219053
-0.278812 0.26937
-0.263009 0.318912
-0.0952452 0.30627
-0.0777257 0.345905
-0.0581043 0.384542
-0.036437 0.422071
-0.0127867 0.458383
0.0127784 0.493372
-0.0820521 0.632335
-0.0470501 0.670792
-0.0100338 0.707315
0.132636 0.618158
0.166568 0.645111
0.201897 0.670205
0.238523 0.693366
0.276338 0.714528
0.315235 0.733629
0.295847 0.900747
0.344712 0.918533
0.394461 0.933671
0.479354 0.788423
0.521924 0.796521
0.564868 0.802322
0.608061 0.805809
0.651383 0.806974
P 0.451182 2.49373 0.152277
T -0.000117441 0.999105 -0.0422923
N 0.785453 -0.0260834 -0.618371
B 0.618921 0.0332912 0.784747
SketchPoints 0
BezierPoints 28
-0.000346184 -0.23508
-0.189374 -0.378538
-0.352947 -0.022502
-0.123456 0.16599
0.153378 0.393366
0.723537 0.768605
0.944194 0.974985
0.628469 1.76361
0.174057 2.01823
-0.131995 2.20567
-0.398884 2.36912
-1.26957 2.41273
-1.92561 2.00619
-1.9311 2.14556
-1.3998 2.6732
-0.886154 2.86088
-0.579784 2.91566
-0.141565 2.99655
0.497717 2.93971
0.155089 2.85802
0.0178004 2.62239
0.103676 2.42827
0.297732 1.98961
0.856268 1.94176
1.28867 0.893913
0.980692 0.647944
0.620192 0.235859
-0.000346184 -0.23508
P 0.773085 2.47528 -0.284538
T -0.000117441 0.999105 -0.0422923
N 0.27996 -0.0405682 -0.959154
B 0.960012 0.0119528 0.279705
SketchPoints 0
BezierPoints 28
-0.0158687 -0.333407
-0.293363 -0.524516
-0.502079 -0.00882816
-0.164247 0.24351
0.243278 0.547903
1.07652 1.04283
1.40299 1.32112
1.00676 2.46033
0.378897 2.8512
-0.0429339 3.13707
-0.410788 3.38636
-1.64288 3.50518
-2.63352 2.97035
-2.59865 3.16951
-1.81056 3.88314
-1.06974 4.11573
-0.631616 4.17339
-0.0047735 4.25946
0.898242 4.13702
0.406927 4.04356
0.196789 3.71833
0.305894 3.43738
0.552441 2.80251
1.34152 2.6981
1.88627 1.18359
1.43336 0.854868
0.895085 0.293964
-0.0158687 -0.333407
P 0.776232 2.45229 -0.827622
T -0.000117441 0.999105 -0.0422923
N -0.351739 -0.039631 -0.935259
B 0.936098 -0.014766 -0.351429
SketchPoints 0
BezierPoints 28
-0.0158687 -0.333407
-0.293363 -0.524516
-0.502079 -0.00882816
-0.164247 0.24351
0.243278 0.547903
1.07652 1.04283
1.40299 1.32112
1.00676 2.46033
0.378897 2.8512
-0.0429339 3.13707
-0.410788 3.38636
-1.64288 3.50518
-2.41564 2.96713
-2.41269 3.16676
-1.81056 3.88314
-1.06974 4.11573
-0.631616 4.17339
-0.0047735 4.25946
0.898242 4.13702
0.406927 4.04356
0.196789 3.71833
0.305894 3.43738
0.552441 2.80251
1.34152 2.6981
1.88627 1.18359
1.43336 0.854868
0.895085 0.293964
-0.0158687 -0.333407
P 0.471126 2.67729 -1.29559
T -0.000117441 0.999105 -0.0422923
N -0.830077 -0.0236816 -0.557145
B 0.557649 -0.0350404 -0.829337
SketchPoints 0
BezierPoints 28
-0.0768083 -0.432036
-0.470781 -0.634503
-0.656114 0.0729983
-0.173163 0.345142
0.409415 0.673426
1.57912 1.17848
2.05163 1.48637
1.72677 3.0384
0.973926 3.65371
0.472046 4.09745
0.0343858 4.4844
-1.55206 4.84669
-2.53556 4.25217
-2.50598 4.5124
-1.70707 5.36771
-0.702018 5.54628
-0.121067 5.54772
0.710717 5.55442
1.86749 5.24279
1.21117 5.20364
0.882441 4.81496
0.977406 4.43028
1.192 3.56102
2.20325 3.29208
2.65861 1.22572
2.01275 0.873346
1.21652 0.232621
-0.0768083 -0.432036
P -0.893838 2.45182 -0.834188
T -0.000117441 0.999105 -0.0422923
N -0.275988 0.0406173 0.960302
B -0.961161 -0.011785 -0.275737
SketchPoints 0
BezierPoints 28
-0.0158687 -0.333407
-0.293363 -0.524516
-0.502079 -0.00882816
-0.164247 0.24351
0.243278 0.547903
1.07652 1.04283
1.40299 1.32112
1.00676 2.46033
0.378897 2.8512
-0.0429339 3.13707
-0.410788 3.38636
-1.64288 3.50518
-2.63352 2.97035
-2.59865 3.16951
-1.81056 3.88314
-1.06974 4.11573
-0.631616 4.17339
-0.0047735 4.25946
0.898242 4.13702
0.406927 4.04356
0.196789 3.71833
0.305894 3.43738
0.552441 2.80251
1.34152 2.6981
1.88627 1.18359
1.43336 0.854868
0.895085 0.293964
-0.0158687 -0.333407
P -0.894805 2.47481 -0.291083
T -0.000117441 0.999105 -0.0422923
N 0.3556 0.0395697 0.9338
B -0.934638 0.0149295 0.355286
SketchPoints 0
BezierPoints 28
-0.0158687 -0.333407
-0.293363 -0.524516
-0.502079 -0.00882816
-0.164247 0.24351
0.243278 0.547903
1.07652 1.04283
1.40299 1.32112
1.00676 2.46033
0.378897 2.8512
-0.0429339 3.13707
-0.410788 3.38636
-1.64288 3.50518
-2.63352 2.97035
-2.59865 3.16951
-1.81056 3.88314
-1.06974 4.11573
-0.631616 4.17339
-0.0047735 4.25946
0.898242 4.13702
0.406927 4.04356
0.196789 3.71833
0.305894 3.43738
0.552441 2.80251
1.34152 2.6981
1.88627 1.18359
1.43336 0.854868
0.895085 0.293964
-0.0158687 -0.333407
P -0.471126 2.67729 -1.29559
T -0.557649 -0.0350404 -0.829337
N 0.830077 -0.0236816 -0.557145
B 0.000117441 0.999105 -0.0422923
SketchPoints 0
BezierPoints 28
-0.432036 -0.0768084
-0.634503 -0.470782
0.0729984 -0.656114
0.345142 -0.173163
0.673426 0.409415
1.17848 1.57912
1.48637 2.05163
3.0384 1.72677
3.65371 0.973926
4.09745 0.472046
4.4844 0.0343858
4.84669 -1.55206
4.25217 -2.53556
4.5124 -2.50598
5.36771 -1.70707
5.54628 -0.702018
5.54772 -0.121067
5.55442 0.710717
5.24279 1.86749
5.20364 1.21117
4.81496 0.882441
4.43028 0.977406
3.56102 1.192
3.29208 2.20325
1.22572 2.65861
0.873346 2.01275
0.232621 1.21652
-0.432036 -0.0768084
P -0.451182 2.49373 0.152277
T -0.618921 0.0332912 0.784747
N -0.785453 -0.0260834 -0.618371
B 0.000117441 0.999105 -0.0422923
SketchPoints 0
BezierPoints 28
-0.23508 -0.00034623
-0.378538 -0.189374
-0.022502 -0.352947
0.16599 -0.123456
0.393366 0.153378
0.768605 0.723538
0.974985 0.944194
1.76361 0.628469
2.01823 0.174057
2.20567 -0.131995
2.36912 -0.398884
2.41273 -1.26957
2.00619 -1.92561
2.14556 -1.9311
2.6732 -1.3998
2.86088 -0.886154
2.91566 -0.579783
2.99655 -0.141565
2.93971 0.497717
2.85802 0.155089
2.62239 0.0178005
2.42827 0.103676
1.98961 0.297733
1.94176 0.856269
0.893913 1.28867
0.647944 0.980692
0.235859 0.620192
-0.23508 -0.00034623
P -0.0271385 2.70564 -0.447039
T -0.999953 -0.00052831 -0.00970394
N 0.00892036 -0.446139 -0.894919
B 0.00384449 0.894964 -0.446123
SketchPoints 74
0.340304 0.194556
0.340253 0.279563
0.352356 0.352447
0.364445 0.449639
0.364388 0.546776
0.376469 0.656114
0.4128 0.838342
0.424866 0.97194
0.44908 1.10556
0.473293 1.23917
0.473236 1.33637
0.473192 1.40924
0.473164 1.45783
0.473135 1.5064
0.473106 1.55498
0.473085 1.59143
0.473063 1.62786
0.473035 1.67644
0.472998 1.73717
0.47297 1.78574
0.460809 1.81006
0.448649 1.83433
0.448628 1.87078
0.424328 1.8829
0.375744 1.88288
0.339305 1.88284
0.266429 1.8828
0.157107 1.89488
0.0842238 1.90697
0.0234862 1.9191
-0.0250979 1.91908
-0.0615436 1.93119
-0.110127 1.93117
-0.134412 1.91901
-0.170851 1.91898
-0.19515 1.93112
-0.21945 1.94324
-0.255887 1.94323
-0.26802 1.91892
-0.292297 1.89461
-0.304429 1.87033
-0.316561 1.84601
-0.316525 1.78528
-0.328628 1.7124
-0.340716 1.61522
-0.364951 1.51805
-0.377047 1.43301
-0.377004 1.36012
-0.376968 1.29939
-0.376925 1.22654
-0.376896 1.17793
-0.376868 1.12936
-0.376839 1.08077
-0.37681 1.03218
-0.376774 0.971455
-0.376739 0.910724
-0.376709 0.862158
-0.376681 0.813574
-0.376652 0.764974
-0.376616 0.704244
-0.376588 0.65566
-0.376566 0.61922
-0.376537 0.570653
-0.364362 0.522074
-0.364341 0.485607
-0.364312 0.437037
-0.352152 0.412768
-0.352131 0.376314
-0.339963 0.339882
-0.327788 0.291306
-0.327752 0.230576
-0.315563 0.157707
-0.315542 0.121253
-0.303381 0.096984
BezierPoints 13
-0.597059 0.020945
-0.291166 0.020945
0.320621 0.020945
0.626514 0.020945
0.626514 0.262903
0.626514 0.746818
0.626514 0.988775
0.320621 0.988775
-0.291166 0.988775
-0.597059 0.988775
-0.597059 0.746818
-0.597059 0.262903
-0.597059 0.020945
P 0.188341 2.61647 0.762559
T -0.999953 -0.00052831 -0.00970394
N 0.00962657 0.083028 -0.996501
B -0.00132363 0.996547 0.0830191
SketchPoints 47
0.260278 0.128544
0.300898 0.144816
0.333387 0.169211
0.398367 0.217998
0.430852 0.250517
0.471459 0.291167
0.50394 0.331812
0.52016 0.388703
0.544516 0.429341
0.55262 0.469974
0.56885 0.510609
0.568828 0.551238
0.568807 0.591867
0.568785 0.632495
0.560642 0.664993
0.536226 0.738113
0.511824 0.786852
0.471153 0.868088
0.438611 0.941201
0.373572 1.00617
0.308541 1.05489
0.267904 1.07112
0.243523 1.07924
0.202891 1.08734
0.162262 1.08732
0.113513 1.07917
0.048512 1.07101
-0.0408655 1.06284
-0.089615 1.05469
-0.130235 1.03841
-0.162732 1.03027
-0.195222 1.00588
-0.227712 0.981488
-0.260193 0.940839
-0.276423 0.900199
-0.292648 0.851438
-0.300752 0.810805
-0.308856 0.770173
-0.31696 0.72954
-0.325051 0.664531
-0.333151 0.615772
-0.341259 0.583266
-0.349363 0.542633
-0.349346 0.510131
-0.349329 0.477629
-0.341182 0.437007
-0.333039 0.404513
BezierPoints 127
0.906965 0.660725
0.910834 0.692606
0.784427 0.730561
0.784968 0.756247
0.784227 0.781929
0.910334 0.820867
0.906217 0.852717
0.900517 0.884323
0.893248 0.915605
0.88443 0.946485
0.874083 0.976888
0.743727 0.956238
0.733069 0.979615
0.721258 1.00243
0.817983 1.09223
0.800454 1.11914
0.781605 1.14514
0.761484 1.17017
0.74014 1.19417
0.717626 1.21707
0.609139 1.14191
0.589394 1.15834
0.568853 1.17378
0.617037 1.29665
0.589568 1.31329
0.561304 1.32854
0.532315 1.34236
0.502673 1.35472
0.472452 1.36559
0.407321 1.25079
0.382399 1.25704
0.357197 1.26203
0.347296 1.39364
0.315328 1.39671
0.283247 1.39819
0.251132 1.39806
0.219063 1.39634
0.18712 1.39301
0.178246 1.26133
0.153083 1.25614
0.12821 1.24971
0.0621868 1.36399
0.0320514 1.35289
0.00250677 1.3403
-0.0263738 1.32625
-0.054518 1.31078
-0.0818562 1.29393
-0.0327166 1.17143
-0.0531362 1.15584
-0.072753 1.13925
-0.181823 1.21357
-0.204157 1.19049
-0.225313 1.16633
-0.245239 1.14114
-0.263884 1.11499
-0.281203 1.08795
-0.183782 0.998906
-0.195414 0.975997
-0.20589 0.952538
-0.336403 0.972172
-0.346513 0.941689
-0.35509 0.910741
-0.362115 0.879403
-0.367568 0.847754
-0.371437 0.815873
-0.24503 0.777918
-0.245571 0.752232
-0.24483 0.72655
-0.370938 0.687612
-0.36682 0.655762
-0.36112 0.624157
-0.353852 0.592875
-0.345034 0.561994
-0.334687 0.531591
-0.20433 0.552241
-0.193672 0.528864
-0.181862 0.506047
-0.278587 0.416249
-0.261058 0.389339
-0.242209 0.363337
-0.222088 0.338306
-0.200744 0.31431
-0.178231 0.291407
-0.0697434 0.366572
-0.049998 0.350134
-0.0294576 0.334701
-0.0776416 0.211829
-0.0501726 0.195189
-0.0219086 0.17994
0.00708037 0.166119
0.036722 0.153759
0.0669428 0.142893
0.132074 0.257685
0.156996 0.251442
0.182199 0.246449
0.192099 0.114839
0.224067 0.111766
0.256148 0.11029
0.288263 0.110415
0.320332 0.112141
0.352274 0.115463
0.361149 0.247146
0.386312 0.252335
0.411186 0.258772
0.477209 0.14449
0.507344 0.155592
0.536889 0.168182
0.565769 0.182228
0.593913 0.197697
0.621252 0.21455
0.572112 0.337043
0.592532 0.352636
0.612149 0.369227
0.721218 0.294909
0.743553 0.317987
0.764709 0.342149
0.784635 0.367335
0.80328 0.393484
0.820599 0.420529
0.723178 0.509571
0.73481 0.532479
0.745286 0.555939
0.875799 0.536304
0.885909 0.566787
0.894487 0.597736
0.901511 0.629073
0.906965 0.660725
P -0.424739 3.0206 -0.647173
T 9.12696e-08 0.446003 0.895031
N -1 -3.32576e-07 2.75671e-07
B -4.88013e-07 0.895031 -0.446003
SketchPoints 53
-0.207063 0.237666
-0.23597 0.258647
-0.262257 0.284884
-0.275414 0.311129
-0.291191 0.332123
-0.312234 0.36887
-0.317515 0.397752
-0.31754 0.424013
-0.312324 0.460785
-0.29661 0.505443
-0.275668 0.573743
-0.241608 0.655183
-0.204913 0.728753
-0.165584 0.794442
-0.0999952 0.860159
-0.0449037 0.917985
0.00756732 0.970559
0.0889091 1.04154
0.146635 1.0915
0.193877 1.12043
0.241119 1.14936
0.283119 1.16779
0.335641 1.16784
0.380287 1.16525
0.414437 1.15478
0.445966 1.13906
0.488004 1.11809
0.516912 1.09711
0.545819 1.07613
0.595758 1.03153
0.622058 0.992164
0.648357 0.952798
0.679911 0.910811
0.716745 0.83994
0.756214 0.761196
0.793048 0.690327
0.824627 0.622078
0.845697 0.55907
0.866768 0.496065
0.882608 0.40942
0.901108 0.288636
0.895903 0.238733
0.890701 0.188833
0.880241 0.141554
0.877645 0.110036
0.861933 0.0653782
0.843585 0.028595
0.830492 -0.0108113
0.817388 -0.0370833
0.804282 -0.0633558
0.785923 -0.087009
0.762308 -0.108042
0.709838 -0.160615
BezierPoints 154
1.24967 0.466808
1.25341 0.500332
1.25578 0.533981
1.25676 0.567699
1.09215 0.596088
1.09072 0.623036
1.08818 0.649902
1.08455 0.676641
1.07981 0.703209
1.23366 0.768268
1.22504 0.800881
1.21509 0.833112
1.20383 0.864907
1.04008 0.831916
1.02901 0.856527
1.01694 0.880663
1.00389 0.904283
0.989881 0.927347
1.10984 1.04359
1.09002 1.07089
1.0691 1.09735
1.04711 1.12292
0.906334 1.03301
0.887122 1.05196
0.867149 1.0701
0.846447 1.08742
0.825052 1.10386
0.894917 1.25559
0.866576 1.27388
0.837509 1.291
0.807763 1.30691
0.708978 1.17221
0.684218 1.18294
0.659038 1.19264
0.63348 1.20131
0.607589 1.20891
0.617926 1.37563
0.584891 1.38245
0.551604 1.38791
0.51812 1.392
0.474664 1.23071
0.447699 1.23178
0.420714 1.23173
0.393753 1.23058
0.366862 1.22832
0.316275 1.38751
0.283007 1.38194
0.249995 1.375
0.217296 1.36672
0.235038 1.20062
0.20951 1.19187
0.184364 1.18208
0.15964 1.17127
0.135382 1.15945
0.0307033 1.28962
0.00169464 1.2724
-0.0265829 1.25401
-0.0540815 1.23447
0.0224622 1.08601
0.00181994 1.06862
-0.0180916 1.05041
-0.0372386 1.03139
-0.0555888 1.01161
-0.200221 1.09517
-0.221053 1.06864
-0.240777 1.04128
-0.259361 1.01313
-0.134353 0.902335
-0.147323 0.87867
-0.15931 0.854493
-0.170294 0.829844
-0.180258 0.804765
-0.345312 0.830441
-0.355152 0.798177
-0.363659 0.765535
-0.370819 0.732572
-0.21423 0.674419
-0.217775 0.647667
-0.220219 0.620792
-0.221557 0.59384
-0.221788 0.566855
-0.384972 0.531173
-0.382492 0.497532
-0.378633 0.464022
-0.373402 0.430698
-0.20638 0.433038
-0.200022 0.406813
-0.192592 0.38087
-0.184104 0.355254
-0.174571 0.330008
-0.313846 0.237787
-0.299381 0.207314
-0.283677 0.17746
-0.266762 0.148276
-0.111863 0.210794
-0.0964607 0.188636
-0.0801612 0.167128
-0.0629928 0.146309
-0.044984 0.126211
-0.141539 -0.0100941
-0.117043 -0.0332842
-0.0916156 -0.0554493
-0.0652998 -0.0765517
0.0565549 0.0377002
0.0789216 0.0226024
0.10189 0.00843548
0.12542 -0.00477654
0.149473 -0.0170114
0.108677 -0.178992
0.139896 -0.191767
0.171613 -0.20325
0.203775 -0.213421
0.276129 -0.0628654
0.302439 -0.0688638
0.328973 -0.073777
0.355688 -0.0775968
0.382536 -0.0803166
0.403008 -0.246096
0.436734 -0.246731
0.470458 -0.245981
0.504122 -0.243847
0.517203 -0.0773208
0.543904 -0.0734098
0.570422 -0.0684058
0.596712 -0.0623175
0.622729 -0.0551549
0.701706 -0.202344
0.733384 -0.190753
0.764559 -0.177871
0.79518 -0.16372
0.747221 -0.00371401
0.770705 0.00957839
0.793625 0.0238237
0.81594 0.0389979
0.837613 0.0550755
0.964428 -0.0536447
0.989779 -0.0313931
1.0142 -0.00811885
1.03764 0.0161379
0.935116 0.148014
0.952213 0.168893
0.968439 0.190455
0.983765 0.212666
0.998167 0.235487
1.15569 0.179919
1.17129 0.209827
1.18565 0.240349
1.19875 0.271436
1.05551 0.357372
1.06391 0.383017
1.07125 0.408985
1.07752 0.435233
1.08271 0.461715
1.24967 0.466808
P 0.424739 3.0206 -0.647173
T 4.88013e-07 0.895031 -0.446003
N 1 -3.32576e-07 2.75671e-07
B -9.12696e-08 0.446003 0.895031
SketchPoints 53
0.237666 -0.207063
0.258647 -0.23597
0.284884 -0.262257
0.311129 -0.275414
0.332123 -0.291191
0.36887 -0.312235
0.397752 -0.317515
0.424014 -0.31754
0.460785 -0.312324
0.505443 -0.29661
0.573743 -0.275668
0.655183 -0.241608
0.728753 -0.204913
0.794443 -0.165585
0.860159 -0.0999955
0.917985 -0.044904
0.970559 0.00756714
1.04154 0.0889089
1.0915 0.146635
1.12043 0.193877
1.14936 0.241118
1.16779 0.283119
1.16784 0.33564
1.16525 0.380287
1.15478 0.414436
1.13906 0.445966
1.11809 0.488004
1.09711 0.516912
1.07613 0.545818
1.03153 0.595758
0.992164 0.622058
0.952798 0.648357
0.91081 0.679911
0.83994 0.716745
0.761196 0.756214
0.690327 0.793048
0.622078 0.824627
0.55907 0.845697
0.496065 0.866768
0.409419 0.882608
0.288635 0.901108
0.238733 0.895903
0.188833 0.890701
0.141553 0.880241
0.110036 0.877645
0.0653779 0.861933
0.0285948 0.843585
-0.0108114 0.830492
-0.0370835 0.817388
-0.0633559 0.804283
-0.0870091 0.785923
-0.108042 0.762308
-0.160615 0.709838
BezierPoints 154
0.466808 1.24967
0.500332 1.25341
0.533981 1.25578
0.567698 1.25676
0.596088 1.09215
0.623035 1.09072
0.649902 1.08818
0.676641 1.08455
0.703209 1.07981
0.768268 1.23366
0.80088 1.22504
0.833112 1.21509
0.864907 1.20383
0.831915 1.04008
0.856526 1.02901
0.880662 1.01694
0.904282 1.00389
0.927347 0.98988
1.04359 1.10984
1.07089 1.09002
1.09735 1.0691
1.12292 1.04711
1.03301 0.906334
1.05196 0.887122
1.0701 0.867149
1.08742 0.846447
1.10386 0.825051
1.25559 0.894916
1.27388 0.866576
1.291 0.837509
1.3069 0.807763
1.17221 0.708978
1.18294 0.684217
1.19264 0.659037
1.20131 0.63348
1.20891 0.607589
1.37563 0.617926
1.38245 0.584891
1.38791 0.551603
1.392 0.51812
1.23071 0.474664
1.23178 0.447699
1.23173 0.420713
1.23058 0.393752
1.22832 0.366862
1.38751 0.316275
1.38194 0.283006
1.375 0.249995
1.36672 0.217296
1.20062 0.235037
1.19187 0.20951
1.18208 0.184364
1.17127 0.15964
1.15945 0.135381
1.28962 0.030703
1.2724 0.00169438
1.25401 -0.0265834
1.23447 -0.0540818
1.08601 0.0224619
1.06862 0.00181964
1.05041 -0.0180919
1.03139 -0.0372388
1.01161 -0.0555891
1.09517 -0.200222
1.06864 -0.221053
1.04128 -0.240777
1.01313 -0.259361
0.902335 -0.134353
0.87867 -0.147323
0.854493 -0.15931
0.829844 -0.170295
0.804765 -0.180258
0.830441 -0.345312
0.798177 -0.355152
0.765535 -0.363659
0.732572 -0.370819
0.674419 -0.21423
0.647667 -0.217775
0.620792 -0.220219
0.59384 -0.221558
0.566855 -0.221788
0.531173 -0.384972
0.497532 -0.382492
0.464022 -0.378633
0.430698 -0.373402
0.433038 -0.20638
0.406813 -0.200022
0.38087 -0.192592
0.355254 -0.184104
0.330008 -0.174571
0.237787 -0.313846
0.207314 -0.299381
0.17746 -0.283677
0.148276 -0.266762
0.210794 -0.111863
0.188636 -0.0964608
0.167128 -0.0801613
0.146309 -0.0629928
0.126211 -0.044984
-0.0100941 -0.141539
-0.0332841 -0.117043
-0.0554493 -0.0916156
-0.0765516 -0.0652997
0.0377003 0.0565549
0.0226024 0.0789216
0.00843541 0.10189
-0.00477662 0.12542
-0.0170114 0.149473
-0.178992 0.108677
-0.191767 0.139896
-0.20325 0.171613
-0.213421 0.203775
-0.0628653 0.276129
-0.0688639 0.302439
-0.0737772 0.328973
-0.0775968 0.355688
-0.0803167 0.382536
-0.246096 0.403008
-0.246731 0.436734
-0.245981 0.470458
-0.243847 0.504123
-0.0773209 0.517203
-0.0734099 0.543904
-0.0684059 0.570422
-0.0623175 0.596712
-0.055155 0.622729
-0.202344 0.701706
-0.190753 0.733384
-0.177871 0.764559
-0.16372 0.79518
-0.00371423 0.747221
0.00957814 0.770705
0.0238234 0.793625
0.0389978 0.81594
0.0550752 0.837613
-0.053645 0.964428
-0.0313934 0.989779
-0.00811917 1.0142
0.0161376 1.03764
0.148014 0.935116
0.168892 0.952213
0.190455 0.968439
0.212666 0.983765
0.235487 0.998167
0.179919 1.15569
0.209827 1.17129
0.240349 1.18565
0.271436 1.19875
0.357372 1.05551
0.383017 1.06391
0.408985 1.07125
0.435232 1.07752
0.461715 1.08271
0.466808 1.24967
P 1.23595 4.91309 -2.53015
T 0.830077 0.0236816 0.557145
N 0.502787 0.400355 -0.766107
B 0.241247 -0.916053 -0.320387
SketchPoints 45
-0.328523 -0.0508271
-0.359815 -0.0621508
-0.391096 -0.0735035
-0.402459 -0.0422084
-0.424849 0.00987501
-0.436743 0.0621917
-0.448625 0.114543
-0.460506 0.166864
-0.461564 0.208943
-0.472907 0.240241
-0.473748 0.271808
-0.47454 0.303371
-0.485902 0.334681
-0.444073 0.346282
-0.41278 0.35762
-0.381499 0.368973
-0.339944 0.391083
-0.308378 0.391912
-0.256054 0.403809
-0.224207 0.394083
-0.192629 0.394904
-0.161075 0.395729
-0.118698 0.386287
-0.0763592 0.376871
-0.0448046 0.377696
0.00809833 0.368518
0.0507074 0.348584
0.0928098 0.349664
0.124382 0.35049
0.187775 0.341611
0.219357 0.342419
0.251187 0.332702
0.293536 0.323278
0.33564 0.324358
0.388231 0.325722
0.430045 0.337333
0.461611 0.33815
0.493178 0.338979
0.504524 0.307679
0.505872 0.255083
0.506691 0.223513
0.507505 0.191938
0.508592 0.149852
0.519932 0.118568
0.531555 0.0767623
BezierPoints 13
-0.264613 -0.0531629
-0.0647301 -0.0531629
0.335035 -0.0531629
0.534918 -0.0531629
0.534918 0.0603636
0.534918 0.287417
0.534918 0.400943
0.335035 0.400943
-0.0647301 0.400943
-0.264613 0.400943
-0.264613 0.287417
-0.264613 0.0603636
-0.264613 -0.0531629
P -1.23595 4.91309 -2.53015
T -0.241247 -0.916053 -0.320387
N -0.502787 0.400355 -0.766107
B -0.830077 0.0236816 0.557145
SketchPoints 45
-0.0508459 -0.328526
-0.0621715 -0.359819
-0.0735259 -0.3911
-0.0422316 -0.402461
0.00985073 -0.424849
0.0621665 -0.436739
0.114518 -0.448618
0.166837 -0.460496
0.208917 -0.461552
0.240213 -0.472893
0.27178 -0.473732
0.303344 -0.474523
0.334653 -0.485882
0.346256 -0.444053
0.357596 -0.41276
0.368951 -0.381478
0.391064 -0.339922
0.391894 -0.308356
0.403794 -0.256031
0.39407 -0.224184
0.394893 -0.192606
0.395719 -0.161052
0.38628 -0.118676
0.376867 -0.0763375
0.377694 -0.0447828
0.368519 0.00811955
0.348587 0.0507275
0.349669 0.0928299
0.350497 0.124403
0.341621 0.187794
0.342431 0.219377
0.332716 0.251206
0.323295 0.293554
0.324378 0.335659
0.325744 0.38825
0.337358 0.430064
0.338177 0.461631
0.339007 0.493197
0.307708 0.504542
0.255112 0.505887
0.223542 0.506704
0.191967 0.507516
0.149881 0.508601
0.118598 0.519938
0.0767929 0.531559
BezierPoints 13
-0.0531783 -0.264616
-0.0531669 -0.0647332
-0.0531438 0.335032
-0.0531323 0.534915
0.0603942 0.534922
0.287447 0.534935
0.400974 0.534941
0.400962 0.335058
0.400939 -0.064707
0.400928 -0.26459
0.287401 -0.264596
0.0603482 -0.264609
-0.0531783 -0.264616
P -1.3262 5.26727 -2.21174
T 0.269772 0.914693 0.300931
N 0.821232 -0.0553706 -0.567901
B 0.502787 -0.400355 0.766107
SketchPoints 76
0.393368 -0.339903
0.380707 -0.368831
0.377685 -0.401986
0.365025 -0.430911
0.338495 -0.465277
0.316197 -0.489975
0.299321 -0.528534
0.272791 -0.562898
0.246277 -0.597227
0.210113 -0.627353
0.179364 -0.671361
0.14743 -0.69183
0.107042 -0.731597
0.0654621 -0.747851
0.0238614 -0.764145
-0.0177186 -0.780394
-0.0550828 -0.787014
-0.0924493 -0.793637
-0.139468 -0.796056
-0.172614 -0.793037
-0.205747 -0.789989
-0.277471 -0.770104
-0.316032 -0.753205
-0.378114 -0.73754
-0.426321 -0.716433
-0.460674 -0.689913
-0.485381 -0.66761
-0.52937 -0.636862
-0.559503 -0.600707
-0.593846 -0.57417
-0.628204 -0.547664
-0.648678 -0.51569
-0.68424 -0.465685
-0.690867 -0.428324
-0.707131 -0.386729
-0.713756 -0.349363
-0.720378 -0.311989
-0.717357 -0.278845
-0.723983 -0.24147
-0.726392 -0.194473
-0.714926 -0.142022
-0.708893 -0.0757391
-0.702858 -0.00944625
-0.691407 0.0429803
-0.684159 0.0857845
-0.658843 0.143626
-0.641965 0.182195
-0.626286 0.244266
-0.60941 0.282823
-0.59675 0.311748
-0.57987 0.350322
-0.55335 0.384664
-0.526828 0.41902
-0.496084 0.463
-0.45992 0.493127
-0.41954 0.532898
-0.37915 0.572676
-0.356852 0.597372
-0.320673 0.62752
-0.288738 0.647994
-0.237517 0.660023
-0.209792 0.670866
-0.144701 0.688332
-0.0699541 0.701604
-0.01331 0.699762
0.0336922 0.70216
0.0945714 0.710001
0.151228 0.708193
0.18436 0.705144
0.217516 0.702145
0.250657 0.699113
0.293446 0.691873
0.326602 0.688872
0.355525 0.676204
0.388666 0.673172
0.417594 0.660516
BezierPoints 73
0.0435366 0.673956
0.102314 0.657708
0.159451 0.6364
0.214515 0.610193
0.191045 0.461973
0.230786 0.433676
0.26791 0.402023
0.302134 0.367256
0.333197 0.329638
0.479359 0.36364
0.509433 0.310589
0.53477 0.255119
0.555176 0.197652
0.433774 0.109444
0.441868 0.0613344
0.445738 0.0127025
0.445354 -0.0360814
0.440721 -0.0846462
0.568119 -0.163957
0.551874 -0.222735
0.530568 -0.279873
0.504363 -0.334936
0.356144 -0.311461
0.32785 -0.351202
0.296199 -0.388325
0.261433 -0.422548
0.223816 -0.453611
0.257823 -0.599776
0.204775 -0.62985
0.149306 -0.655185
0.0918414 -0.675589
0.00362993 -0.554182
-0.0444785 -0.562275
-0.0931095 -0.566143
-0.141893 -0.565758
-0.190457 -0.561123
-0.269762 -0.688521
-0.328539 -0.672273
-0.385677 -0.650965
-0.44074 -0.624758
-0.417271 -0.476538
-0.457012 -0.448241
-0.494136 -0.416589
-0.52836 -0.381821
-0.559424 -0.344203
-0.705585 -0.378205
-0.735659 -0.325155
-0.760996 -0.269685
-0.781402 -0.212218
-0.660001 -0.124009
-0.668094 -0.0759004
-0.671965 -0.0272682
-0.671581 0.0215156
-0.666948 0.0700805
-0.794346 0.149391
-0.778101 0.208169
-0.756795 0.265307
-0.730591 0.32037
-0.582372 0.296896
-0.554077 0.336636
-0.522427 0.37376
-0.487661 0.407983
-0.450045 0.439046
-0.484052 0.585211
-0.431003 0.615285
-0.375535 0.64062
-0.31807 0.661025
-0.229858 0.539618
-0.18175 0.54771
-0.133119 0.551579
-0.0843357 0.551194
-0.0357719 0.546559
0.0435366 0.673956
P -0.0881271 2.80258 1.18732
T -0.999953 -0.00052831 -0.00970394
N 0.00949289 0.160718 -0.986955
B -0.00208727 0.987 0.160705
SketchPoints 41
0.219243 0.203044
0.269439 0.216755
0.296813 0.235026
0.333303 0.276125
0.346975 0.312641
0.356076 0.362848
0.365182 0.403938
0.365158 0.449571
0.374259 0.49978
0.374239 0.536292
0.365084 0.586487
0.351365 0.636687
0.342223 0.664065
0.328516 0.691441
0.305677 0.727941
0.287411 0.746191
0.269146 0.764428
0.25088 0.782679
0.205231 0.800911
0.155025 0.805446
0.118514 0.805425
0.0774384 0.805404
0.0135455 0.800801
-0.0412167 0.791647
-0.127927 0.782469
-0.169 0.777891
-0.196381 0.773308
-0.228324 0.764158
-0.260264 0.75045
-0.301328 0.727611
-0.333261 0.700212
-0.351506 0.681945
-0.369745 0.649983
-0.383412 0.604337
-0.387957 0.567831
-0.383371 0.526761
-0.374228 0.499374
-0.355953 0.462876
-0.337685 0.440064
-0.323981 0.417254
-0.310277 0.394436
BezierPoints 190
0.400512 0.500154
0.400308 0.512467
0.399694 0.524766
0.398672 0.537038
0.323807 0.539446
0.322339 0.549188
0.320547 0.558876
0.318435 0.568498
0.316004 0.578045
0.384055 0.609345
0.38023 0.62105
0.376018 0.632622
0.371424 0.644048
0.299175 0.624282
0.294901 0.633158
0.290333 0.641887
0.285479 0.65046
0.280342 0.658866
0.336143 0.708833
0.329038 0.718891
0.321603 0.728708
0.313845 0.738272
0.250632 0.698089
0.243931 0.705311
0.236994 0.712306
0.229828 0.719066
0.222441 0.725585
0.261036 0.78978
0.251282 0.797297
0.241283 0.804486
0.231051 0.811338
0.182491 0.754308
0.173959 0.759234
0.165268 0.763873
0.156428 0.768221
0.147448 0.772273
0.165406 0.844992
0.153869 0.8493
0.142196 0.853222
0.130399 0.856754
0.100806 0.787944
0.0912009 0.790136
0.0815287 0.792008
0.0717995 0.793557
0.0620242 0.794782
0.0577504 0.869564
0.0454566 0.87028
0.0331457 0.870587
0.0208315 0.870485
0.0128352 0.796009
0.00301109 0.795273
-0.00678317 0.794211
-0.0165367 0.792823
-0.0262388 0.791113
-0.052365 0.861312
-0.0643236 0.858373
-0.0761781 0.855037
-0.0879151 0.85131
-0.0736041 0.777786
-0.0827747 0.774187
-0.0918207 0.770285
-0.100732 0.766084
-0.109499 0.76159
-0.155156 0.82097
-0.165717 0.814636
-0.176062 0.807955
-0.186179 0.800933
-0.150832 0.734894
-0.158534 0.728752
-0.166028 0.722357
-0.173305 0.715716
-0.180358 0.708837
-0.241489 0.752122
-0.249714 0.742956
-0.25763 0.733523
-0.265227 0.723831
-0.211986 0.671145
-0.217536 0.663005
-0.222812 0.654685
-0.227808 0.646195
-0.23252 0.637543
-0.303693 0.660885
-0.308851 0.649703
-0.313635 0.638355
-0.318039 0.626855
-0.251633 0.592202
-0.254537 0.582788
-0.257126 0.573283
-0.259398 0.563697
-0.26135 0.55404
-0.336242 0.555367
-0.337875 0.543161
-0.339101 0.530907
-0.339919 0.51862
-0.266249 0.50508
-0.266249 0.495229
-0.265922 0.485382
-0.265267 0.475552
-0.264286 0.46575
-0.336242 0.444943
-0.334204 0.432798
-0.331764 0.420727
-0.328925 0.408745
-0.254537 0.417521
-0.251633 0.408107
-0.248418 0.398795
-0.244895 0.389594
-0.241068 0.380516
-0.303694 0.339424
-0.298167 0.328419
-0.292278 0.317604
-0.286032 0.306991
-0.217536 0.337304
-0.211987 0.329164
-0.20617 0.321213
-0.200091 0.31346
-0.193759 0.305913
-0.24149 0.248187
-0.232965 0.239301
-0.22415 0.230702
-0.215053 0.222401
-0.158535 0.271557
-0.150833 0.265414
-0.142931 0.259531
-0.134837 0.253914
-0.126561 0.248569
-0.155158 0.179339
-0.144392 0.17336
-0.133434 0.167741
-0.122294 0.162491
-0.0827762 0.226121
-0.0736054 0.222522
-0.0643201 0.219229
-0.0549306 0.216247
-0.045447 0.213579
-0.0523667 0.138996
-0.040317 0.136456
-0.0281895 0.134317
-0.0159976 0.132583
0.00300955 0.205035
0.0128337 0.204298
0.022677 0.203889
0.0325285 0.203807
0.0423771 0.204053
0.0577486 0.130744
0.0700118 0.131868
0.0822308 0.133399
0.0943924 0.135335
0.0911994 0.210171
0.100804 0.212363
0.110331 0.214873
0.119769 0.217699
0.129107 0.220836
0.165404 0.155315
0.176791 0.160004
0.188016 0.165069
0.199067 0.170504
0.173957 0.241073
0.182489 0.245999
0.190853 0.251206
0.199039 0.256688
0.207037 0.262438
0.261034 0.210526
0.270534 0.218363
0.279767 0.226512
0.288724 0.234963
0.24393 0.294996
0.250631 0.302218
0.257088 0.309658
0.263294 0.317309
0.269243 0.325162
0.336142 0.291473
0.342909 0.301761
0.349331 0.312269
0.355399 0.322985
0.2949 0.367148
0.299174 0.376024
0.303152 0.385037
0.306827 0.394178
0.310197 0.403435
0.384054 0.390961
0.387488 0.402787
0.390527 0.414721
0.393167 0.426749
0.322338 0.451118
0.323807 0.46086
0.32495 0.470645
0.325768 0.480463
0.326259 0.490302
0.400512 0.500154
P -0.0786514 3.28799 -0.737865
T -6.51926e-08 0.446144 0.894961
N -1 -8.97521e-09 -6.98492e-08
B 2.51457e-08 0.894963 -0.446139
SketchPoints 99
0.27489 0.290713
0.309691 0.321723
0.348376 0.341124
0.367707 0.3605
0.394785 0.376017
0.429586 0.407027
0.468271 0.426427
0.495324 0.461296
0.522402 0.476812
0.545596 0.503938
0.568788 0.531062
0.591981 0.558186
0.622897 0.600803
0.642227 0.620179
0.657674 0.651166
0.700198 0.697668
0.719529 0.717046
0.742722 0.74417
0.762029 0.782901
0.78136 0.802278
0.800692 0.821657
0.816138 0.852643
0.835469 0.872021
0.8548 0.891399
0.870247 0.922384
0.889577 0.94176
0.91277 0.968885
0.943686 1.0115
0.963017 1.03088
0.982348 1.05026
1.00168 1.06964
0.978417 1.10058
0.939685 1.11988
0.900953 1.13919
0.866082 1.16624
0.823465 1.19716
0.788618 1.20486
0.76924 1.22419
0.749863 1.24352
0.726624 1.2551
0.6995 1.2783
0.680122 1.29763
0.64139 1.31694
0.614266 1.34013
0.594889 1.35946
0.57165 1.37105
0.544572 1.35553
0.52138 1.32841
0.494326 1.29353
0.467272 1.25866
0.436332 1.2354
0.413139 1.20828
0.374478 1.16952
0.351285 1.1424
0.320346 1.11914
0.281684 1.08038
0.243021 1.04162
0.22369 1.02225
0.200498 0.995123
0.181167 0.975745
0.161835 0.956368
0.134781 0.921497
0.103842 0.898233
0.0806496 0.871111
0.0613183 0.851733
0.0381257 0.824609
0.00720993 0.781992
-0.0121212 0.762614
-0.0314529 0.743235
-0.0546454 0.716112
-0.0700917 0.685126
-0.104869 0.634763
-0.1242 0.615385
-0.147392 0.588262
-0.158977 0.565023
-0.174424 0.534036
-0.197617 0.506912
-0.220809 0.479789
-0.244002 0.452664
-0.259448 0.421678
-0.286502 0.386808
-0.313557 0.351937
-0.325141 0.328699
-0.336726 0.30546
-0.348311 0.282219
-0.328933 0.262888
-0.282455 0.239719
-0.251469 0.224273
-0.224345 0.20108
-0.19336 0.185634
-0.170121 0.17405
-0.142997 0.150857
-0.119758 0.139273
-0.0965184 0.127688
-0.0655329 0.112242
-0.0422936 0.100657
-0.0190545 0.0890726
0.00418469 0.077488
0.0274238 0.0659035
BezierPoints 16
1.34495 0.95121
1.25099 1.0803
1.12026 1.22756
1.02574 1.34193
0.812694 1.12042
-0.32207 0.586035
-0.515318 0.181174
-0.224863 0.0653993
0.0987963 -0.0105638
0.163905 -0.0430201
0.340882 0.115887
0.525748 0.91395
1.10357 0.735485
1.2128 0.821558
1.2811 0.889197
1.34495 0.95121
P -0.378459 4.45725 0.223861
T 0.999955 0.00120756 0.00936534
N -0.00518396 0.899173 0.437563
B 0.0078674 0.437592 -0.899139
SketchPoints 61
0.212517 0.038952
0.288832 0.0387395
0.365168 0.0461705
0.441525 0.0612078
0.510229 0.0686476
0.56755 0.0990278
0.636402 0.159874
0.670912 0.220828
0.705422 0.281788
0.739975 0.357991
0.774527 0.434225
0.793827 0.514318
0.80168 0.594425
0.801902 0.67454
0.802102 0.747056
0.802302 0.819558
0.79485 0.884445
0.779745 0.941725
0.764619 0.991371
0.738151 1.07918
0.723057 1.1403
0.688884 1.20142
0.65469 1.25495
0.62429 1.30081
0.590075 1.34671
0.55587 1.39643
0.510208 1.44234
0.46074 1.49209
0.415036 1.52272
0.36171 1.55723
0.266464 1.61092
0.205507 1.64543
0.144487 1.65703
0.0834561 1.66485
0.0300776 1.68024
-0.0157111 1.68036
-0.0691315 1.6805
-0.126389 1.67303
-0.183646 1.66557
-0.240935 1.64666
-0.302029 1.63155
-0.359318 1.61264
-0.439628 1.54802
-0.481759 1.4909
-0.516269 1.42993
-0.55079 1.36517
-0.585301 1.3042
-0.593143 1.2279
-0.600995 1.14781
-0.601217 1.06768
-0.601417 0.995178
-0.601607 0.926481
-0.601786 0.861612
-0.601965 0.79676
-0.602208 0.708968
-0.594703 0.663172
-0.594829 0.617399
-0.587324 0.571587
-0.58744 0.529598
-0.587535 0.49527
-0.587609 0.468564
BezierPoints 91
1.27711 0.974327
1.28185 1.04299
1.2818 1.11182
1.27694 1.18048
0.927467 1.18841
0.91813 1.23216
0.905763 1.27516
0.890427 1.31719
0.872196 1.35804
1.14991 1.57034
1.11338 1.62868
1.07288 1.68432
1.0286 1.737
0.741207 1.53802
0.707935 1.56793
0.672659 1.59544
0.635549 1.62042
0.596787 1.64276
0.696674 1.97775
0.632838 2.00348
0.567362 2.02469
0.500566 2.04128
0.385026 1.71138
0.340529 1.71601
0.295818 1.71754
0.251109 1.71594
0.20662 1.71122
0.0905334 2.04094
0.0237648 2.02424
-0.0416758 2.00292
-0.10547 1.97708
-0.00502657 1.64226
-0.0437519 1.61986
-0.0808195 1.59482
-0.116051 1.56724
-0.149272 1.53728
-0.436993 1.73579
-0.481191 1.68303
-0.5216 1.62732
-0.558024 1.56891
-0.279964 1.35709
-0.298126 1.3162
-0.313393 1.27414
-0.325688 1.23114
-0.334953 1.18736
-0.684408 1.17885
-0.689151 1.11019
-0.689095 1.04136
-0.684237 0.972703
-0.334769 0.964766
-0.325432 0.921015
-0.313065 0.878021
-0.297729 0.835993
-0.279498 0.795139
-0.557208 0.582845
-0.520687 0.524507
-0.480185 0.468858
-0.4359 0.41617
-0.148509 0.615161
-0.115238 0.585253
-0.0799615 0.557739
-0.0428518 0.532753
-0.00408932 0.510417
-0.103978 0.175434
-0.0401412 0.149703
0.0253344 0.128489
0.0921306 0.111893
0.207672 0.441804
0.252168 0.437165
0.296879 0.43564
0.341588 0.437239
0.386076 0.441952
0.502163 0.112233
0.568931 0.128938
0.634372 0.150261
0.698166 0.176097
0.597724 0.510914
0.636448 0.533315
0.673518 0.558362
0.708748 0.585934
0.74197 0.615898
1.02969 0.417382
1.07388 0.470143
1.1143 0.525859
1.15072 0.584257
0.872661 0.796092
0.890824 0.836976
0.906091 0.879028
0.918386 0.922043
0.927652 0.96581
1.27711 0.974327
P 1.3262 5.26727 -2.21174
T -0.502787 -0.400355 0.766107
N -0.821232 -0.0553706 -0.567901
B -0.269772 0.914693 0.300931
SketchPoints 76
-0.339911 0.393374
-0.368838 0.380713
-0.401993 0.377693
-0.430918 0.365033
-0.465284 0.338503
-0.489981 0.316207
-0.528539 0.299331
-0.562903 0.272802
-0.597231 0.246289
-0.627357 0.210125
-0.671364 0.179376
-0.691832 0.147444
-0.731599 0.107056
-0.747852 0.0654762
-0.764146 0.0238758
-0.780394 -0.0177038
-0.787013 -0.0550678
-0.793635 -0.0924344
-0.796053 -0.139452
-0.793033 -0.172599
-0.789985 -0.205732
-0.770099 -0.277457
-0.753199 -0.316018
-0.737533 -0.378099
-0.716425 -0.426308
-0.689904 -0.46066
-0.667601 -0.485368
-0.636852 -0.529358
-0.600696 -0.559492
-0.574159 -0.593835
-0.547652 -0.628194
-0.515677 -0.648668
-0.465671 -0.684231
-0.428311 -0.690859
-0.386716 -0.707124
-0.34935 -0.71375
-0.311976 -0.720372
-0.278831 -0.717352
-0.241457 -0.723978
-0.194459 -0.726388
-0.142008 -0.714924
-0.0757256 -0.708891
-0.00943296 -0.702857
0.0429932 -0.691407
0.0857975 -0.68416
0.143639 -0.658846
0.182207 -0.641968
0.244278 -0.62629
0.282834 -0.609416
0.31176 -0.596756
0.350333 -0.579876
0.384675 -0.553358
0.41903 -0.526836
0.46301 -0.496093
0.493136 -0.45993
0.532906 -0.41955
0.572683 -0.37916
0.597378 -0.356863
0.627526 -0.320685
0.647999 -0.288751
0.660027 -0.237529
0.67087 -0.209805
0.688335 -0.144714
0.701606 -0.0699676
0.699763 -0.0133234
0.70216 0.0336789
0.709999 0.0945581
0.70819 0.151215
0.705141 0.184347
0.70214 0.217503
0.699108 0.250644
0.691868 0.293433
0.688866 0.326588
0.676197 0.355512
0.673164 0.388653
0.660508 0.417582
BezierPoints 73
0.673956 0.0435237
0.657706 0.102302
0.636397 0.159439
0.610189 0.214503
0.461969 0.191036
0.433671 0.230778
0.402018 0.267902
0.36725 0.302127
0.329631 0.333191
0.363631 0.479351
0.310579 0.509427
0.255109 0.534765
0.197642 0.555172
0.109436 0.433772
0.0613261 0.441866
0.012694 0.445737
-0.0360898 0.445355
-0.0846547 0.440723
-0.163968 0.568122
-0.222745 0.551878
-0.279883 0.530573
-0.334945 0.504369
-0.311468 0.35615
-0.351208 0.327856
-0.388331 0.296206
-0.422553 0.261441
-0.453616 0.223825
-0.599781 0.257835
-0.629853 0.204787
-0.655188 0.149319
-0.675591 0.0918543
-0.554182 0.00364047
-0.562274 -0.0444676
-0.566141 -0.0930987
-0.565756 -0.141882
-0.561119 -0.190446
-0.688516 -0.269749
-0.672267 -0.328526
-0.650958 -0.385665
-0.62475 -0.440729
-0.47653 -0.417262
-0.448232 -0.457003
-0.416579 -0.494128
-0.381811 -0.528352
-0.344193 -0.559417
-0.378192 -0.705578
-0.325141 -0.735653
-0.269671 -0.760991
-0.212203 -0.781398
-0.123997 -0.659998
-0.0758877 -0.668093
-0.0272555 -0.671964
0.0215283 -0.671582
0.070093 -0.666949
0.149406 -0.794349
0.208184 -0.778105
0.265321 -0.7568
0.320384 -0.730597
0.296907 -0.582377
0.336647 -0.554084
0.37377 -0.522434
0.407992 -0.487669
0.439055 -0.450053
0.58522 -0.484063
0.615293 -0.431015
0.640627 -0.375547
0.66103 -0.318082
0.539622 -0.229868
0.547714 -0.18176
0.551581 -0.13313
0.551196 -0.0843462
0.54656 -0.0357823
0.673956 0.0435237
