HeaderParameters 1
PlaneSketch 4
P 0 3 0.931122
T 1 0 0
N 0 0 1
B 0 1 0
BoundaryCurves 1
SketchPoints 53
-3.48011 -3.0303
-3.48011 -3.00189
-3.48011 -2.96402
-3.47064 -2.92614
-3.47064 -2.84091
-3.47064 -2.5947
-3.47064 -2.37689
-3.48958 -2.20644
-3.50852 -2.05492
-3.52746 -1.94129
-3.52746 -1.82765
-3.52746 -1.77083
-3.49905 -1.75189
-3.46117 -1.74242
-3.29072 -1.71402
-3.02557 -1.71402
-2.62784 -1.71402
-2.1733 -1.71402
-1.66193 -1.71402
-1.13163 -1.71402
-0.582386 -1.71402
-0.0331439 -1.71402
0.47822 -1.71402
0.970644 -1.71402
1.40625 -1.73295
1.9839 -1.73295
2.30587 -1.73295
2.58996 -1.73295
2.81723 -1.73295
2.94034 -1.71402
2.97822 -1.71402
3.02557 -1.70455
3.06345 -1.68561
3.10133 -1.68561
3.14867 -1.67614
3.19602 -1.6572
3.22443 -1.6572
3.25284 -1.6572
3.28125 -1.64773
3.30966 -1.63826
3.31913 -1.67614
3.34754 -1.78977
3.38542 -1.9697
3.4233 -2.14962
3.4517 -2.31061
3.48011 -2.48106
3.48011 -2.63258
3.48958 -2.77462
3.48958 -2.91667
3.48958 -3.0303
3.48011 -3.07765
3.48011 -3.10606
3.48011 -3.13447
BezierPoints 13
-3.56716 -3.005
-1.80136 -3.005
1.73024 -3.005
3.49604 -3.005
3.49604 -2.66125
3.49604 -1.97374
3.49604 -1.62999
1.73024 -1.62999
-1.80136 -1.62999
-3.56716 -1.62999
-3.56716 -1.97374
-3.56716 -2.66125
-3.56716 -3.005
P 0 3 -0.931122
T 0 1 0
N 0 0 -1
B 1 0 0
BoundaryCurves 1
SketchPoints 53
-3.0303 -3.48011
-3.00189 -3.48011
-2.96402 -3.48011
-2.92614 -3.47064
-2.84091 -3.47064
-2.5947 -3.47064
-2.37689 -3.47064
-2.20644 -3.48958
-2.05492 -3.50852
-1.94129 -3.52746
-1.82765 -3.52746
-1.77083 -3.52746
-1.75189 -3.49905
-1.74242 -3.46117
-1.71402 -3.29072
-1.71402 -3.02557
-1.71402 -2.62784
-1.71402 -2.1733
-1.71402 -1.66193
-1.71402 -1.13163
-1.71402 -0.582386
-1.71402 -0.0331439
-1.71402 0.47822
-1.71402 0.970644
-1.73295 1.40625
-1.73295 1.9839
-1.73295 2.30587
-1.73295 2.58996
-1.73295 2.81723
-1.71402 2.94034
-1.71402 2.97822
-1.70455 3.02557
-1.68561 3.06345
-1.68561 3.10133
-1.67614 3.14867
-1.6572 3.19602
-1.6572 3.22443
-1.6572 3.25284
-1.64773 3.28125
-1.63826 3.30966
-1.67614 3.31913
-1.78977 3.34754
-1.9697 3.38542
-2.14962 3.4233
-2.31061 3.4517
-2.48106 3.48011
-2.63258 3.48011
-2.77462 3.48958
-2.91667 3.48958
-3.0303 3.48958
-3.07765 3.48011
-3.10606 3.48011
-3.13447 3.48011
BezierPoints 13
-3.005 -3.56716
-3.005 -1.80136
-3.005 1.73024
-3.005 3.49604
-2.66125 3.49604
-1.97374 3.49604
-1.62999 3.49604
-1.62999 1.73024
-1.62999 -1.80136
-1.62999 -3.56716
-1.97374 -3.56716
-2.66125 -3.56716
-3.005 -3.56716
P 2.83806 -0.00500011 0.931122
T 0 0 -1
N 1 2.45869e-07 0
B -2.45869e-07 1 0
BoundaryCurves 1
SketchPoints 764
-0.340902 -0.0248672
-0.41666 -0.0343351
-0.454538 -0.0343389
-0.501887 -0.0343389
-0.577644 -0.0343361
-0.662872 -0.0438064
-0.72916 -0.0438064
-0.785978 -0.0438045
-0.823857 -0.0438045
-0.852266 -0.0438045
-0.852266 -0.015396
-0.842796 0.0130097
-0.823856 0.0414227
-0.804917 0.079302
-0.785978 0.126646
-0.757568 0.183471
-0.729159 0.240286
-0.69128 0.2971
-0.662872 0.334983
-0.634463 0.382335
-0.606053 0.420211
-0.577644 0.467559
-0.530295 0.552782
-0.511356 0.581199
-0.464007 0.666418
-0.435598 0.704297
-0.416659 0.751645
-0.39772 0.780062
-0.37878 0.817938
-0.35984 0.865282
-0.331431 0.90316
-0.312492 0.941039
-0.284082 0.988388
-0.265144 1.02627
-0.246204 1.06415
-0.227265 1.09255
-0.198855 1.1399
-0.170446 1.18726
-0.142037 1.2346
-0.104158 1.29142
-0.0852183 1.3293
-0.0568092 1.36718
-0.03787 1.424
-0.00946093 1.46188
0.0189483 1.50923
0.0473574 1.5471
0.0662971 1.59445
0.104176 1.67021
0.132585 1.71756
0.160994 1.77438
0.179933 1.81226
0.198873 1.84066
0.227282 1.88801
0.246222 1.91642
0.265161 1.9543
0.265161 1.9827
0.274631 2.02058
0.2841 2.049
0.293571 2.10581
0.31251 2.1721
0.331449 2.21945
0.350389 2.2668
0.350389 2.2952
0.359858 2.33308
0.359859 2.3615
0.359859 2.39938
0.359859 2.43725
0.359859 2.46567
0.359859 2.50354
0.359859 2.54142
0.359859 2.5793
0.359859 2.61717
0.359859 2.65505
0.359859 2.69293
0.359859 2.72135
0.359859 2.74975
0.359859 2.7971
0.359859 2.87286
0.359859 2.91074
0.359859 2.94862
0.359859 2.9865
0.35986 3.0149
0.35986 3.04332
0.359859 3.07172
0.35986 3.10961
0.35039 3.14748
0.34092 3.18536
0.34092 3.22324
0.331451 3.25164
0.331451 3.28952
0.321981 3.3274
0.312511 3.36528
0.312512 3.39369
0.303042 3.4221
0.303042 3.45998
0.303042 3.48839
0.303042 3.5168
0.303042 3.54521
0.303042 3.57361
0.303042 3.60203
0.303042 3.63044
0.303042 3.65884
0.303042 3.68725
0.284103 3.71566
0.265163 3.7346
0.246224 3.75354
0.217815 3.76301
0.179936 3.77248
0.142057 3.78195
0.0947092 3.79142
0.0473607 3.79142
1.19805e-05 3.79142
-0.0378665 3.79142
-0.085215 3.79142
-0.113624 3.79142
-0.151503 3.79142
-0.189382 3.77248
-0.208321 3.75354
-0.2462 3.71566
-0.265139 3.68725
-0.284079 3.65885
-0.303018 3.63044
-0.321958 3.59256
-0.331428 3.55468
-0.350367 3.50733
-0.359837 3.45051
-0.369307 3.4221
-0.378776 3.3937
-0.378776 3.35582
-0.388246 3.299
-0.388247 3.25165
-0.397716 3.2043
-0.397716 3.14748
-0.397716 3.09066
-0.388246 3.05278
-0.388246 3.00543
-0.369307 2.95809
-0.350368 2.90127
-0.331429 2.87286
-0.303019 2.84445
-0.28408 2.81604
-0.255671 2.77816
-0.236732 2.74976
-0.217792 2.73081
-0.189383 2.70241
-0.170444 2.68346
-0.142035 2.67399
-0.123095 2.65506
-0.0946863 2.64558
-0.0568075 2.63611
-0.0378681 2.61718
-0.00945908 2.60771
0.0473588 2.5793
0.0757679 2.56983
0.113647 2.56036
0.151525 2.55089
0.189404 2.55089
0.217814 2.54142
0.246222 2.53195
0.227283 2.51302
0.198874 2.4846
0.179934 2.45619
0.160995 2.43725
0.142056 2.39938
0.113646 2.3615
0.0757675 2.30467
0.0662978 2.2668
0.0473583 2.22892
0.0378886 2.20051
0.0189494 2.15316
0.0094794 2.12475
-0.00945979 2.08687
-0.0189298 2.05847
-0.0283995 2.03006
-0.0473387 1.98271
-0.066278 2.03006
-0.0852174 2.04899
-0.104157 2.0774
-0.132566 2.10582
-0.151505 2.13422
-0.179915 2.15316
-0.217793 2.18157
-0.236733 2.20051
-0.274611 2.22892
-0.31249 2.24786
-0.369308 2.28574
-0.407187 2.30468
-0.426127 2.32362
-0.445066 2.34255
-0.473475 2.3615
-0.511353 2.3899
-0.539762 2.40885
-0.568171 2.43726
-0.59658 2.4562
-0.62499 2.4846
-0.662869 2.53195
-0.691277 2.56036
-0.710217 2.59824
-0.729156 2.62665
-0.757565 2.66453
-0.776504 2.70241
-0.795444 2.74029
-0.823853 2.77817
-0.852262 2.82552
-0.871201 2.88233
-0.89961 2.94862
-0.918549 3.01491
-0.937489 3.09067
-0.937489 3.12854
-0.946958 3.18536
-0.937488 3.22324
-0.937489 3.27059
-0.937488 3.30847
-0.937489 3.35581
-0.937488 3.39369
-0.937489 3.45051
-0.928018 3.49786
-0.918549 3.55468
-0.909079 3.60203
-0.89961 3.66832
-0.89014 3.71566
-0.88067 3.75354
-0.86173 3.80089
-0.842791 3.83877
-0.833321 3.87665
-0.814381 3.91453
-0.795442 3.9524
-0.776503 3.99028
-0.757563 4.01869
-0.729154 4.06604
-0.700745 4.10392
-0.681805 4.13233
-0.662866 4.15127
-0.643927 4.17021
-0.615517 4.19862
-0.577639 4.2365
-0.53976 4.25543
-0.52082 4.27438
-0.492411 4.29331
-0.454533 4.30279
-0.426124 4.31226
-0.359835 4.34066
-0.312487 4.3596
-0.274608 4.36907
-0.236729 4.37854
-0.198851 4.37854
-0.160972 4.37854
-0.104154 4.38801
-0.0473357 4.38801
1.2815e-05 4.39748
0.0378919 4.40696
0.0852404 4.40696
0.151528 4.40695
0.198876 4.40695
0.246225 4.40695
0.274634 4.40695
0.303043 4.40695
0.350392 4.40695
0.38827 4.40695
0.435619 4.40695
0.464028 4.40695
0.492437 4.40695
0.464028 4.40695
0.435619 4.41642
0.40721 4.41642
0.378801 4.41642
0.340922 4.43536
0.312513 4.44483
0.284104 4.46377
0.236756 4.49218
0.208346 4.53005
0.170468 4.56793
0.151528 4.60581
0.142059 4.63422
0.123119 4.66263
0.10418 4.70051
0.0947102 4.72892
0.0947105 4.75733
0.0852409 4.80468
0.085241 4.85203
0.085241 4.8899
0.0852411 4.93725
0.0852411 4.97513
0.104181 5.01301
0.11365 5.04142
0.13259 5.06983
0.160999 5.10771
0.179938 5.13612
0.217817 5.16452
0.265166 5.20241
0.312514 5.24028
0.359863 5.27816
0.43562 5.33498
0.473499 5.37286
0.520848 5.40127
0.568196 5.42967
0.615545 5.44862
0.662893 5.47703
0.710242 5.49597
0.75759 5.51491
0.795469 5.52437
0.842817 5.52437
0.899636 5.53384
0.928045 5.53384
1.02274 5.53384
1.07009 5.52437
1.12691 5.52437
1.16479 5.5149
1.20267 5.50543
1.24054 5.4865
1.26895 5.47703
1.29736 5.46755
1.32577 5.44862
1.36365 5.42968
1.39206 5.41074
1.42994 5.3918
1.46782 5.35392
1.48676 5.33498
1.52464 5.31604
1.54357 5.27816
1.56251 5.24029
1.58145 5.2024
1.60039 5.18347
1.61933 5.14559
1.63827 5.08877
1.65721 5.06036
1.65721 5.03195
1.65721 5.00354
1.66668 4.97513
1.66668 4.91831
1.66668 4.88043
1.66668 4.84256
1.65721 4.81414
1.64774 4.78574
1.6288 4.73839
1.60039 4.69104
1.58145 4.65316
1.56251 4.62475
1.54357 4.59634
1.52463 4.56793
1.5057 4.549
1.48676 4.52059
1.44888 4.49218
1.42047 4.46376
1.39206 4.44483
1.37312 4.42589
1.34471 4.40695
1.32577 4.37854
1.28789 4.3596
1.3163 4.35013
1.34471 4.35013
1.38259 4.35013
1.42047 4.35013
1.44888 4.3596
1.47729 4.3596
1.52463 4.3596
1.56251 4.3596
1.61933 4.3596
1.65721 4.3596
1.69509 4.3596
1.73297 4.35013
1.78032 4.35013
1.83713 4.34067
1.88448 4.35013
1.93183 4.35013
1.96971 4.34067
2.00759 4.34067
2.05494 4.34067
2.10229 4.34067
2.16857 4.33119
2.19698 4.32172
2.22539 4.31225
2.2538 4.30278
2.30115 4.29331
2.32956 4.27437
2.35797 4.25543
2.39585 4.24596
2.42426 4.22702
2.45266 4.20808
2.48107 4.18915
2.51895 4.15127
2.54736 4.13233
2.57577 4.11339
2.61365 4.07551
2.65153 4.03763
2.68941 3.99028
2.71782 3.96187
2.74622 3.92399
2.77463 3.88611
2.79357 3.85771
2.81251 3.82929
2.83145 3.80088
2.85986 3.7346
2.8788 3.69672
2.88827 3.66831
2.89774 3.63043
2.90721 3.59255
2.90721 3.56414
2.90721 3.53574
2.91668 3.49786
2.91668 3.45998
2.92615 3.4221
2.92615 3.37475
2.93562 3.3274
2.93562 3.26111
2.93562 3.21377
2.93562 3.17589
2.93562 3.11907
2.93562 3.06225
2.93562 2.99596
2.92615 2.93915
2.92615 2.8918
2.91668 2.84444
2.91668 2.81604
2.89774 2.76869
2.89774 2.74028
2.86933 2.68346
2.85039 2.62665
2.84092 2.59823
2.81251 2.55089
2.79357 2.50354
2.77463 2.45619
2.75569 2.41831
2.73675 2.38043
2.72728 2.34256
2.71781 2.31415
2.69887 2.28574
2.67046 2.22892
2.65153 2.19104
2.62312 2.14369
2.61365 2.11528
2.59471 2.08687
2.57577 2.05846
2.55683 2.03005
2.53789 2.00165
2.51895 1.9827
2.50001 1.96377
2.48107 1.94483
2.43372 1.90694
2.41478 1.88801
2.39584 1.86907
2.36743 1.85013
2.33902 1.83119
2.32009 1.81225
2.28221 1.80278
2.26327 1.78384
2.21592 1.7649
2.18751 1.74596
2.1591 1.73649
2.14016 1.71756
2.11175 1.69862
2.08334 1.68914
2.03599 1.65127
2.00759 1.6418
1.97918 1.62285
1.95077 1.62285
1.92236 1.61338
1.89395 1.60392
1.87501 1.63233
1.8466 1.6702
1.81819 1.70809
1.78978 1.74596
1.7519 1.78384
1.72349 1.82172
1.70456 1.84066
1.68562 1.87854
1.66668 1.90695
1.64774 1.92589
1.63827 1.9543
1.60986 1.99217
1.60039 2.02059
1.58145 2.03952
1.57198 2.0774
1.56251 2.10582
1.55304 2.13422
1.54357 2.1721
1.5341 2.20051
1.56251 2.20051
1.59092 2.20998
1.61933 2.20998
1.65721 2.22892
1.68562 2.23839
1.72349 2.25733
1.76137 2.27627
1.78978 2.28574
1.81819 2.30468
1.8466 2.32362
1.87501 2.34255
1.90342 2.36149
1.9413 2.3899
1.96971 2.40884
1.98865 2.42778
2.01706 2.45619
2.04546 2.47513
2.0644 2.50354
2.09281 2.53195
2.10228 2.56035
2.13069 2.58877
2.16857 2.62665
2.17804 2.65505
2.19698 2.69294
2.21592 2.73081
2.24433 2.78763
2.26327 2.83498
2.27274 2.86339
2.29168 2.91073
2.29168 2.96755
2.30115 3.00543
2.30115 3.03384
2.30115 3.06225
2.30115 3.09066
2.30115 3.11907
2.29168 3.14747
2.28221 3.17589
2.27274 3.21377
2.2538 3.24218
2.23486 3.28005
2.21592 3.31793
2.18751 3.38422
2.1591 3.4221
2.14016 3.45051
2.13069 3.47891
2.11175 3.49786
2.09281 3.53574
2.06441 3.56414
2.036 3.60202
2.00759 3.63043
1.96971 3.66831
1.95077 3.68725
1.93183 3.70619
1.88448 3.7346
1.86554 3.75354
1.83713 3.78195
1.79925 3.79142
1.77085 3.80089
1.75191 3.81982
1.7235 3.78195
1.69509 3.76301
1.66668 3.71566
1.64774 3.68725
1.6288 3.64938
1.60986 3.63043
1.58145 3.58308
1.56251 3.55468
1.54357 3.5168
1.5341 3.48839
1.51516 3.46945
1.49622 3.4221
1.48675 3.38422
1.46781 3.34634
1.45834 3.31793
1.44888 3.28005
1.43941 3.24217
1.42994 3.19482
1.42047 3.14748
1.411 3.10014
1.40153 3.05279
1.39206 3.00543
1.39206 2.94862
1.37312 2.8918
1.37312 2.84445
1.36365 2.7971
1.36365 2.76869
1.36365 2.73081
1.35418 2.67399
1.35418 2.63611
1.35418 2.59823
1.35418 2.55089
1.35418 2.50354
1.36365 2.4562
1.36365 2.40884
1.37312 2.37096
1.38259 2.32361
1.39206 2.28573
1.40153 2.24786
1.40153 2.21945
1.41099 2.19104
1.42046 2.16263
1.4394 2.11528
1.45834 2.06793
1.47728 2.02059
1.48675 1.99217
1.50569 1.96376
1.51516 1.93536
1.54357 1.88801
1.55304 1.8596
1.56251 1.83119
1.58145 1.81225
1.60039 1.77437
1.61933 1.72703
1.65721 1.6702
1.68562 1.63232
1.70455 1.60392
1.72349 1.56604
1.7519 1.52816
1.77084 1.49975
1.78031 1.47134
1.79925 1.44293
1.81819 1.42399
1.82766 1.39558
1.8466 1.37665
1.86554 1.34823
1.88448 1.31035
1.90342 1.28195
1.92236 1.25354
1.93183 1.22513
1.95077 1.19672
1.97918 1.16831
1.99811 1.1399
2.01705 1.10202
2.03599 1.08309
2.04546 1.05468
2.05493 1.01679
2.07387 0.997859
2.09281 0.959979
2.11175 0.931566
2.13069 0.903161
2.14016 0.855812
2.1591 0.81793
2.17804 0.780051
2.19698 0.751646
2.20645 0.713767
2.22539 0.675888
2.23486 0.63801
2.2538 0.600131
2.26327 0.571717
2.2822 0.524369
2.29167 0.48649
2.30114 0.448612
2.31061 0.420206
2.32008 0.382328
2.32955 0.353922
2.32955 0.31604
2.32955 0.287626
2.32955 0.259225
2.32955 0.230813
2.32955 0.202399
2.32955 0.17399
2.32955 0.145585
2.32955 0.117176
2.32008 0.0887628
2.32008 0.0603574
2.32008 0.0319489
2.29167 0.0319489
2.26326 0.022475
2.23486 0.022475
2.19698 0.022475
2.13069 0.0130135
2.10228 0.0130135
2.07387 0.00354034
2.03599 0.0130135
2.00758 0.0130135
1.9697 0.0130135
1.93183 0.0130135
1.90342 0.0130135
1.86554 0.0130135
1.82766 0.0130135
1.77084 0.0130135
1.74243 0.0130135
1.70455 0.0224798
1.66667 0.0130097
1.62879 0.0130097
1.59092 0.0130097
1.55304 0.0130097
1.52463 0.022476
1.49622 0.022476
1.46781 0.022476
1.4394 0.0319498
1.40152 0.0319498
1.37311 0.0319498
1.36364 0.0603552
1.3447 0.0982338
1.32576 0.126647
1.30683 0.183461
1.29736 0.211875
1.28789 0.240284
1.27842 0.268692
1.26895 0.297097
1.25948 0.334981
1.24054 0.382325
1.23107 0.410739
1.2216 0.439147
1.20266 0.477026
1.18372 0.533844
1.15531 0.600132
1.14584 0.628537
1.13637 0.666419
1.11743 0.713768
1.09849 0.751643
1.07955 0.798992
1.07008 0.836871
1.06061 0.874749
1.05114 0.903163
1.04167 0.950507
1.02274 1.0168
1.02274 1.05468
1.01327 1.09256
1.0038 1.12096
1.0038 1.16832
0.994327 1.20619
0.984857 1.2346
0.975387 1.27248
0.975387 1.31036
0.965918 1.33877
0.956448 1.36718
0.956448 1.41453
0.946979 1.44294
0.946979 1.48081
0.937509 1.51869
0.937509 1.55657
0.928039 1.59445
0.91857 1.6702
0.91857 1.69862
0.9091 1.76491
0.899631 1.80278
0.899631 1.83119
0.899631 1.86907
0.890161 1.90695
0.890161 1.94483
0.890161 1.97324
0.890161 2.00165
0.880692 2.03952
0.880692 2.06793
0.880692 2.03952
0.871222 2.01112
0.871222 1.98271
0.852282 1.92589
0.842812 1.85961
0.823873 1.79331
0.804934 1.7365
0.785994 1.65127
0.776524 1.58498
0.757585 1.49975
0.719706 1.39559
0.681827 1.28195
0.643948 1.19672
0.615539 1.12097
0.596599 1.05467
0.58713 1.02627
0.57766 0.99786
0.56819 0.96945
0.549251 0.931568
0.539781 0.893689
0.530311 0.865281
0.520841 0.827402
0.511372 0.770591
0.501902 0.732709
0.501902 0.694826
0.482962 0.638012
0.473493 0.581189
0.464023 0.514906
0.454553 0.486497
0.445083 0.448618
0.435614 0.420208
0.426144 0.391796
0.416674 0.344447
0.407204 0.316039
0.397735 0.278163
0.397735 0.249755
0.388265 0.221349
0.388265 0.192932
0.378795 0.155053
0.359856 0.0982395
0.359855 0.0698262
BezierPoints 67
-0.377947 0.908769
-0.286291 1.37107
0.000632957 2.58677
-0.0479978 3.23482
-0.11077 4.07132
-0.230645 4.406
-0.375444 4.72382
-0.624823 4.79682
-0.801281 4.64256
-1.20469 4.42405
-1.44688 4.29286
-1.65991 4.15702
-2.03993 3.98431
-2.15361 4.22709
-2.17169 4.28816
-2.26112 4.46719
-1.9704 4.58947
-1.70611 4.70228
-1.33611 4.89798
-0.925864 5.16094
-0.524198 5.30287
-0.161781 5.3581
-0.375632 5.44788
-0.510094 5.56918
-0.561204 5.84769
-0.612022 6.1246
-0.406064 6.47061
-0.128334 6.53058
0.200269 6.60153
0.542284 6.33095
0.591147 6.07934
0.64288 5.81295
0.503128 5.58653
0.352627 5.44978
0.640507 5.51451
1.22216 5.48593
1.69935 5.2202
2.05892 5.01997
2.4489 4.74876
2.72378 4.50921
2.60559 4.40069
2.51163 4.31438
2.37078 4.12537
2.2384 4.30226
1.94645 4.50895
1.67029 4.69338
1.277 4.95603
1.07142 5.07829
0.874055 4.94995
0.887742 4.65274
0.813451 4.59209
0.922451 3.8891
1.02984 3.1965
2.20368 3.31969
2.6704 3.1571
2.60753 3.0361
2.49281 2.83592
2.36771 2.44484
1.87304 2.60228
1.41859 2.94617
0.532839 3.09013
0.492747 2.60312
0.401848 1.25827
0.434085 1.07158
0.225983 1.0013
-0.138292 0.966002
-0.377947 0.908769
P -2.87731 -0.00500011 0.931122
T 0 0 -1
N 1 2.45869e-07 0
B -2.45869e-07 1 0
BoundaryCurves 1
SketchPoints 764
-0.340902 -0.0248672
-0.41666 -0.0343351
-0.454538 -0.0343389
-0.501887 -0.0343389
-0.577644 -0.0343361
-0.662872 -0.0438064
-0.72916 -0.0438064
-0.785978 -0.0438045
-0.823857 -0.0438045
-0.852266 -0.0438045
-0.852266 -0.015396
-0.842796 0.0130097
-0.823856 0.0414227
-0.804917 0.079302
-0.785978 0.126646
-0.757568 0.183471
-0.729159 0.240286
-0.69128 0.2971
-0.662872 0.334983
-0.634463 0.382335
-0.606053 0.420211
-0.577644 0.467559
-0.530295 0.552782
-0.511356 0.581199
-0.464007 0.666418
-0.435598 0.704297
-0.416659 0.751645
-0.39772 0.780062
-0.37878 0.817938
-0.35984 0.865282
-0.331431 0.90316
-0.312492 0.941039
-0.284082 0.988388
-0.265144 1.02627
-0.246204 1.06415
-0.227265 1.09255
-0.198855 1.1399
-0.170446 1.18726
-0.142037 1.2346
-0.104158 1.29142
-0.0852183 1.3293
-0.0568092 1.36718
-0.03787 1.424
-0.00946093 1.46188
0.0189483 1.50923
0.0473574 1.5471
0.0662971 1.59445
0.104176 1.67021
0.132585 1.71756
0.160994 1.77438
0.179933 1.81226
0.198873 1.84066
0.227282 1.88801
0.246222 1.91642
0.265161 1.9543
0.265161 1.9827
0.274631 2.02058
0.2841 2.049
0.293571 2.10581
0.31251 2.1721
0.331449 2.21945
0.350389 2.2668
0.350389 2.2952
0.359858 2.33308
0.359859 2.3615
0.359859 2.39938
0.359859 2.43725
0.359859 2.46567
0.359859 2.50354
0.359859 2.54142
0.359859 2.5793
0.359859 2.61717
0.359859 2.65505
0.359859 2.69293
0.359859 2.72135
0.359859 2.74975
0.359859 2.7971
0.359859 2.87286
0.359859 2.91074
0.359859 2.94862
0.359859 2.9865
0.35986 3.0149
0.35986 3.04332
0.359859 3.07172
0.35986 3.10961
0.35039 3.14748
0.34092 3.18536
0.34092 3.22324
0.331451 3.25164
0.331451 3.28952
0.321981 3.3274
0.312511 3.36528
0.312512 3.39369
0.303042 3.4221
0.303042 3.45998
0.303042 3.48839
0.303042 3.5168
0.303042 3.54521
0.303042 3.57361
0.303042 3.60203
0.303042 3.63044
0.303042 3.65884
0.303042 3.68725
0.284103 3.71566
0.265163 3.7346
0.246224 3.75354
0.217815 3.76301
0.179936 3.77248
0.142057 3.78195
0.0947092 3.79142
0.0473607 3.79142
1.19805e-05 3.79142
-0.0378665 3.79142
-0.085215 3.79142
-0.113624 3.79142
-0.151503 3.79142
-0.189382 3.77248
-0.208321 3.75354
-0.2462 3.71566
-0.265139 3.68725
-0.284079 3.65885
-0.303018 3.63044
-0.321958 3.59256
-0.331428 3.55468
-0.350367 3.50733
-0.359837 3.45051
-0.369307 3.4221
-0.378776 3.3937
-0.378776 3.35582
-0.388246 3.299
-0.388247 3.25165
-0.397716 3.2043
-0.397716 3.14748
-0.397716 3.09066
-0.388246 3.05278
-0.388246 3.00543
-0.369307 2.95809
-0.350368 2.90127
-0.331429 2.87286
-0.303019 2.84445
-0.28408 2.81604
-0.255671 2.77816
-0.236732 2.74976
-0.217792 2.73081
-0.189383 2.70241
-0.170444 2.68346
-0.142035 2.67399
-0.123095 2.65506
-0.0946863 2.64558
-0.0568075 2.63611
-0.0378681 2.61718
-0.00945908 2.60771
0.0473588 2.5793
0.0757679 2.56983
0.113647 2.56036
0.151525 2.55089
0.189404 2.55089
0.217814 2.54142
0.246222 2.53195
0.227283 2.51302
0.198874 2.4846
0.179934 2.45619
0.160995 2.43725
0.142056 2.39938
0.113646 2.3615
0.0757675 2.30467
0.0662978 2.2668
0.0473583 2.22892
0.0378886 2.20051
0.0189494 2.15316
0.0094794 2.12475
-0.00945979 2.08687
-0.0189298 2.05847
-0.0283995 2.03006
-0.0473387 1.98271
-0.066278 2.03006
-0.0852174 2.04899
-0.104157 2.0774
-0.132566 2.10582
-0.151505 2.13422
-0.179915 2.15316
-0.217793 2.18157
-0.236733 2.20051
-0.274611 2.22892
-0.31249 2.24786
-0.369308 2.28574
-0.407187 2.30468
-0.426127 2.32362
-0.445066 2.34255
-0.473475 2.3615
-0.511353 2.3899
-0.539762 2.40885
-0.568171 2.43726
-0.59658 2.4562
-0.62499 2.4846
-0.662869 2.53195
-0.691277 2.56036
-0.710217 2.59824
-0.729156 2.62665
-0.757565 2.66453
-0.776504 2.70241
-0.795444 2.74029
-0.823853 2.77817
-0.852262 2.82552
-0.871201 2.88233
-0.89961 2.94862
-0.918549 3.01491
-0.937489 3.09067
-0.937489 3.12854
-0.946958 3.18536
-0.937488 3.22324
-0.937489 3.27059
-0.937488 3.30847
-0.937489 3.35581
-0.937488 3.39369
-0.937489 3.45051
-0.928018 3.49786
-0.918549 3.55468
-0.909079 3.60203
-0.89961 3.66832
-0.89014 3.71566
-0.88067 3.75354
-0.86173 3.80089
-0.842791 3.83877
-0.833321 3.87665
-0.814381 3.91453
-0.795442 3.9524
-0.776503 3.99028
-0.757563 4.01869
-0.729154 4.06604
-0.700745 4.10392
-0.681805 4.13233
-0.662866 4.15127
-0.643927 4.17021
-0.615517 4.19862
-0.577639 4.2365
-0.53976 4.25543
-0.52082 4.27438
-0.492411 4.29331
-0.454533 4.30279
-0.426124 4.31226
-0.359835 4.34066
-0.312487 4.3596
-0.274608 4.36907
-0.236729 4.37854
-0.198851 4.37854
-0.160972 4.37854
-0.104154 4.38801
-0.0473357 4.38801
1.2815e-05 4.39748
0.0378919 4.40696
0.0852404 4.40696
0.151528 4.40695
0.198876 4.40695
0.246225 4.40695
0.274634 4.40695
0.303043 4.40695
0.350392 4.40695
0.38827 4.40695
0.435619 4.40695
0.464028 4.40695
0.492437 4.40695
0.464028 4.40695
0.435619 4.41642
0.40721 4.41642
0.378801 4.41642
0.340922 4.43536
0.312513 4.44483
0.284104 4.46377
0.236756 4.49218
0.208346 4.53005
0.170468 4.56793
0.151528 4.60581
0.142059 4.63422
0.123119 4.66263
0.10418 4.70051
0.0947102 4.72892
0.0947105 4.75733
0.0852409 4.80468
0.085241 4.85203
0.085241 4.8899
0.0852411 4.93725
0.0852411 4.97513
0.104181 5.01301
0.11365 5.04142
0.13259 5.06983
0.160999 5.10771
0.179938 5.13612
0.217817 5.16452
0.265166 5.20241
0.312514 5.24028
0.359863 5.27816
0.43562 5.33498
0.473499 5.37286
0.520848 5.40127
0.568196 5.42967
0.615545 5.44862
0.662893 5.47703
0.710242 5.49597
0.75759 5.51491
0.795469 5.52437
0.842817 5.52437
0.899636 5.53384
0.928045 5.53384
1.02274 5.53384
1.07009 5.52437
1.12691 5.52437
1.16479 5.5149
1.20267 5.50543
1.24054 5.4865
1.26895 5.47703
1.29736 5.46755
1.32577 5.44862
1.36365 5.42968
1.39206 5.41074
1.42994 5.3918
1.46782 5.35392
1.48676 5.33498
1.52464 5.31604
1.54357 5.27816
1.56251 5.24029
1.58145 5.2024
1.60039 5.18347
1.61933 5.14559
1.63827 5.08877
1.65721 5.06036
1.65721 5.03195
1.65721 5.00354
1.66668 4.97513
1.66668 4.91831
1.66668 4.88043
1.66668 4.84256
1.65721 4.81414
1.64774 4.78574
1.6288 4.73839
1.60039 4.69104
1.58145 4.65316
1.56251 4.62475
1.54357 4.59634
1.52463 4.56793
1.5057 4.549
1.48676 4.52059
1.44888 4.49218
1.42047 4.46376
1.39206 4.44483
1.37312 4.42589
1.34471 4.40695
1.32577 4.37854
1.28789 4.3596
1.3163 4.35013
1.34471 4.35013
1.38259 4.35013
1.42047 4.35013
1.44888 4.3596
1.47729 4.3596
1.52463 4.3596
1.56251 4.3596
1.61933 4.3596
1.65721 4.3596
1.69509 4.3596
1.73297 4.35013
1.78032 4.35013
1.83713 4.34067
1.88448 4.35013
1.93183 4.35013
1.96971 4.34067
2.00759 4.34067
2.05494 4.34067
2.10229 4.34067
2.16857 4.33119
2.19698 4.32172
2.22539 4.31225
2.2538 4.30278
2.30115 4.29331
2.32956 4.27437
2.35797 4.25543
2.39585 4.24596
2.42426 4.22702
2.45266 4.20808
2.48107 4.18915
2.51895 4.15127
2.54736 4.13233
2.57577 4.11339
2.61365 4.07551
2.65153 4.03763
2.68941 3.99028
2.71782 3.96187
2.74622 3.92399
2.77463 3.88611
2.79357 3.85771
2.81251 3.82929
2.83145 3.80088
2.85986 3.7346
2.8788 3.69672
2.88827 3.66831
2.89774 3.63043
2.90721 3.59255
2.90721 3.56414
2.90721 3.53574
2.91668 3.49786
2.91668 3.45998
2.92615 3.4221
2.92615 3.37475
2.93562 3.3274
2.93562 3.26111
2.93562 3.21377
2.93562 3.17589
2.93562 3.11907
2.93562 3.06225
2.93562 2.99596
2.92615 2.93915
2.92615 2.8918
2.91668 2.84444
2.91668 2.81604
2.89774 2.76869
2.89774 2.74028
2.86933 2.68346
2.85039 2.62665
2.84092 2.59823
2.81251 2.55089
2.79357 2.50354
2.77463 2.45619
2.75569 2.41831
2.73675 2.38043
2.72728 2.34256
2.71781 2.31415
2.69887 2.28574
2.67046 2.22892
2.65153 2.19104
2.62312 2.14369
2.61365 2.11528
2.59471 2.08687
2.57577 2.05846
2.55683 2.03005
2.53789 2.00165
2.51895 1.9827
2.50001 1.96377
2.48107 1.94483
2.43372 1.90694
2.41478 1.88801
2.39584 1.86907
2.36743 1.85013
2.33902 1.83119
2.32009 1.81225
2.28221 1.80278
2.26327 1.78384
2.21592 1.7649
2.18751 1.74596
2.1591 1.73649
2.14016 1.71756
2.11175 1.69862
2.08334 1.68914
2.03599 1.65127
2.00759 1.6418
1.97918 1.62285
1.95077 1.62285
1.92236 1.61338
1.89395 1.60392
1.87501 1.63233
1.8466 1.6702
1.81819 1.70809
1.78978 1.74596
1.7519 1.78384
1.72349 1.82172
1.70456 1.84066
1.68562 1.87854
1.66668 1.90695
1.64774 1.92589
1.63827 1.9543
1.60986 1.99217
1.60039 2.02059
1.58145 2.03952
1.57198 2.0774
1.56251 2.10582
1.55304 2.13422
1.54357 2.1721
1.5341 2.20051
1.56251 2.20051
1.59092 2.20998
1.61933 2.20998
1.65721 2.22892
1.68562 2.23839
1.72349 2.25733
1.76137 2.27627
1.78978 2.28574
1.81819 2.30468
1.8466 2.32362
1.87501 2.34255
1.90342 2.36149
1.9413 2.3899
1.96971 2.40884
1.98865 2.42778
2.01706 2.45619
2.04546 2.47513
2.0644 2.50354
2.09281 2.53195
2.10228 2.56035
2.13069 2.58877
2.16857 2.62665
2.17804 2.65505
2.19698 2.69294
2.21592 2.73081
2.24433 2.78763
2.26327 2.83498
2.27274 2.86339
2.29168 2.91073
2.29168 2.96755
2.30115 3.00543
2.30115 3.03384
2.30115 3.06225
2.30115 3.09066
2.30115 3.11907
2.29168 3.14747
2.28221 3.17589
2.27274 3.21377
2.2538 3.24218
2.23486 3.28005
2.21592 3.31793
2.18751 3.38422
2.1591 3.4221
2.14016 3.45051
2.13069 3.47891
2.11175 3.49786
2.09281 3.53574
2.06441 3.56414
2.036 3.60202
2.00759 3.63043
1.96971 3.66831
1.95077 3.68725
1.93183 3.70619
1.88448 3.7346
1.86554 3.75354
1.83713 3.78195
1.79925 3.79142
1.77085 3.80089
1.75191 3.81982
1.7235 3.78195
1.69509 3.76301
1.66668 3.71566
1.64774 3.68725
1.6288 3.64938
1.60986 3.63043
1.58145 3.58308
1.56251 3.55468
1.54357 3.5168
1.5341 3.48839
1.51516 3.46945
1.49622 3.4221
1.48675 3.38422
1.46781 3.34634
1.45834 3.31793
1.44888 3.28005
1.43941 3.24217
1.42994 3.19482
1.42047 3.14748
1.411 3.10014
1.40153 3.05279
1.39206 3.00543
1.39206 2.94862
1.37312 2.8918
1.37312 2.84445
1.36365 2.7971
1.36365 2.76869
1.36365 2.73081
1.35418 2.67399
1.35418 2.63611
1.35418 2.59823
1.35418 2.55089
1.35418 2.50354
1.36365 2.4562
1.36365 2.40884
1.37312 2.37096
1.38259 2.32361
1.39206 2.28573
1.40153 2.24786
1.40153 2.21945
1.41099 2.19104
1.42046 2.16263
1.4394 2.11528
1.45834 2.06793
1.47728 2.02059
1.48675 1.99217
1.50569 1.96376
1.51516 1.93536
1.54357 1.88801
1.55304 1.8596
1.56251 1.83119
1.58145 1.81225
1.60039 1.77437
1.61933 1.72703
1.65721 1.6702
1.68562 1.63232
1.70455 1.60392
1.72349 1.56604
1.7519 1.52816
1.77084 1.49975
1.78031 1.47134
1.79925 1.44293
1.81819 1.42399
1.82766 1.39558
1.8466 1.37665
1.86554 1.34823
1.88448 1.31035
1.90342 1.28195
1.92236 1.25354
1.93183 1.22513
1.95077 1.19672
1.97918 1.16831
1.99811 1.1399
2.01705 1.10202
2.03599 1.08309
2.04546 1.05468
2.05493 1.01679
2.07387 0.997859
2.09281 0.959979
2.11175 0.931566
2.13069 0.903161
2.14016 0.855812
2.1591 0.81793
2.17804 0.780051
2.19698 0.751646
2.20645 0.713767
2.22539 0.675888
2.23486 0.63801
2.2538 0.600131
2.26327 0.571717
2.2822 0.524369
2.29167 0.48649
2.30114 0.448612
2.31061 0.420206
2.32008 0.382328
2.32955 0.353922
2.32955 0.31604
2.32955 0.287626
2.32955 0.259225
2.32955 0.230813
2.32955 0.202399
2.32955 0.17399
2.32955 0.145585
2.32955 0.117176
2.32008 0.0887628
2.32008 0.0603574
2.32008 0.0319489
2.29167 0.0319489
2.26326 0.022475
2.23486 0.022475
2.19698 0.022475
2.13069 0.0130135
2.10228 0.0130135
2.07387 0.00354034
2.03599 0.0130135
2.00758 0.0130135
1.9697 0.0130135
1.93183 0.0130135
1.90342 0.0130135
1.86554 0.0130135
1.82766 0.0130135
1.77084 0.0130135
1.74243 0.0130135
1.70455 0.0224798
1.66667 0.0130097
1.62879 0.0130097
1.59092 0.0130097
1.55304 0.0130097
1.52463 0.022476
1.49622 0.022476
1.46781 0.022476
1.4394 0.0319498
1.40152 0.0319498
1.37311 0.0319498
1.36364 0.0603552
1.3447 0.0982338
1.32576 0.126647
1.30683 0.183461
1.29736 0.211875
1.28789 0.240284
1.27842 0.268692
1.26895 0.297097
1.25948 0.334981
1.24054 0.382325
1.23107 0.410739
1.2216 0.439147
1.20266 0.477026
1.18372 0.533844
1.15531 0.600132
1.14584 0.628537
1.13637 0.666419
1.11743 0.713768
1.09849 0.751643
1.07955 0.798992
1.07008 0.836871
1.06061 0.874749
1.05114 0.903163
1.04167 0.950507
1.02274 1.0168
1.02274 1.05468
1.01327 1.09256
1.0038 1.12096
1.0038 1.16832
0.994327 1.20619
0.984857 1.2346
0.975387 1.27248
0.975387 1.31036
0.965918 1.33877
0.956448 1.36718
0.956448 1.41453
0.946979 1.44294
0.946979 1.48081
0.937509 1.51869
0.937509 1.55657
0.928039 1.59445
0.91857 1.6702
0.91857 1.69862
0.9091 1.76491
0.899631 1.80278
0.899631 1.83119
0.899631 1.86907
0.890161 1.90695
0.890161 1.94483
0.890161 1.97324
0.890161 2.00165
0.880692 2.03952
0.880692 2.06793
0.880692 2.03952
0.871222 2.01112
0.871222 1.98271
0.852282 1.92589
0.842812 1.85961
0.823873 1.79331
0.804934 1.7365
0.785994 1.65127
0.776524 1.58498
0.757585 1.49975
0.719706 1.39559
0.681827 1.28195
0.643948 1.19672
0.615539 1.12097
0.596599 1.05467
0.58713 1.02627
0.57766 0.99786
0.56819 0.96945
0.549251 0.931568
0.539781 0.893689
0.530311 0.865281
0.520841 0.827402
0.511372 0.770591
0.501902 0.732709
0.501902 0.694826
0.482962 0.638012
0.473493 0.581189
0.464023 0.514906
0.454553 0.486497
0.445083 0.448618
0.435614 0.420208
0.426144 0.391796
0.416674 0.344447
0.407204 0.316039
0.397735 0.278163
0.397735 0.249755
0.388265 0.221349
0.388265 0.192932
0.378795 0.155053
0.359856 0.0982395
0.359855 0.0698262
BezierPoints 67
-0.373621 1.00127
-0.193696 1.43687
0.324467 2.57343
0.402961 3.21854
0.504281 4.05126
0.451872 4.40287
0.371735 4.74281
0.141345 4.86297
-0.37961 4.39981
-0.34088 4.08997
-0.303001 3.78694
-0.0662591 3.52179
0.142074 3.35134
0.0444727 3.18958
-0.0144739 3.09906
-0.104138 2.89678
-0.435578 3.07671
-0.790315 3.69416
-0.677379 4.3795
-0.584025 4.94601
0.338587 5.33974
0.70482 5.32333
0.512547 5.45305
0.404278 5.5982
0.40838 5.88133
0.412458 6.16284
0.681851 6.46212
0.965942 6.46686
1.30207 6.47246
1.58485 6.14046
1.58378 5.88415
1.58265 5.61279
1.40148 5.41792
1.22723 5.31309
1.52221 5.32053
2.64275 4.82636
2.66408 4.16057
2.68028 3.65499
2.63897 3.30672
1.97609 2.89952
1.87218 3.10093
1.89 3.05448
1.77086 3.27557
1.99814 3.38921
2.28177 3.68015
2.28862 4.01653
2.27137 4.46127
1.85993 4.80874
1.64135 4.72129
1.5969 4.4271
1.51141 3.99112
1.48143 3.28036
1.45189 2.58011
2.12011 1.3866
2.23375 0.988873
2.01595 0.922585
1.77086 0.955496
1.32578 0.955492
1.27844 1.69413
1.1256 2.20482
0.944505 2.96352
0.810345 2.49364
0.459306 1.19224
0.454571 1.00284
0.236768 0.974433
-0.127409 1.01074
-0.373621 1.00127
