HeaderParameters 1
PlaneSketch 17
P 0 3 0
T 0 0 1
N 0 1 0
B 1 0 0
BoundaryCurves 2
SketchPoints 139
-3.8625 -0.825
-3.8875 -0.8
-3.9125 -0.7625
-3.9875 -0.675
-4.075 -0.5625
-4.2 -0.425
-4.4 -0.2125
-4.5 -0.0625
-4.575 0.0875
-4.6375 0.2375
-4.675 0.3875
-4.7 0.5375
-4.7125 0.675
-4.7125 0.8125
-4.7125 0.95
-4.6625 1.1125
-4.6125 1.3125
-4.5625 1.5125
-4.475 1.7125
-4.4125 1.8125
-4.325 1.8875
-4.225 1.9375
-4.1375 1.9625
-4.0125 1.9625
-3.8375 1.9625
-3.625 1.9125
-3.3875 1.85
-3.1 1.7375
-2.8125 1.6625
-2.5625 1.5625
-2.1875 1.3875
-1.975 1.2625
-1.75 1.1375
-1.55 1.025
-1.3875 0.9
-1.275 0.7875
-1.1625 0.675
-1.0625 0.625
-0.9625 0.5625
-0.8375 0.4625
-0.7 0.3625
-0.5625 0.2625
-0.3 0.1125
-0.0875 0
0.15 -0.1125
0.45 -0.15
0.7625 -0.1875
1.05 -0.1625
1.3125 -0.1125
1.5875 -0.05
1.825 0.0125
2.0375 0.0875
2.25 0.2125
2.4625 0.375
2.775 0.5875
2.9875 0.7625
3.2 0.9
3.4125 1.0625
3.625 1.225
3.8625 1.3875
4.1 1.5625
4.3625 1.625
4.6 1.6875
4.8625 1.725
5.125 1.75
5.3875 1.775
5.7875 1.775
6 1.75
6.1625 1.7
6.225 1.6875
6.275 1.65
6.325 1.6
6.4 1.525
6.4625 1.4625
6.5125 1.4
6.55 1.325
6.5875 1.25
6.6375 1.125
6.65 1
6.7 0.7875
6.7 0.65
6.675 0.5125
6.65 0.375
6.6125 0.2375
6.575 0.1
6.525 -0.0375
6.4625 -0.175
6.3875 -0.325
6.275 -0.4625
6.175 -0.6125
6.0125 -0.8375
5.9 -0.975
5.8 -1.075
5.6875 -1.1875
5.5625 -1.2875
5.425 -1.4
5.275 -1.5
5.0875 -1.6
4.9 -1.65
4.7125 -1.725
4.5125 -1.7875
4.3125 -1.8375
4 -1.925
3.8 -1.95
3.5875 -2.0125
3.4 -2.0375
3.2 -2.075
2.9875 -2.1
2.7875 -2.15
2.5875 -2.175
2.3625 -2.2125
2.125 -2.2125
1.9 -2.2375
1.7 -2.2125
1.3875 -2.2375
1.2 -2.2375
1.0125 -2.2375
0.8625 -2.2375
0.725 -2.2375
0.5875 -2.2375
0.45 -2.2375
0.3125 -2.2375
0.2125 -2.2375
0.125 -2.2375
0.05 -2.2375
-0.0125 -2.2375
-0.1125 -2.2375
-0.175 -2.2375
-0.25 -2.2375
-0.3125 -2.2375
-0.3625 -2.2375
-0.4 -2.2375
-0.45 -2.2375
-0.4875 -2.2375
-0.525 -2.2375
-0.55 -2.225
-0.5875 -2.225
-0.625 -2.225
-0.65 -2.2125
BezierPoints 13
-3.8375 1.9625
-1.8 2.0625
-0.814781 0.52886
0.997719 0.49136
2.78112 0.454462
3.607 1.81781
5.975 1.8375
8.55815 1.85898
5.375 -2.3875
0.8625 -2.2375
-3.91066 -2.07884
-5.99538 1.85659
-3.8375 1.9625
SketchPoints 330
-3.15121 0.210737
-3.18597 0.228116
-3.23811 0.280254
-3.27286 0.297633
-3.29024 0.332392
-3.325 0.36715
-3.35976 0.419288
-3.39452 0.454046
-3.4119 0.488805
-3.42928 0.523563
-3.42928 0.558322
-3.46404 0.610459
-3.48142 0.645218
-3.4988 0.714735
-3.51617 0.749493
-3.51617 0.784252
-3.53355 0.83639
-3.53355 0.888527
-3.53355 0.958044
-3.53355 0.992803
-3.53355 1.02756
-3.4988 1.04494
-3.46404 1.06232
-3.39452 1.0797
-3.35976 1.09708
-3.325 1.09708
-3.29024 1.09708
-3.20335 1.09708
-3.13383 1.09708
-3.08169 1.0797
-3.02956 1.06232
-2.9948 1.04494
-2.94266 1.02756
-2.9079 1.02756
-2.85576 1.01018
-2.821 0.992803
-2.75149 0.940665
-2.68197 0.905907
-2.64721 0.871148
-2.61245 0.83639
-2.5777 0.801631
-2.54294 0.766873
-2.50818 0.732114
-2.45604 0.679976
-2.42128 0.627839
-2.38652 0.59308
-2.35176 0.558322
-2.31701 0.523563
-2.28225 0.488805
-2.24749 0.454046
-2.21273 0.436667
-2.17797 0.419288
-2.14321 0.384529
-2.10846 0.349771
-2.0737 0.315012
-2.03894 0.280254
-2.00418 0.245495
-1.96942 0.210737
-1.8999 0.175978
-1.84777 0.123841
-1.76087 0.0890821
-1.70873 0.0369444
-1.6566 0.00218591
-1.62184 -0.0151933
-1.58708 -0.0325726
-1.55232 -0.0673311
-1.51756 -0.10209
-1.46542 -0.136848
-1.41329 -0.154227
-1.34377 -0.188986
-1.29163 -0.223744
-1.25687 -0.241123
-1.20473 -0.275882
-1.1526 -0.293261
-1.11784 -0.32802
-1.08308 -0.345399
-1.03094 -0.380157
-0.996184 -0.380157
-0.961425 -0.414916
-0.926667 -0.432295
-0.874529 -0.449674
-0.839771 -0.449674
-0.787633 -0.484433
-0.735495 -0.501812
-0.683358 -0.501812
-0.63122 -0.536571
-0.579082 -0.536571
-0.544324 -0.536571
-0.492186 -0.536571
-0.440048 -0.55395
-0.370531 -0.571329
-0.318393 -0.571329
-0.283635 -0.588708
-0.231497 -0.606088
-0.196739 -0.606088
-0.16198 -0.623467
-0.127222 -0.623467
-0.0924633 -0.640846
-0.0577048 -0.640846
0.0118122 -0.675605
0.0465707 -0.692984
0.0813291 -0.710363
0.133467 -0.710363
0.202984 -0.745122
0.255122 -0.762501
0.307259 -0.77988
0.394156 -0.797259
0.446293 -0.814639
0.481052 -0.832018
0.533189 -0.832018
0.585327 -0.849397
0.672223 -0.849397
0.75912 -0.866776
0.846016 -0.884156
0.915533 -0.884156
0.950291 -0.884156
0.98505 -0.884156
1.01981 -0.884156
1.05457 -0.884156
1.1067 -0.849397
1.15884 -0.849397
1.21098 -0.832018
1.24574 -0.814639
1.2805 -0.814639
1.33263 -0.797259
1.38477 -0.77988
1.41953 -0.762501
1.45429 -0.762501
1.50643 -0.745122
1.54119 -0.745122
1.59332 -0.727742
1.62808 -0.710363
1.66284 -0.710363
1.73236 -0.710363
1.76712 -0.692984
1.81925 -0.692984
1.92353 -0.658225
1.97567 -0.640846
2.01043 -0.640846
2.06256 -0.623467
2.1147 -0.606088
2.18422 -0.588708
2.23636 -0.588708
2.27111 -0.571329
2.32325 -0.55395
2.37539 -0.536571
2.42753 -0.519191
2.51442 -0.484433
2.58394 -0.467054
2.63608 -0.432295
2.67084 -0.432295
2.72297 -0.397537
2.77511 -0.380157
2.80987 -0.362778
2.84463 -0.345399
2.87939 -0.32802
2.91415 -0.31064
2.9489 -0.293261
2.98366 -0.258503
3.01842 -0.223744
3.07056 -0.206365
3.1227 -0.154227
3.17483 -0.10209
3.22697 -0.0847103
3.26173 -0.0673311
3.34863 -0.0151933
3.48766 0.0543236
3.57456 0.123841
3.64407 0.158599
3.71359 0.193358
3.78311 0.245495
3.85262 0.280254
3.93952 0.315012
3.99166 0.349771
4.0438 0.36715
4.09593 0.401909
4.14807 0.419288
4.18283 0.436667
4.21759 0.454046
4.26973 0.471425
4.30449 0.506184
4.35662 0.523563
4.42614 0.558322
4.4609 0.558322
4.51304 0.575701
4.56517 0.610459
4.59993 0.627839
4.63469 0.645218
4.70421 0.679976
4.75635 0.697356
4.82586 0.732114
4.89538 0.766873
4.9649 0.801631
5.01703 0.83639
5.05179 0.853769
5.10393 0.871148
5.13869 0.905907
5.17345 0.923286
5.20821 0.940665
5.24296 0.958044
5.27772 0.975424
5.32986 0.992803
5.36462 0.992803
5.41676 1.01018
5.45152 1.01018
5.48627 1.01018
5.53841 1.01018
5.57317 1.01018
5.60793 0.975424
5.64269 0.958044
5.67745 0.923286
5.7122 0.888527
5.72958 0.853769
5.74696 0.81901
5.74696 0.784252
5.74696 0.714735
5.72958 0.662597
5.7122 0.59308
5.69482 0.540942
5.67745 0.471425
5.66007 0.401909
5.62531 0.349771
5.60793 0.315012
5.57317 0.228116
5.53841 0.193358
5.50365 0.14122
5.46889 0.0890821
5.43414 0.0369444
5.39938 0.00218591
5.36462 -0.0325726
5.32986 -0.0673311
5.2951 -0.119469
5.24296 -0.154227
5.20821 -0.206365
5.17345 -0.241123
5.12131 -0.258503
5.05179 -0.32802
4.99965 -0.380157
4.91276 -0.432295
4.82586 -0.501812
4.75635 -0.536571
4.66945 -0.588708
4.59993 -0.623467
4.53042 -0.658225
4.4609 -0.692984
4.40876 -0.727742
4.33924 -0.762501
4.30449 -0.77988
4.23497 -0.814639
4.20021 -0.832018
4.13069 -0.849397
4.07856 -0.884156
3.99166 -0.901535
3.92214 -0.936293
3.83525 -0.953672
3.74835 -0.971052
3.67883 -1.00581
3.60932 -1.02319
3.55718 -1.04057
3.4529 -1.05795
3.36601 -1.07533
3.29649 -1.11009
3.20959 -1.12746
3.1227 -1.14484
3.0358 -1.16222
2.96628 -1.1796
2.87939 -1.19698
2.79249 -1.23174
2.70559 -1.24912
2.6187 -1.2665
2.5318 -1.28388
2.44491 -1.30126
2.37539 -1.31864
2.27111 -1.31864
2.2016 -1.3534
2.13208 -1.3534
2.06256 -1.37077
1.95829 -1.37077
1.87139 -1.38815
1.76712 -1.38815
1.66284 -1.38815
1.55856 -1.40553
1.47167 -1.40553
1.38477 -1.42291
1.29788 -1.44029
1.17622 -1.44029
1.12408 -1.45767
1.03719 -1.45767
0.967671 -1.45767
0.898154 -1.45767
0.828637 -1.45767
0.74174 -1.44029
0.672223 -1.44029
0.602706 -1.44029
0.533189 -1.44029
0.428914 -1.44029
0.342018 -1.44029
0.237742 -1.44029
0.150846 -1.44029
0.0813291 -1.44029
-0.00556708 -1.44029
-0.109843 -1.42291
-0.196739 -1.42291
-0.283635 -1.40553
-0.370531 -1.38815
-0.492186 -1.33602
-0.526944 -1.33602
-0.596461 -1.30126
-0.718116 -1.28388
-0.805012 -1.2665
-0.874529 -1.23174
-0.961425 -1.21436
-1.03094 -1.19698
-1.10046 -1.1796
-1.16998 -1.16222
-1.23949 -1.12746
-1.29163 -1.12746
-1.32639 -1.11009
-1.37853 -1.11009
-1.41329 -1.09271
-1.44804 -1.07533
-1.4828 -1.05795
-1.51756 -1.05795
-1.55232 -1.04057
-1.62184 -1.02319
-1.67397 -1.00581
-1.72611 -0.971052
-1.77825 -0.953672
-1.83039 -0.936293
-1.86515 -0.918914
BezierPoints 16
-3.63783 1.0797
-3.55093 1.72273
-0.945897 -0.351678
0.999981 -0.267075
2.99859 -0.180178
5.67592 1.49396
5.74696 0.81901
5.81648 0.158599
4.48991 -0.393595
3.99166 -0.640846
1.68022 -1.78788
-0.0384485 -1.62371
-1.76087 -0.762501
-2.14363 -0.571121
-3.74464 0.289329
-3.63783 1.0797
P -0.794314 3 -3.38481
T 0 -1 0
N 0.550754 0 -0.834668
B -0.834668 0 -0.550754
BoundaryCurves 1
SketchPoints 42
-0.177678 0.102316
-0.285361 0.123853
-0.382276 0.145395
-0.441502 0.166935
-0.489959 0.183088
-0.533033 0.19924
-0.527649 0.226169
-0.533034 0.26385
-0.543801 0.360762
-0.543801 0.506129
-0.543801 0.699959
-0.5438 0.872269
-0.5438 0.985321
-0.522264 1.00147
-0.468423 1.01225
-0.398427 1.03379
-0.263823 1.06071
-0.0969141 1.08763
0.096916 1.11456
0.446887 1.15224
0.570723 1.16839
0.818395 1.18993
1.14683 1.22222
1.34066 1.233
1.50218 1.233
1.66371 1.233
1.81447 1.233
1.95445 1.233
2.08367 1.22222
2.20213 1.22222
2.32058 1.22222
2.43903 1.22222
2.57363 1.22222
2.74593 1.22222
2.74593 1.18992
2.74593 1.15223
2.74593 1.0284
2.74593 0.87764
2.74593 0.710725
2.74593 0.592272
2.74593 0.479206
2.74593 0.446906
BezierPoints 13
-0.533799 -0.613199
0.350901 -0.613199
2.1203 -0.613199
3.005 -0.613199
3.005 -0.421081
3.005 -0.036846
3.005 0.155272
2.1203 0.155272
0.350901 0.155272
-0.533799 0.155272
-0.533799 -0.036846
-0.533799 -0.421081
-0.533799 -0.613199
P 0.486056 3 -4.49099
T 0 -1 0
N 0.850705 0 -0.525644
B -0.525644 0 -0.850705
BoundaryCurves 1
SketchPoints 0
BezierPoints 13
-0.533799 -0.613199
0.350901 -0.613199
2.1203 -0.613199
3.005 -0.613199
3.005 -0.421081
3.005 -0.036846
3.005 0.155272
2.1203 0.155272
0.350901 0.155272
-0.533799 0.155272
-0.533799 -0.036846
-0.533799 -0.421081
-0.533799 -0.613199
P 1.909 3 -4.1637
T 0 -1 0
N 0.374121 0 0.92738
B 0.92738 0 -0.374121
BoundaryCurves 1
SketchPoints 0
BezierPoints 13
-0.533799 -0.613199
0.350901 -0.613199
2.1203 -0.613199
3.005 -0.613199
3.005 -0.421081
3.005 -0.036846
3.005 0.155272
2.1203 0.155272
0.350901 0.155272
-0.533799 0.155272
-0.533799 -0.036846
-0.533799 -0.421081
-0.533799 -0.613199
P 1.78399 3 -2.48954
T 0 -1 0
N -0.218887 0 0.97575
B 0.97575 0 0.218887
BoundaryCurves 1
SketchPoints 0
BezierPoints 13
-0.533799 -0.613199
0.350901 -0.613199
2.1203 -0.613199
3.005 -0.613199
3.005 -0.421081
3.005 -0.036846
3.005 0.155272
2.1203 0.155272
0.350901 0.155272
-0.533799 0.155272
-0.533799 -0.036846
-0.533799 -0.421081
-0.533799 -0.613199
P 1.07075 3 -0.933123
T 0 -1 0
N -0.37472 0 0.927138
B 0.927138 0 0.37472
BoundaryCurves 1
SketchPoints 0
BezierPoints 13
-0.533799 -0.613199
0.350901 -0.613199
2.1203 -0.613199
3.005 -0.613199
3.005 -0.421081
3.005 -0.036846
3.005 0.155272
2.1203 0.155272
0.350901 0.155272
-0.533799 0.155272
-0.533799 -0.036846
-0.533799 -0.421081
-0.533799 -0.613199
P 0.51516 3 0.667111
T 0 -1 0
N -0.0369289 0 0.999318
B 0.999318 0 0.0369289
BoundaryCurves 1
SketchPoints 0
BezierPoints 13
-0.533799 -0.613199
0.350901 -0.613199
2.1203 -0.613199
3.005 -0.613199
3.005 -0.421081
3.005 -0.036846
3.005 0.155272
2.1203 0.155272
0.350901 0.155272
-0.533799 0.155272
-0.533799 -0.036846
-0.533799 -0.421081
-0.533799 -0.613199
P 0.733472 3 2.33626
T 0 -1 0
N 0.427363 0 0.90408
B 0.90408 0 -0.427363
BoundaryCurves 1
SketchPoints 0
BezierPoints 13
-0.533799 -0.613199
0.350901 -0.613199
2.1203 -0.613199
3.005 -0.613199
3.005 -0.421081
3.005 -0.036846
3.005 0.155272
2.1203 0.155272
0.350901 0.155272
-0.533799 0.155272
-0.533799 -0.036846
-0.533799 -0.421081
-0.533799 -0.613199
P 1.42657 3 3.91239
T 0 -1 0
N 0.44782 0 0.894123
B 0.894123 0 -0.44782
BoundaryCurves 1
SketchPoints 0
BezierPoints 13
-0.533799 -0.613199
0.350901 -0.613199
2.1203 -0.613199
3.005 -0.613199
3.005 -0.421081
3.005 -0.036846
3.005 0.155272
2.1203 0.155272
0.350901 0.155272
-0.533799 0.155272
-0.533799 -0.036846
-0.533799 -0.421081
-0.533799 -0.613199
P 1.8213 3 5.58134
T 0 -1 0
N 0.160383 0 0.987055
B 0.987055 0 -0.160383
BoundaryCurves 1
SketchPoints 0
BezierPoints 13
-0.533799 -0.613199
0.350901 -0.613199
2.1203 -0.613199
3.005 -0.613199
3.005 -0.421081
3.005 -0.036846
3.005 0.155272
2.1203 0.155272
0.350901 0.155272
-0.533799 0.155272
-0.533799 -0.036846
-0.533799 -0.421081
-0.533799 -0.613199
P 1.15305 3 6.89921
T 0 -1 0
N -0.999592 0 0.028566
B 0.028566 0 0.999592
BoundaryCurves 1
SketchPoints 0
BezierPoints 13
-0.533799 -0.613199
0.350901 -0.613199
2.1203 -0.613199
3.005 -0.613199
3.005 -0.421081
3.005 -0.036846
3.005 0.155272
2.1203 0.155272
0.350901 0.155272
-0.533799 0.155272
-0.533799 -0.036846
-0.533799 -0.421081
-0.533799 -0.613199
P -0.294989 3 6.03236
T 0 -1 0
N -0.757917 0 -0.65235
B -0.65235 0 0.757917
BoundaryCurves 1
SketchPoints 0
BezierPoints 13
-0.533799 -0.613199
0.350901 -0.613199
2.1203 -0.613199
3.005 -0.613199
3.005 -0.421081
3.005 -0.036846
3.005 0.155272
2.1203 0.155272
0.350901 0.155272
-0.533799 0.155272
-0.533799 -0.036846
-0.533799 -0.421081
-0.533799 -0.613199
P -1.30146 3 4.66474
T 0 -1 0
N -0.561082 0 -0.82776
B -0.82776 0 0.561082
BoundaryCurves 1
SketchPoints 0
BezierPoints 13
-0.533799 -0.613199
0.350901 -0.613199
2.1203 -0.613199
3.005 -0.613199
3.005 -0.421081
3.005 -0.036846
3.005 0.155272
2.1203 0.155272
0.350901 0.155272
-0.533799 0.155272
-0.533799 -0.036846
-0.533799 -0.421081
-0.533799 -0.613199
P -1.96713 3 3.05627
T 0 -1 0
N -0.353857 0 -0.9353
B -0.9353 0 0.353857
BoundaryCurves 1
SketchPoints 0
BezierPoints 13
-0.533799 -0.613199
0.350901 -0.613199
2.1203 -0.613199
3.005 -0.613199
3.005 -0.421081
3.005 -0.036846
3.005 0.155272
2.1203 0.155272
0.350901 0.155272
-0.533799 0.155272
-0.533799 -0.036846
-0.533799 -0.421081
-0.533799 -0.613199
P -2.23628 3 1.36431
T 0 -1 0
N -0.123806 0 -0.992306
B -0.992306 0 0.123806
BoundaryCurves 1
SketchPoints 0
BezierPoints 13
-0.533799 -0.613199
0.350901 -0.613199
2.1203 -0.613199
3.005 -0.613199
3.005 -0.421081
3.005 -0.036846
3.005 0.155272
2.1203 0.155272
0.350901 0.155272
-0.533799 0.155272
-0.533799 -0.036846
-0.533799 -0.421081
-0.533799 -0.613199
P -2.10821 3 -0.360995
T 0 -1 0
N 0.0935907 0 -0.995611
B -0.995611 0 -0.0935907
BoundaryCurves 1
SketchPoints 0
BezierPoints 13
-0.533799 -0.613199
0.350901 -0.613199
2.1203 -0.613199
3.005 -0.613199
3.005 -0.421081
3.005 -0.036846
3.005 0.155272
2.1203 0.155272
0.350901 0.155272
-0.533799 0.155272
-0.533799 -0.036846
-0.533799 -0.421081
-0.533799 -0.613199
P -1.61432 3 -2.00126
T 0 -1 0
N 0.31883 0 -0.947812
B -0.947812 0 -0.31883
BoundaryCurves 1
SketchPoints 0
BezierPoints 13
-0.533799 -0.613199
0.350901 -0.613199
2.1203 -0.613199
3.005 -0.613199
3.005 -0.421081
3.005 -0.036846
3.005 0.155272
2.1203 0.155272
0.350901 0.155272
-0.533799 0.155272
-0.533799 -0.036846
-0.533799 -0.421081
-0.533799 -0.613199
