HeaderParameters 1
PlaneSketch 2
P 0 3 0
T 1 0 0
N 0 0 1
B 0 1 0
SketchPoints 111
0.896638 1.06476
0.834371 1.08966
0.784558 1.10212
0.547945 1.15193
0.361146 1.17684
0.174346 1.15193
-0.0124533 1.15193
-0.186799 1.15193
-0.336239 1.13948
-0.460772 1.08966
-0.560399 1.0523
-0.684932 0.965131
-0.772105 0.877958
-0.859278 0.803238
-0.933998 0.716065
-0.958904 0.616438
-0.983811 0.554172
-0.996264 0.491905
-0.971357 0.367372
-0.946451 0.292653
-0.909091 0.230386
-0.821918 0.13076
-0.734745 0.0435865
-0.622665 -0.0560398
-0.485679 -0.155666
-0.348692 -0.255293
-0.136986 -0.404732
0.0249066 -0.504359
0.224159 -0.616438
0.410959 -0.716065
0.560399 -0.828145
0.722291 -0.940224
0.871731 -1.0523
1.02117 -1.15193
1.17061 -1.26401
1.32005 -1.37609
1.46949 -1.47572
1.58157 -1.55044
1.73101 -1.69988
1.83064 -1.74969
1.93026 -1.81196
2.02989 -1.87422
2.11706 -1.92403
2.21669 -2.02366
2.30386 -2.11083
2.42839 -2.21046
2.51557 -2.31009
2.56538 -2.3599
2.61519 -2.40971
2.67746 -2.45953
2.76463 -2.55915
2.8269 -2.60897
2.86426 -2.64633
2.91407 -2.68369
2.95143 -2.72105
3.0137 -2.77086
3.07597 -2.82067
3.13823 -2.88294
3.17559 -2.9203
3.21295 -2.95766
3.27522 -3.00747
3.31258 -3.04483
3.36239 -3.08219
3.4122 -3.1071
3.47447 -3.15691
3.53674 -3.19427
3.599 -3.20672
3.67372 -3.21918
3.74844 -3.21918
3.81071 -3.21918
3.87298 -3.16936
3.91034 -3.132
3.96015 -3.09465
3.99751 -3.04483
4.03487 -2.97011
4.05978 -2.90785
4.07223 -2.84558
4.08468 -2.77086
4.09714 -2.69614
4.09714 -2.62142
4.09714 -2.55915
4.09714 -2.49689
4.08468 -2.42217
4.07223 -2.34745
4.05978 -2.27273
4.04732 -2.18555
4.02242 -2.11083
3.98506 -1.99875
3.9477 -1.92403
3.88543 -1.83686
3.82316 -1.72478
3.7609 -1.60025
3.71108 -1.50062
3.63636 -1.401
3.53674 -1.31382
3.43711 -1.18929
3.33748 -1.0523
3.23786 -0.915318
3.05106 -0.703611
2.90162 -0.554172
2.80199 -0.454545
2.68991 -0.342466
2.59029 -0.242839
2.49066 -0.143213
2.37858 -0.0311332
2.27895 0.0684931
2.24159 0.105853
2.19178 0.168119
2.12951 0.230386
2.0797 0.292653
2.04234 0.342466
BezierPoints 16
0.896638 1.06476
1.33261 1.92231
-2.31346 -0.101425
-0.85365 -0.279219
0.449099 -0.437883
1.25986 -1.23828
2.11706 -1.92403
2.56599 -2.28317
2.98624 -2.97408
3.53674 -3.005
3.9588 -3.005
4.04628 -2.63506
4.04628 -2.31828
4.04628 -1.6761
0.171199 -0.362189
0.896638 1.06476
P 0.316093 3.49547 0
T 0 0 -1
N -0.87056 0.492062 0
B -0.492062 -0.87056 0
SketchPoints 202
-0.373599 1.17357
-0.448319 1.22338
-0.585305 1.28565
-0.672479 1.34792
-0.734745 1.44752
-0.772105 1.49734
-0.797012 1.57206
-0.821918 1.64678
-0.846825 1.7215
-0.871732 1.79622
-0.896638 1.88341
-0.909092 1.94568
-0.933998 1.99547
-0.933998 2.08266
-0.946451 2.14493
-0.958905 2.20718
-0.971358 2.28192
-0.983812 2.33171
-0.996265 2.39398
-1.00872 2.44379
-1.00872 2.51851
-1.03363 2.58078
-1.04608 2.6555
-1.04608 2.71776
-1.05853 2.7676
-1.07099 2.84232
-1.08344 2.89211
-1.09589 2.94192
-1.10835 3.05402
-1.1208 3.10385
-1.13325 3.15364
-1.1457 3.21591
-1.15816 3.26572
-1.17061 3.35288
-1.18307 3.40269
-1.19552 3.47741
-1.22043 3.55213
-1.23288 3.60195
-1.24533 3.67667
-1.27024 3.76384
-1.28269 3.81365
-1.3076 3.90083
-1.33251 3.98802
-1.35741 4.05026
-1.39477 4.10008
-1.43213 4.13746
-1.48195 4.16234
-1.53176 4.13746
-1.63138 4.07519
-1.69365 4.03781
-1.73101 4.00047
-1.76837 3.96309
-1.80573 3.91328
-1.84309 3.85101
-1.90536 3.75139
-1.93026 3.68912
-1.95517 3.6144
-1.98008 3.55213
-1.99253 3.47741
-2.00498 3.41515
-2.02989 3.35288
-2.02989 3.26572
-2.04234 3.17855
-2.04234 3.07892
-2.04234 2.95438
-2.02989 2.81739
-2.02989 2.61814
-2.02989 2.4687
-2.02989 2.33171
-2.02989 2.19472
-2.02989 2.04528
-1.99253 1.9083
-1.96762 1.75888
-1.96762 1.62189
-1.93026 1.47243
-1.90536 1.33546
-1.86799 1.19848
-1.81818 1.06147
-1.75592 0.849767
-1.71856 0.737707
-1.6812 0.638061
-1.64384 0.563341
-1.61893 0.501075
-1.56912 0.45126
-1.50685 0.389014
-1.46949 0.351635
-1.43213 0.314274
-1.38232 0.276916
-1.32005 0.227102
-1.22042 0.177308
-1.1457 0.139929
-1.09589 0.127477
-1.03362 0.115041
-0.98381 0.102568
-0.933997 0.0901151
-0.83437 0.0901151
-0.75965 0.0901151
-0.684931 0.0901151
-0.622664 0.0901151
-0.510584 0.0901151
-0.448318 0.0901151
0.448318 0.0901151
0.510584 0.0901151
0.622664 0.0901151
0.684931 0.0901151
0.75965 0.0901151
0.83437 0.0901151
0.933997 0.0901151
0.98381 0.102568
1.03362 0.115041
1.09589 0.127477
1.1457 0.139929
1.22042 0.177308
1.32005 0.227102
1.38232 0.276916
1.43213 0.314274
1.46949 0.351635
1.50685 0.389014
1.56912 0.45126
1.61893 0.501075
1.64384 0.563341
1.6812 0.638061
1.71856 0.737707
1.75592 0.849767
1.81818 1.06147
1.86799 1.19848
1.90536 1.33546
1.93026 1.47243
1.96762 1.62189
1.96762 1.75888
1.99253 1.9083
2.02989 2.04528
2.02989 2.19472
2.02989 2.33171
2.02989 2.4687
2.02989 2.61814
2.02989 2.81739
2.04234 2.95438
2.04234 3.07892
2.04234 3.17855
2.02989 3.26572
2.02989 3.35288
2.00498 3.41515
1.99253 3.47741
1.98008 3.55213
1.95517 3.6144
1.93026 3.68912
1.90536 3.75139
1.84309 3.85101
1.80573 3.91328
1.76837 3.96309
1.73101 4.00047
1.69365 4.03781
1.63138 4.07519
1.53176 4.13746
1.48195 4.16234
1.43213 4.13746
1.39477 4.10008
1.35741 4.05026
1.33251 3.98802
1.3076 3.90083
1.28269 3.81365
1.27024 3.76384
1.24533 3.67667
1.23288 3.60195
1.22043 3.55213
1.19552 3.47741
1.18307 3.40269
1.17061 3.35288
1.15816 3.26572
1.1457 3.21591
1.13325 3.15364
1.1208 3.10385
1.10835 3.05402
1.09589 2.94192
1.08344 2.89211
1.07099 2.84232
1.05853 2.7676
1.04608 2.71776
1.04608 2.6555
1.03363 2.58078
1.00872 2.51851
1.00872 2.44379
0.996265 2.39398
0.983812 2.33171
0.971358 2.28192
0.958905 2.20718
0.946451 2.14493
0.933998 2.08266
0.933998 1.99547
0.909092 1.94568
0.896638 1.88341
0.871732 1.79622
0.846825 1.7215
0.821918 1.64678
0.797012 1.57206
0.772105 1.49734
0.734745 1.44752
0.672479 1.34792
0.585305 1.28565
0.448319 1.22338
0.373599 1.17357
BezierPoints 28
-0.373599 1.17357
-0.492776 -0.318514
-1.03284 2.59525
-1.17061 3.35288
-1.19696 3.49779
-1.28403 4.02019
-1.48195 4.02019
-1.80275 4.02019
-1.98181 3.63889
-2.00498 3.41515
-2.10968 2.40425
-1.19423 0.0657775
0.0527248 0.0816152
1.25752 0.0969175
2.0553 2.43351
1.92958 3.23875
1.88469 3.52624
1.90493 4.02019
1.48195 4.02019
1.28403 4.02019
1.19696 3.49779
1.17061 3.35288
1.03284 2.59525
0.434661 -0.249746
0.373599 1.17357
0.356102 1.58141
-0.334231 1.66645
-0.373599 1.17357
