HeaderParameters 1
PlaneSketch 11
P 0 3 0
T 1 0 0
N 0 0 1
B 0 1 0
SketchPoints 134
1.76837 0.628892
1.69365 0.641345
1.60648 0.628892
1.48194 0.616438
1.41968 0.603985
1.34496 0.579078
1.23288 0.529265
1.18306 0.491905
1.13325 0.454545
1.07098 0.379826
1.02117 0.305106
0.996264 0.230386
0.971357 0.155666
0.983811 0.0809464
1.00872 0.00622654
1.04608 -0.0560398
1.08344 -0.118306
1.15816 -0.168119
1.19552 -0.205479
1.24533 -0.230386
1.3076 -0.255293
1.39477 -0.292653
1.44458 -0.317559
1.50685 -0.342466
1.58157 -0.367372
1.66874 -0.392279
1.75592 -0.417186
1.83064 -0.442092
1.90535 -0.466999
1.96762 -0.504359
2.02989 -0.529265
2.12951 -0.579078
2.25405 -0.628892
2.46575 -0.778331
2.60274 -0.815691
2.68991 -0.915318
2.75218 -0.952677
2.78954 -1.00249
2.83935 -1.08966
2.87671 -1.13948
2.92653 -1.18929
2.96389 -1.26401
2.98879 -1.32628
3.02615 -1.401
3.05106 -1.46326
3.07597 -1.52553
3.10087 -1.5878
3.11333 -1.63761
3.13823 -1.68742
3.13823 -1.74969
3.15068 -1.81196
3.16314 -1.86177
3.17559 -1.93649
3.17559 -2.01121
3.17559 -2.08593
3.17559 -2.16065
3.18804 -2.22291
3.2005 -2.31009
3.21295 -2.3599
3.2254 -2.44707
3.25031 -2.5467
3.27522 -2.63387
3.30012 -2.69614
3.31258 -2.74595
3.36239 -2.85803
3.39975 -2.90785
3.43711 -2.95766
3.47447 -2.99502
3.52428 -3.04483
3.5741 -3.08219
3.64882 -3.14446
3.69863 -3.16936
3.79826 -3.15691
3.84807 -3.14446
3.89788 -3.11955
3.9477 -3.09465
4.02242 -3.03238
4.07223 -2.98257
4.12204 -2.90785
4.1594 -2.83313
4.18431 -2.7335
4.20922 -2.64633
4.20922 -2.55915
4.19676 -2.42217
4.17186 -2.34745
4.14695 -2.28518
4.1345 -2.22291
4.10959 -2.14819
4.07223 -2.08593
4.00996 -2.01121
3.9726 -1.96139
3.92279 -1.88668
3.88543 -1.81196
3.84807 -1.76214
3.81071 -1.68742
3.7609 -1.5878
3.74844 -1.53798
3.73599 -1.48817
3.71108 -1.401
3.67372 -1.31382
3.66127 -1.26401
3.63636 -1.17684
3.62391 -1.10212
3.599 -1.0523
3.58655 -0.965131
3.56164 -0.915318
3.54919 -0.840598
3.51183 -0.740971
3.47447 -0.666252
3.46202 -0.616438
3.4122 -0.541718
3.37484 -0.479452
3.31258 -0.429639
3.26276 -0.392279
3.21295 -0.367372
3.13823 -0.342466
3.07597 -0.305106
2.98879 -0.255293
2.93898 -0.230386
2.88917 -0.205479
2.8269 -0.180573
2.75218 -0.143213
2.68991 -0.0933998
2.61519 -0.0435865
2.56538 -0.0186799
2.51557 0.00622654
2.46575 0.0435865
2.40349 0.0809464
2.34122 0.118306
2.27895 0.143213
2.22914 0.180573
2.17933 0.217933
2.12951 0.242839
2.0797 0.280199
BezierPoints 19
1.76837 0.628892
1.60736 0.952821
0.664488 0.300643
1.08344 -0.118306
1.60349 -0.638364
2.45818 -0.520228
2.92653 -1.18929
3.2102 -1.59454
3.06072 -3.005
3.69863 -3.005
4.23596 -3.005
4.33592 -2.70585
4.00821 -2.35656
3.60902 -1.93109
3.74144 -0.891874
3.37484 -0.479452
3.07644 -0.143746
2.13014 -0.0989418
1.76837 0.628892
P 0 3 0
T 0 1 0
N 0 0 1
B -1 0 0
SketchPoints 134
0.628892 1.76837
0.641345 1.69365
0.628892 1.60648
0.616438 1.48194
0.603985 1.41968
0.579078 1.34496
0.529265 1.23288
0.491905 1.18306
0.454545 1.13325
0.379826 1.07098
0.305106 1.02117
0.230386 0.996264
0.155666 0.971357
0.0809464 0.983811
0.00622654 1.00872
-0.0560398 1.04608
-0.118306 1.08344
-0.168119 1.15816
-0.205479 1.19552
-0.230386 1.24533
-0.255293 1.3076
-0.292653 1.39477
-0.317559 1.44458
-0.342466 1.50685
-0.367372 1.58157
-0.392279 1.66874
-0.417186 1.75592
-0.442092 1.83064
-0.466999 1.90535
-0.504359 1.96762
-0.529265 2.02989
-0.579078 2.12951
-0.628892 2.25405
-0.778331 2.46575
-0.815691 2.60274
-0.915318 2.68991
-0.952677 2.75218
-1.00249 2.78954
-1.08966 2.83935
-1.13948 2.87671
-1.18929 2.92653
-1.26401 2.96389
-1.32628 2.98879
-1.401 3.02615
-1.46326 3.05106
-1.52553 3.07597
-1.5878 3.10087
-1.63761 3.11333
-1.68742 3.13823
-1.74969 3.13823
-1.81196 3.15068
-1.86177 3.16314
-1.93649 3.17559
-2.01121 3.17559
-2.08593 3.17559
-2.16065 3.17559
-2.22291 3.18804
-2.31009 3.2005
-2.3599 3.21295
-2.44707 3.2254
-2.5467 3.25031
-2.63387 3.27522
-2.69614 3.30012
-2.74595 3.31258
-2.85803 3.36239
-2.90785 3.39975
-2.95766 3.43711
-2.99502 3.47447
-3.04483 3.52428
-3.08219 3.5741
-3.14446 3.64882
-3.16936 3.69863
-3.15691 3.79826
-3.14446 3.84807
-3.11955 3.89788
-3.09465 3.9477
-3.03238 4.02242
-2.98257 4.07223
-2.90785 4.12204
-2.83313 4.1594
-2.7335 4.18431
-2.64633 4.20922
-2.55915 4.20922
-2.42217 4.19676
-2.34745 4.17186
-2.28518 4.14695
-2.22291 4.1345
-2.14819 4.10959
-2.08593 4.07223
-2.01121 4.00996
-1.96139 3.9726
-1.88668 3.92279
-1.81196 3.88543
-1.76214 3.84807
-1.68742 3.81071
-1.5878 3.7609
-1.53798 3.74844
-1.48817 3.73599
-1.401 3.71108
-1.31382 3.67372
-1.26401 3.66127
-1.17684 3.63636
-1.10212 3.62391
-1.0523 3.599
-0.965131 3.58655
-0.915318 3.56164
-0.840598 3.54919
-0.740971 3.51183
-0.666252 3.47447
-0.616438 3.46202
-0.541718 3.4122
-0.479452 3.37484
-0.429639 3.31258
-0.392279 3.26276
-0.367372 3.21295
-0.342466 3.13823
-0.305106 3.07597
-0.255293 2.98879
-0.230386 2.93898
-0.205479 2.88917
-0.180573 2.8269
-0.143213 2.75218
-0.0933998 2.68991
-0.0435865 2.61519
-0.0186799 2.56538
0.00622654 2.51557
0.0435865 2.46575
0.0809464 2.40349
0.118306 2.34122
0.143213 2.27895
0.180573 2.22914
0.217933 2.17933
0.242839 2.12951
0.280199 2.0797
BezierPoints 19
0.628892 1.76837
0.952821 1.60736
0.300643 0.664488
-0.118306 1.08344
-0.638364 1.60349
-0.520228 2.45818
-1.18929 2.92653
-1.59454 3.2102
-3.005 3.06072
-3.005 3.69863
-3.005 4.23596
-2.70585 4.33592
-2.35656 4.00821
-1.93109 3.60902
-0.891874 3.74144
-0.479452 3.37484
-0.143746 3.07644
-0.0989418 2.13014
0.628892 1.76837
P -1.48202 3.16747 0
T 0 0 -1
N -0.05047 -0.998726 0
B 0.998726 -0.05047 0
SketchPoints 113
-0.298879 0.000626184
-0.361146 0.0255341
-0.435866 0.0504424
-0.485679 0.0753458
-0.547945 0.100254
-0.585305 0.137614
-0.635118 0.16252
-0.722291 0.23724
-0.797011 0.299507
-0.834371 0.336868
-0.871731 0.374228
-0.909091 0.424038
-0.958904 0.486305
-1.00872 0.536122
-1.04608 0.598389
-1.09589 0.660652
-1.1457 0.722919
-1.18306 0.79764
-1.23288 0.872359
-1.27024 0.934625
-1.29514 1.00934
-1.3325 1.09652
-1.36986 1.19614
-1.39477 1.27086
-1.43213 1.40785
-1.43213 1.48257
-1.44458 1.55729
-1.45704 1.64446
-1.46949 1.71918
-1.48194 1.7939
-1.48194 1.86862
-1.4944 1.93089
-1.4944 1.99316
-1.4944 2.09278
-1.4944 2.15505
-1.48194 2.25467
-1.46949 2.30449
-1.45704 2.36675
-1.41968 2.44147
-1.39477 2.49129
-1.3325 2.57846
-1.3076 2.62827
-1.24533 2.69054
-1.17061 2.76526
-1.13325 2.80262
-1.05853 2.86489
-1.00872 2.90225
-0.971357 2.93961
-0.921544 2.97696
-0.871731 3.01433
-0.821918 3.05169
-0.772104 3.07659
-0.722291 3.11395
-0.660025 3.13886
-0.572852 3.18867
-0.510585 3.21358
-0.448319 3.23849
-0.386052 3.25094
-0.323786 3.26339
-0.261519 3.27585
-0.211706 3.2883
-0.149439 3.2883
-0.0871729 3.2883
-0.0373597 3.27585
0.0124535 3.26339
0.07472 3.26339
0.174346 3.23849
0.236613 3.22603
0.286426 3.21358
0.348693 3.17622
0.410959 3.12641
0.448319 3.08905
0.498132 3.05169
0.535492 3.00187
0.572852 2.95206
0.597758 2.90225
0.647572 2.83998
0.684932 2.77771
0.709838 2.7279
0.747198 2.65318
0.772105 2.60337
0.809465 2.5411
0.846825 2.49129
0.871731 2.42902
0.909091 2.37921
0.933998 2.32939
0.958904 2.27958
0.971358 2.22977
0.996264 2.1675
1.02117 2.11769
1.05853 2.05542
1.08344 1.99316
1.10834 1.93089
1.1208 1.85617
1.1457 1.78145
1.15816 1.70673
1.18306 1.63201
1.19552 1.56974
1.19552 1.49502
1.19552 1.43276
1.20797 1.34558
1.20797 1.24596
1.20797 1.14633
1.20797 1.0467
1.20797 0.947079
1.20797 0.847452
1.19552 0.760277
1.17061 0.710467
1.1457 0.635746
1.09589 0.561025
1.08344 0.511214
1.04608 0.448948
1.00872 0.399133
BezierPoints 13
0.0185394 -0.317874
-1.27994 -0.354701
-1.52061 0.445048
-1.45704 1.64446
-1.40873 2.55578
-1.08001 3.48323
0.000441313 3.48043
1.06306 3.47766
1.54616 2.37955
1.51587 1.57332
1.4605 0.0997015
1.02815 -0.289239
0.0185394 -0.317874
P 0.163082 3.08434 -0.559753
T 0.05047 0.998726 0
N -0.998512 0.0504592 0.0206952
B -0.0206689 0.00104287 -0.999786
SketchPoints 83
0.299464 0.41429
0.349247 0.439249
0.423947 0.464232
0.498624 0.501671
0.573304 0.539109
0.635534 0.576534
0.697761 0.613959
0.772442 0.651396
0.84712 0.688834
0.921788 0.738726
0.984017 0.77615
1.03379 0.813562
1.09602 0.850987
1.15821 0.925772
1.20798 0.963184
1.27016 1.05042
1.33236 1.11275
1.38211 1.17507
1.4194 1.23738
1.46915 1.2997
1.51888 1.37447
1.56863 1.43679
1.59349 1.48662
1.63079 1.53648
1.65563 1.59877
1.69293 1.66108
1.71778 1.71091
1.73017 1.77319
1.74255 1.84793
1.74247 1.92265
1.7424 1.98491
1.7299 2.03471
1.71736 2.12187
1.67992 2.19655
1.65496 2.24634
1.61756 2.28366
1.55528 2.29605
1.48055 2.30843
1.41828 2.30836
1.34356 2.30828
1.26887 2.2833
1.21907 2.27079
1.16928 2.24583
1.08216 2.19593
1.03237 2.17097
0.982596 2.13356
0.932811 2.1086
0.883039 2.07119
0.82081 2.03376
0.733701 1.97141
0.683913 1.94645
0.63414 1.90904
0.584353 1.88408
0.547034 1.84668
0.48482 1.7968
0.410148 1.74691
0.335468 1.70947
0.285694 1.67206
0.235936 1.62219
0.186158 1.58478
0.123959 1.52245
0.0493174 1.44765
-0.0128823 1.38532
-0.0502067 1.34792
-0.0875143 1.29807
-0.137276 1.24821
-0.199475 1.18587
-0.23677 1.12357
-0.274078 1.07372
-0.286479 1.02389
-0.323774 0.961584
-0.348617 0.899292
-0.348552 0.837026
-0.360955 0.7872
-0.36089 0.724933
-0.348382 0.675133
-0.335862 0.612879
-0.323344 0.550625
-0.298386 0.500838
-0.260988 0.463518
-0.223574 0.413743
-0.198616 0.363956
-0.148777 0.339101
BezierPoints 13
1.00673 2.27708
-0.532329 3.11325
-0.0473335 1.74065
-0.236536 1.2392
-0.476323 0.603693
-0.582476 0.229718
-0.102481 0.233097
0.786086 0.239352
0.120639 0.865777
0.359237 1.33903
0.597836 1.81228
1.35925 2.08556
1.00673 2.27708
P 0.163082 3.08434 0.559753
T -0.0206689 0.00104287 0.999786
N -0.998512 0.0504592 -0.0206952
B 0.05047 0.998726 0
SketchPoints 83
0.41429 0.299463
0.439248 0.349247
0.464232 0.423946
0.50167 0.498623
0.539108 0.573303
0.576533 0.635533
0.613958 0.69776
0.651395 0.77244
0.688833 0.847119
0.738724 0.921787
0.776149 0.984016
0.81356 1.03379
0.850985 1.09602
0.92577 1.15821
0.963182 1.20798
1.05042 1.27015
1.11275 1.33235
1.17507 1.3821
1.23738 1.4194
1.29969 1.46915
1.37447 1.51888
1.43678 1.56863
1.48662 1.59348
1.53647 1.63079
1.59877 1.65563
1.66107 1.69293
1.71091 1.71778
1.77319 1.73017
1.84792 1.74254
1.92264 1.74247
1.98491 1.7424
2.03471 1.7299
2.12187 1.71735
2.19655 1.67991
2.24634 1.65495
2.28366 1.61755
2.29605 1.55528
2.30842 1.48054
2.30836 1.41828
2.30828 1.34356
2.2833 1.26886
2.27079 1.21906
2.24583 1.16927
2.19593 1.08216
2.17097 1.03237
2.13356 0.982593
2.1086 0.932808
2.07119 0.883036
2.03376 0.820806
1.97141 0.733698
1.94645 0.68391
1.90904 0.634137
1.88408 0.58435
1.84668 0.547031
1.7968 0.484817
1.74691 0.410145
1.70947 0.335465
1.67206 0.285691
1.62219 0.235933
1.58478 0.186156
1.52245 0.123956
1.44765 0.0493151
1.38532 -0.0128846
1.34792 -0.0502089
1.29807 -0.0875164
1.24821 -0.137278
1.18587 -0.199477
1.12357 -0.236772
1.07372 -0.27408
1.02389 -0.286481
0.961585 -0.323775
0.899293 -0.348618
0.837027 -0.348553
0.7872 -0.360957
0.724934 -0.360891
0.675134 -0.348383
0.612879 -0.335863
0.550626 -0.323345
0.500839 -0.298386
0.463519 -0.260989
0.413744 -0.223575
0.363956 -0.198617
0.339102 -0.148777
BezierPoints 13
2.27708 1.00673
3.11325 -0.532334
1.74065 -0.0473363
1.2392 -0.236538
0.603694 -0.476324
0.229719 -0.582477
0.233097 -0.102481
0.23935 0.786085
0.865777 0.120637
1.33903 0.359235
1.81228 0.597833
2.08556 1.35924
2.27708 1.00673
P 0.140358 3.47315 2.60441
T 0.998512 -0.0504592 0.0206952
N 0.00452782 -0.301455 -0.95347
B -0.0543522 -0.952144 0.300778
SketchPoints 126
0.350733 0.350418
0.391336 0.410626
0.418844 0.459053
0.44635 0.507459
0.473859 0.555895
0.501367 0.604327
0.516439 0.653412
0.558359 0.738467
0.573431 0.78756
0.589162 0.84908
0.619306 0.947246
0.636355 1.03364
0.651427 1.08272
0.668476 1.16912
0.683548 1.2182
0.701257 1.31704
0.716988 1.37856
0.73206 1.42764
0.747791 1.48916
0.777934 1.58731
0.78123 1.6495
0.796961 1.71103
0.825786 1.78431
0.841517 1.84583
0.858567 1.93224
0.874298 1.99376
0.89003 2.05528
0.905761 2.1168
0.920832 2.16588
0.935904 2.21496
0.9392 2.27715
0.95559 2.3511
0.97198 2.42506
0.987052 2.47414
1.00278 2.53566
1.00608 2.59784
1.02181 2.65936
1.0251 2.72153
1.04018 2.77062
1.04347 2.83279
1.04874 2.93228
1.04158 3.03244
1.04553 3.10705
1.04949 3.18166
1.05344 3.25628
1.0574 3.3309
1.07445 3.41729
1.07906 3.50433
1.08301 3.57895
1.08631 3.64114
1.0896 3.70332
1.0929 3.76549
1.04381 3.78057
0.981635 3.78385
0.931232 3.77405
0.868395 3.76492
0.781343 3.76953
0.730941 3.75974
0.643891 3.76435
0.581052 3.7552
0.49466 3.77226
0.420045 3.7762
0.320558 3.78148
0.245943 3.78544
0.183764 3.78873
0.121584 3.79202
0.0724998 3.80709
0.0109799 3.82283
-0.0505399 3.83856
-0.112061 3.85429
-0.186016 3.87069
-0.272408 3.88774
-0.359459 3.89235
-0.408544 3.9074
-0.4825 3.92381
-0.531584 3.93888
-0.535538 3.86427
-0.527056 3.78899
-0.533647 3.66464
-0.537601 3.59001
-0.531757 3.46498
-0.535051 3.40282
-0.539664 3.31577
-0.530524 3.25292
-0.534477 3.17832
-0.541068 3.05396
-0.544364 2.99177
-0.547658 2.9296
-0.552271 2.84255
-0.555568 2.78036
-0.571299 2.71883
-0.574593 2.65666
-0.577888 2.59449
-0.581184 2.53231
-0.584479 2.47012
-0.587774 2.40795
-0.591728 2.33333
-0.595023 2.27115
-0.598319 2.20897
-0.601614 2.14679
-0.607545 2.03488
-0.61084 1.9727
-0.614794 1.89809
-0.618089 1.83591
-0.622044 1.76129
-0.62534 1.69909
-0.628634 1.63692
-0.631929 1.57475
-0.62213 1.52434
-0.614307 1.43664
-0.617602 1.37446
-0.609121 1.29919
-0.612416 1.23701
-0.61703 1.14994
-0.607888 1.08711
-0.587629 0.998751
-0.578489 0.935915
-0.557572 0.859972
-0.525537 0.758509
-0.505278 0.670148
-0.484361 0.594205
-0.462784 0.530707
-0.428773 0.46654
-0.395419 0.389951
-0.373842 0.326471
-0.338511 0.287186
BezierPoints 19
-0.0128182 -0.0815863
0.661775 -0.1638
0.481305 2.22651
0.462558 3.00172
0.453025 3.39592
1.17613 3.59039
1.08388 3.59528
1.04513 3.59733
0.2749 3.63815
0.176061 3.64339
0.0693393 3.64904
-0.497849 3.6791
-0.545218 3.68161
-0.63655 3.68645
0.0295175 3.40506
-0.0232632 3.02078
-0.126354 2.2702
-0.617892 -0.00784539
-0.0128182 -0.0815863
P 0.140358 3.47315 -2.60441
T -0.0543522 -0.952144 -0.300778
N 0.00452782 -0.301455 0.95347
B 0.998512 -0.0504592 -0.0206952
SketchPoints 126
0.350417 0.350732
0.410625 0.391335
0.459052 0.418843
0.507458 0.446349
0.555894 0.473857
0.604326 0.501366
0.653411 0.516438
0.738466 0.558357
0.787559 0.573429
0.849079 0.58916
0.947245 0.619304
1.03364 0.636353
1.08272 0.651424
1.16912 0.668474
1.2182 0.683546
1.31704 0.701254
1.37856 0.716985
1.42763 0.732056
1.48916 0.747788
1.58731 0.777931
1.6495 0.781226
1.71103 0.796958
1.78431 0.825782
1.84583 0.841513
1.93224 0.858563
1.99376 0.874294
2.05528 0.890025
2.1168 0.905756
2.16588 0.920828
2.21496 0.935899
2.27715 0.939195
2.35109 0.955584
2.42506 0.971974
2.47413 0.987046
2.53566 1.00278
2.59784 1.00607
2.65936 1.0218
2.72153 1.0251
2.77062 1.04017
2.83279 1.04346
2.93228 1.04874
3.03244 1.04157
3.10705 1.04553
3.18166 1.04948
3.25627 1.05343
3.3309 1.05739
3.41729 1.07444
3.50433 1.07905
3.57894 1.08301
3.64113 1.0863
3.70331 1.0896
3.76548 1.09289
3.78056 1.04381
3.78385 0.981626
3.77404 0.931224
3.76492 0.868386
3.76952 0.781335
3.75973 0.730933
3.76435 0.643882
3.7552 0.581043
3.77226 0.494652
3.7762 0.420036
3.78147 0.320549
3.78544 0.245935
3.78873 0.183756
3.79202 0.121576
3.80709 0.0724912
3.82283 0.0109713
3.83856 -0.0505486
3.85429 -0.112069
3.87069 -0.186025
3.88774 -0.272417
3.89235 -0.359468
3.9074 -0.408553
3.92381 -0.482508
3.93888 -0.531593
3.86427 -0.535547
3.789 -0.527065
3.66464 -0.533655
3.59001 -0.537609
3.46499 -0.531765
3.40282 -0.535058
3.31577 -0.539672
3.25293 -0.530531
3.17832 -0.534485
3.05396 -0.541075
2.99177 -0.54437
2.9296 -0.547665
2.84255 -0.552278
2.78036 -0.555574
2.71884 -0.571305
2.65667 -0.574599
2.59449 -0.577894
2.53231 -0.581189
2.47012 -0.584485
2.40795 -0.58778
2.33333 -0.591734
2.27116 -0.595028
2.20897 -0.598324
2.1468 -0.601619
2.03488 -0.607549
1.9727 -0.610844
1.89809 -0.614798
1.83591 -0.618093
1.76129 -0.622048
1.6991 -0.625344
1.63693 -0.628638
1.57476 -0.631932
1.52434 -0.622133
1.43664 -0.614311
1.37446 -0.617605
1.29919 -0.609123
1.23701 -0.612419
1.14994 -0.617032
1.08711 -0.607891
0.998752 -0.587632
0.935916 -0.578491
0.859974 -0.557574
0.75851 -0.525538
0.670149 -0.505279
0.594206 -0.484362
0.530708 -0.462785
0.466541 -0.428774
0.389952 -0.39542
0.326471 -0.373842
0.287187 -0.338512
BezierPoints 19
-0.0815862 -0.0128181
-0.163801 0.661775
2.22651 0.4813
3.00172 0.462551
3.39592 0.453017
3.59259 1.13457
3.59528 1.08387
3.58756 1.04585
3.63815 0.274892
3.64339 0.176053
3.64904 0.0693311
3.6791 -0.497858
3.68162 -0.545227
3.68646 -0.636559
3.40506 0.0295098
3.02078 -0.02327
2.2702 -0.12636
-0.0078441 -0.617892
-0.0815862 -0.0128181
P 0.858019 3.04922 0.649418
T 0.05047 0.998726 0
N 0.750073 -0.0379045 -0.660267
B 0.659426 -0.0333152 0.751031
SketchPoints 160
-0.2979 -0.0102853
-0.372996 -0.0202401
-0.435643 -0.0306137
-0.485013 -0.0165032
-0.533966 0.0100485
-0.581675 0.0739338
-0.629802 0.125387
-0.652617 0.188437
-0.673773 0.301298
-0.671697 0.36352
-0.656758 0.4378
-0.654682 0.500029
-0.65219 0.574694
-0.623976 0.673436
-0.609453 0.735251
-0.582483 0.79667
-0.555513 0.858041
-0.528545 0.919454
-0.488714 0.992899
-0.436853 1.05346
-0.384989 1.11403
-0.333128 1.17462
-0.293711 1.23559
-0.242266 1.28373
-0.19082 1.33185
-0.126509 1.39202
-0.0879239 1.42811
-0.0493399 1.46419
0.0153827 1.53679
0.0539677 1.57288
0.0925519 1.60897
0.131137 1.64506
0.196275 1.73011
0.23486 1.76621
0.261415 1.81518
0.325725 1.87531
0.390447 1.94793
0.442309 2.00851
0.494587 2.08151
0.546863 2.15453
0.586281 2.21553
0.625696 2.2765
0.677971 2.34952
0.717386 2.41051
0.770079 2.49598
0.822357 2.56898
0.900356 2.66606
0.939357 2.7146
0.991219 2.77518
1.03022 2.82371
1.08208 2.88429
1.10863 2.93325
1.1605 2.99381
1.21236 3.05441
1.26422 3.11495
1.31608 3.17553
1.36753 3.22365
1.41939 3.28423
1.49615 3.34399
1.54759 3.3921
1.58618 3.42819
1.63721 3.46384
1.70069 3.49912
1.76416 3.53438
1.8152 3.57007
1.87826 3.59289
1.94174 3.62815
2.01725 3.65054
2.06786 3.67378
2.13092 3.69657
2.2193 3.73102
2.28236 3.75385
2.33255 3.76462
2.3952 3.775
2.44541 3.78579
2.54498 3.78249
2.60721 3.7804
2.68106 3.753
2.73042 3.73892
2.76652 3.70031
2.72752 3.65177
2.68852 3.60323
2.66196 3.55428
2.62214 3.48084
2.58272 3.41988
2.53127 3.37173
2.45327 3.27464
2.40141 3.21407
2.34996 3.16596
2.29851 3.11784
2.24665 3.05725
2.2201 3.00831
2.15579 2.94814
2.1284 2.87431
2.08941 2.82577
2.07364 2.72663
2.05911 2.6648
2.0699 2.61459
2.13172 2.60008
2.19353 2.58554
2.26863 2.59551
2.34372 2.60546
2.41923 2.62786
2.49474 2.65027
2.56983 2.66022
2.62003 2.67101
2.70799 2.693
2.77063 2.70336
2.84531 2.70087
2.90713 2.68635
2.95609 2.65979
2.96687 2.60959
2.95235 2.54776
2.91293 2.48679
2.88596 2.42541
2.84737 2.38929
2.80796 2.3283
2.76938 2.29221
2.71835 2.25653
2.66773 2.2333
2.6167 2.19763
2.56608 2.17438
2.49016 2.13954
2.42709 2.11675
2.3769 2.10594
2.3267 2.09516
2.26404 2.08479
2.2014 2.07443
2.1512 2.06363
2.07569 2.04125
2.01304 2.03085
1.94998 2.00805
1.87364 1.96074
1.79772 1.92589
1.7471 1.90267
1.64545 1.84375
1.59401 1.79564
1.54339 1.7724
1.4795 1.72469
1.42805 1.67656
1.38947 1.64048
1.35088 1.60439
1.3123 1.56827
1.27371 1.53218
1.18326 1.43551
1.14385 1.37452
1.10443 1.31357
1.07664 1.22728
1.05008 1.1783
1.03597 1.12895
1.00942 1.07999
0.982867 1.03103
0.955481 0.957168
0.916065 0.896205
0.875817 0.810309
0.849264 0.761354
0.809021 0.675484
0.769605 0.614488
0.742633 0.553087
0.704048 0.516992
BezierPoints 31
-0.2979 -0.0102853
-0.840075 -0.0821571
-0.685336 0.705539
-0.488714 0.992899
-0.230521 1.37024
0.161568 1.6484
0.442309 2.00851
0.810514 2.4808
1.11158 3.13824
1.63721 3.46384
1.75966 3.53969
1.88266 3.60185
2.01725 3.65054
2.12197 3.68842
2.2221 3.74392
2.33255 3.76462
3.4528 3.97457
1.7874 2.86643
2.0699 2.61459
2.27529 2.43149
2.77589 2.89134
2.95609 2.65979
3.23819 2.29729
1.8781 1.97334
1.7471 1.90267
1.12442 1.56674
1.15817 0.941802
0.704048 0.516992
0.497339 0.323623
-0.0173002 0.0269117
-0.2979 -0.0102853
P -0.858019 3.04922 0.649418
T -0.659426 -0.0333152 0.751031
N -0.750073 -0.0379045 -0.660267
B -0.05047 0.998726 0
SketchPoints 160
-0.0102878 -0.2979
-0.0202433 -0.372996
-0.0306175 -0.435643
-0.0165073 -0.485013
0.010044 -0.533966
0.0739288 -0.581674
0.125382 -0.629801
0.188431 -0.652615
0.301292 -0.67377
0.363515 -0.671694
0.437795 -0.656754
0.500023 -0.654678
0.574689 -0.652185
0.67343 -0.62397
0.735246 -0.609446
0.796665 -0.582476
0.858036 -0.555506
0.919449 -0.528537
0.992895 -0.488705
1.05346 -0.436844
1.11403 -0.384979
1.17462 -0.333118
1.23558 -0.293701
1.28373 -0.242255
1.33185 -0.190808
1.39201 -0.126497
1.42811 -0.0879117
1.46419 -0.0493275
1.53679 0.0153957
1.57289 0.0539811
1.60897 0.0925657
1.64506 0.131151
1.73011 0.19629
1.76621 0.234875
1.81519 0.261431
1.87532 0.325741
1.94793 0.390464
2.00851 0.442326
2.08151 0.494605
2.15454 0.546882
2.21554 0.5863
2.2765 0.625715
2.34952 0.677991
2.41052 0.717407
2.49598 0.7701
2.56899 0.822378
2.66607 0.900379
2.71461 0.93938
2.77519 0.991242
2.82372 1.03024
2.88429 1.08211
2.93326 1.10866
2.99382 1.16052
3.05442 1.21239
3.11496 1.26425
3.17555 1.31611
3.22366 1.36756
3.28424 1.41942
3.344 1.49618
3.39211 1.54762
3.4282 1.58621
3.46386 1.63724
3.49914 1.70072
3.53439 1.76419
3.57009 1.81523
3.59291 1.87829
3.62817 1.94177
3.65056 2.01728
3.67379 2.06789
3.69659 2.13096
3.73104 2.21933
3.75387 2.28239
3.76464 2.33259
3.77502 2.39523
3.78581 2.44544
3.78251 2.54501
3.78042 2.60724
3.75303 2.68109
3.73894 2.73046
3.70033 2.76655
3.6518 2.72755
3.60325 2.68855
3.5543 2.662
3.48086 2.62216
3.4199 2.58275
3.37175 2.5313
3.27466 2.4533
3.21409 2.40143
3.16598 2.34999
3.11786 2.29854
3.05727 2.24668
3.00833 2.22012
2.94816 2.15582
2.87433 2.12843
2.82579 2.08943
2.72665 2.07366
2.66482 2.05914
2.61461 2.06992
2.6001 2.13174
2.58556 2.19355
2.59553 2.26865
2.60548 2.34375
2.62788 2.41925
2.65029 2.49476
2.66025 2.56986
2.67103 2.62005
2.69302 2.70801
2.70338 2.77066
2.70089 2.84533
2.68638 2.90716
2.65981 2.95611
2.60962 2.96689
2.54779 2.95237
2.48681 2.91295
2.42543 2.88599
2.38932 2.84739
2.32832 2.80798
2.29224 2.76939
2.25655 2.71837
2.23333 2.66775
2.19766 2.61672
2.1744 2.5661
2.13956 2.49018
2.11677 2.42711
2.10596 2.37691
2.09518 2.32671
2.08481 2.26406
2.07445 2.20142
2.06365 2.15122
2.04127 2.07571
2.03087 2.01306
2.00807 1.95
1.96076 1.87366
1.9259 1.79773
1.90268 1.74712
1.84376 1.64547
1.79565 1.59402
1.77242 1.5434
1.7247 1.47952
1.67658 1.42807
1.64049 1.38948
1.6044 1.3509
1.56828 1.31231
1.53219 1.27372
1.43552 1.18328
1.37453 1.14386
1.31358 1.10445
1.22729 1.07665
1.17831 1.05009
1.12895 1.03598
1.08 1.00943
1.03104 0.982876
0.957177 0.955489
0.896213 0.916073
0.810317 0.875825
0.761361 0.84927
0.675491 0.809026
0.614495 0.76961
0.553093 0.742638
0.516998 0.704052
BezierPoints 31
-0.0102878 -0.2979
-0.0821643 -0.840076
0.705533 -0.68533
0.992895 -0.488705
1.37024 -0.23051
1.6484 0.161582
2.00851 0.442326
2.48081 0.810535
3.13825 1.1116
3.46386 1.63724
3.53971 1.75969
3.60187 1.88269
3.65056 2.01728
3.68844 2.12201
3.74394 2.22213
3.76464 2.33259
3.9746 3.45283
2.86645 1.78742
2.61461 2.06992
2.43151 2.27531
2.89137 2.77591
2.65981 2.95611
2.29732 3.23821
1.97335 1.87811
1.90268 1.74712
1.56675 1.12444
0.941812 1.15817
0.516998 0.704052
0.323627 0.497342
0.0269116 -0.0173001
-0.0102878 -0.2979
P 0.858019 3.04922 -0.649418
T 0.659426 -0.0333152 -0.751031
N 0.750073 -0.0379045 0.660267
B 0.05047 0.998726 0
SketchPoints 160
-0.0102878 -0.2979
-0.0202433 -0.372996
-0.0306175 -0.435643
-0.0165073 -0.485013
0.010044 -0.533966
0.0739288 -0.581674
0.125382 -0.629801
0.188431 -0.652615
0.301292 -0.67377
0.363515 -0.671694
0.437795 -0.656754
0.500023 -0.654678
0.574689 -0.652185
0.67343 -0.62397
0.735246 -0.609446
0.796665 -0.582476
0.858036 -0.555506
0.919449 -0.528537
0.992895 -0.488705
1.05346 -0.436844
1.11403 -0.384979
1.17462 -0.333118
1.23558 -0.293701
1.28373 -0.242255
1.33185 -0.190808
1.39201 -0.126497
1.42811 -0.0879117
1.46419 -0.0493275
1.53679 0.0153957
1.57289 0.0539811
1.60897 0.0925657
1.64506 0.131151
1.73011 0.19629
1.76621 0.234875
1.81519 0.261431
1.87532 0.325741
1.94793 0.390464
2.00851 0.442326
2.08151 0.494605
2.15454 0.546882
2.21554 0.5863
2.2765 0.625715
2.34952 0.677991
2.41052 0.717407
2.49598 0.7701
2.56899 0.822378
2.66607 0.900379
2.71461 0.93938
2.77519 0.991242
2.82372 1.03024
2.88429 1.08211
2.93326 1.10866
2.99382 1.16052
3.05442 1.21239
3.11496 1.26425
3.17555 1.31611
3.22366 1.36756
3.28424 1.41942
3.344 1.49618
3.39211 1.54762
3.4282 1.58621
3.46386 1.63724
3.49914 1.70072
3.53439 1.76419
3.57009 1.81523
3.59291 1.87829
3.62817 1.94177
3.65056 2.01728
3.67379 2.06789
3.69659 2.13096
3.73104 2.21933
3.75387 2.28239
3.76464 2.33259
3.77502 2.39523
3.78581 2.44544
3.78251 2.54501
3.78042 2.60724
3.75303 2.68109
3.73894 2.73046
3.70033 2.76655
3.6518 2.72755
3.60325 2.68855
3.5543 2.662
3.48086 2.62216
3.4199 2.58275
3.37175 2.5313
3.27466 2.4533
3.21409 2.40143
3.16598 2.34999
3.11786 2.29854
3.05727 2.24668
3.00833 2.22012
2.94816 2.15582
2.87433 2.12843
2.82579 2.08943
2.72665 2.07366
2.66482 2.05914
2.61461 2.06992
2.6001 2.13174
2.58556 2.19355
2.59553 2.26865
2.60548 2.34375
2.62788 2.41925
2.65029 2.49476
2.66025 2.56986
2.67103 2.62005
2.69302 2.70801
2.70338 2.77066
2.70089 2.84533
2.68638 2.90716
2.65981 2.95611
2.60962 2.96689
2.54779 2.95237
2.48681 2.91295
2.42543 2.88599
2.38932 2.84739
2.32832 2.80798
2.29224 2.76939
2.25655 2.71837
2.23333 2.66775
2.19766 2.61672
2.1744 2.5661
2.13956 2.49018
2.11677 2.42711
2.10596 2.37691
2.09518 2.32671
2.08481 2.26406
2.07445 2.20142
2.06365 2.15122
2.04127 2.07571
2.03087 2.01306
2.00807 1.95
1.96076 1.87366
1.9259 1.79773
1.90268 1.74712
1.84376 1.64547
1.79565 1.59402
1.77242 1.5434
1.7247 1.47952
1.67658 1.42807
1.64049 1.38948
1.6044 1.3509
1.56828 1.31231
1.53219 1.27372
1.43552 1.18328
1.37453 1.14386
1.31358 1.10445
1.22729 1.07665
1.17831 1.05009
1.12895 1.03598
1.08 1.00943
1.03104 0.982876
0.957177 0.955489
0.896213 0.916073
0.810317 0.875825
0.761361 0.84927
0.675491 0.809026
0.614495 0.76961
0.553093 0.742638
0.516998 0.704052
BezierPoints 31
-0.0102878 -0.2979
-0.0821643 -0.840076
0.705533 -0.68533
0.992895 -0.488705
1.37024 -0.23051
1.6484 0.161582
2.00851 0.442326
2.48081 0.810535
3.13825 1.1116
3.46386 1.63724
3.53971 1.75969
3.60187 1.88269
3.65056 2.01728
3.68844 2.12201
3.74394 2.22213
3.76464 2.33259
3.9746 3.45283
2.86645 1.78742
2.61461 2.06992
2.43151 2.27531
2.89137 2.77591
2.65981 2.95611
2.29732 3.23821
1.97335 1.87811
1.90268 1.74712
1.56675 1.12444
0.941812 1.15817
0.516998 0.704052
0.323627 0.497342
0.0269116 -0.0173001
-0.0102878 -0.2979
P -0.858019 3.04922 -0.649418
T -0.05047 0.998726 0
N -0.750073 -0.0379045 0.660267
B -0.659426 -0.0333152 -0.751031
SketchPoints 160
-0.2979 -0.0102903
-0.372996 -0.0202464
-0.435644 -0.0306212
-0.485013 -0.0165114
-0.533966 0.0100395
-0.581674 0.0739239
-0.6298 0.125377
-0.652614 0.188426
-0.673768 0.301287
-0.67169 0.363509
-0.656751 0.437789
-0.654673 0.500018
-0.652181 0.574683
-0.623964 0.673425
-0.60944 0.735241
-0.582469 0.796661
-0.555499 0.858031
-0.528529 0.919445
-0.488697 0.992891
-0.436835 1.05345
-0.38497 1.11402
-0.333108 1.17462
-0.29369 1.23558
-0.242244 1.28372
-0.190797 1.33185
-0.126485 1.39201
-0.0878995 1.42811
-0.0493151 1.46419
0.0154088 1.53679
0.0539945 1.57289
0.0925794 1.60897
0.131165 1.64506
0.196305 1.73012
0.23489 1.76621
0.261446 1.81519
0.325757 1.87532
0.39048 1.94793
0.442343 2.00851
0.494622 2.08152
0.5469 2.15454
0.586319 2.21554
0.625735 2.27651
0.678011 2.34953
0.717427 2.41053
0.770121 2.49599
0.8224 2.569
0.900401 2.66608
0.939404 2.71462
0.991266 2.7752
1.03027 2.82373
1.08213 2.8843
1.10869 2.93327
1.16055 2.99383
1.21241 3.05443
1.26427 3.11497
1.31614 3.17556
1.36759 3.22368
1.41945 3.28425
1.4962 3.34401
1.54765 3.39212
1.58624 3.42822
1.63727 3.46387
1.70075 3.49915
1.76422 3.53441
1.81526 3.57011
1.87832 3.59292
1.9418 3.62819
2.01731 3.65057
2.06792 3.67381
2.13099 3.69661
2.21936 3.73106
2.28242 3.75389
2.33262 3.76466
2.39527 3.77504
2.44547 3.78583
2.54504 3.78253
2.60727 3.78044
2.68112 3.75305
2.73049 3.73897
2.76658 3.70036
2.72758 3.65182
2.68858 3.60328
2.66203 3.55432
2.62219 3.48088
2.58278 3.41993
2.53133 3.37177
2.45333 3.27468
2.40146 3.21412
2.35002 3.166
2.29857 3.11788
2.24671 3.05729
2.22015 3.00835
2.15584 2.94818
2.12845 2.87435
2.08946 2.82581
2.07369 2.72667
2.05916 2.66484
2.06995 2.61463
2.13176 2.60012
2.19358 2.58558
2.26867 2.59555
2.34377 2.6055
2.41928 2.6279
2.49479 2.65031
2.56988 2.66027
2.62008 2.67106
2.70803 2.69304
2.77068 2.7034
2.84536 2.70092
2.90718 2.6864
2.95613 2.65984
2.96692 2.60964
2.95239 2.54781
2.91297 2.48684
2.88601 2.42546
2.84742 2.38934
2.808 2.32834
2.76941 2.29226
2.71839 2.25657
2.66777 2.23335
2.61674 2.19768
2.56612 2.17443
2.4902 2.13959
2.42713 2.11679
2.37693 2.10598
2.32673 2.0952
2.26408 2.08483
2.20143 2.07447
2.15124 2.06367
2.07573 2.04128
2.01308 2.03088
1.95002 2.00808
1.87367 1.96078
1.79775 1.92592
1.74713 1.9027
1.64549 1.84377
1.59404 1.79567
1.54342 1.77243
1.47953 1.72471
1.42808 1.67659
1.3895 1.6405
1.35091 1.60441
1.31232 1.56829
1.27374 1.5322
1.18329 1.43553
1.14387 1.37454
1.10446 1.31359
1.07666 1.2273
1.0501 1.17832
1.03599 1.12896
1.00944 1.08001
0.982885 1.03105
0.955497 0.957185
0.916081 0.896221
0.875831 0.810324
0.849277 0.761369
0.809032 0.675498
0.769616 0.614502
0.742643 0.553099
0.704057 0.517004
BezierPoints 31
-0.2979 -0.0102903
-0.840077 -0.0821714
-0.685324 0.705528
-0.488697 0.992891
-0.230498 1.37024
0.161596 1.6484
0.442343 2.00851
0.810556 2.48082
1.11163 3.13826
1.63727 3.46387
1.75972 3.53972
1.88272 3.60188
2.01731 3.65057
2.12204 3.68846
2.22217 3.74396
2.33262 3.76466
3.45287 3.97463
1.78745 2.86646
2.06995 2.61463
2.27533 2.43153
2.77593 2.89139
2.95613 2.65984
3.23823 2.29735
1.87813 1.97337
1.74713 1.9027
1.12445 1.56676
1.15818 0.941822
0.704057 0.517004
0.497344 0.323631
-0.0172999 0.0269114
-0.2979 -0.0102903
