HeaderParameters 1
PlaneSketch 9
P 0 3 0
T 0 0 1
N 0 1 0
B 1 0 0
SketchPoints 72
-0.449811 2.08333
-0.516098 2.10227
-0.591856 2.0928
-0.686553 2.0928
-0.970644 2.07386
-1.18845 2.05492
-1.40625 2.00758
-1.64299 1.93182
-1.87973 1.82765
-2.12595 1.69508
-2.37216 1.54356
-2.61837 1.37311
-2.84564 1.16477
-3.05398 0.956439
-3.24337 0.767045
-3.41383 0.558712
-3.50852 0.350379
-3.56534 0.0378788
-3.58428 -0.132576
-3.58428 -0.293561
-3.56534 -0.445076
-3.52746 -0.63447
-3.48958 -0.823864
-3.43277 -1.01326
-3.36648 -1.20265
-3.28125 -1.35417
-3.19602 -1.51515
-3.09186 -1.66667
-2.96875 -1.82765
-2.67519 -2.07386
-2.46686 -2.17803
-2.23011 -2.27273
-1.99337 -2.32008
-1.70928 -2.35795
-1.42519 -2.35795
-1.16004 -2.35795
-0.913826 -2.35795
-0.667614 -2.33902
-0.421402 -2.32008
-0.175189 -2.30114
0.0710227 -2.27273
0.440341 -2.19697
0.629735 -2.10227
0.838068 -2.00758
1.08428 -1.89394
1.29261 -1.7803
1.50095 -1.64773
1.70928 -1.47727
1.85133 -1.30682
1.96496 -1.11742
2.05966 -0.918561
2.15436 -0.710227
2.22064 -0.482955
2.28693 -0.179924
2.32481 0
2.32481 0.208333
2.32481 0.407197
2.32481 0.568182
2.30587 0.729167
2.28693 0.880682
2.24905 1.04167
2.21117 1.19318
2.15436 1.33523
2.10701 1.48674
2.06913 1.63826
2.00284 1.78977
1.96496 1.875
1.8892 1.92235
1.81345 1.9697
1.7661 1.98864
1.69981 2.01705
1.64299 2.04545
BezierPoints 7
-2.23158 -0.127215
-2.21425 -2.82035
2.2103 -2.84514
2.09705 0.00318003
1.9943 2.58754
-2.24951 2.66066
-2.23158 -0.127215
P -0.693816 3 0.326707
T 0 -1 0
N -0.733891 0 -0.679268
B -0.679268 0 0.733891
SketchPoints 285
-0.27462 1.43698
-0.321969 1.4938
-0.378787 1.55059
-0.435606 1.61691
-0.492423 1.67371
-0.539772 1.72107
-0.58712 1.77789
-0.643939 1.8347
-0.691287 1.88203
-0.757575 1.93888
-0.823863 1.99568
-0.861742 2.03357
-0.90909 2.06198
-0.946969 2.09986
-1.0322 2.16614
-1.09848 2.22296
-1.13636 2.26085
-1.18371 2.29871
-1.23106 2.33659
-1.26894 2.37447
-1.31629 2.40289
-1.36364 2.45021
-1.40151 2.48811
-1.44886 2.526
-1.49621 2.57333
-1.55303 2.63015
-1.60038 2.67751
-1.6572 2.71538
-1.70455 2.7722
-1.76136 2.81955
-1.81818 2.87635
-1.86553 2.91424
-1.92235 2.96159
-1.9697 2.99947
-2.01705 3.02791
-2.06439 3.07524
-2.05492 3.13203
-2.01705 3.16993
-1.97917 3.21727
-1.95076 3.26464
-1.92235 3.31198
-1.875 3.34986
-1.82765 3.40667
-1.7803 3.454
-1.74242 3.4919
-1.64773 3.57714
-1.55303 3.68132
-1.45833 3.77597
-1.39205 3.8612
-1.31629 3.93697
-1.24053 3.9938
-1.20265 4.03167
-1.12689 4.10741
-1.05114 4.18318
-1.00379 4.23055
-0.92803 4.28736
-0.871211 4.34418
-0.823863 4.38205
-0.748106 4.43887
-0.691287 4.48623
-0.643939 4.52409
-0.606061 4.562
-0.558711 4.59986
-0.492423 4.65668
-0.397727 4.74188
-0.359848 4.77978
-0.28409 4.83658
-0.236742 4.87448
-0.189393 4.91235
-0.132576 4.9597
-0.0757577 4.99758
-0.0189385 5.03546
0.0662887 5.09228
0.142045 5.16803
0.217804 5.24379
0.293561 5.35743
0.35038 5.3953
0.397728 5.43318
0.435607 5.47108
0.501894 5.52789
0.558713 5.57524
0.63447 5.63206
0.700758 5.68887
0.748107 5.73622
0.823864 5.79305
0.861742 5.83092
0.909092 5.8688
0.95644 5.91615
0.994318 5.95403
1.05114 6.00137
1.11742 6.07713
1.18371 6.14341
1.24053 6.20024
1.28788 6.23812
1.36364 6.30438
1.43939 6.37068
1.49621 6.42752
1.59091 6.51275
1.63826 6.56009
1.69508 6.59797
1.76136 6.64531
1.79924 6.68319
1.88447 6.74948
1.94129 6.79682
2.00758 6.85364
2.07386 6.90098
2.12121 6.92941
2.16856 6.97676
2.23485 7.02409
2.30114 7.07146
2.36742 7.10932
2.41477 7.13775
2.47159 7.17561
2.51894 7.20401
2.56629 7.24191
2.61364 7.2703
2.67045 7.3082
2.7178 7.3366
2.76515 7.365
2.8125 7.4029
2.85985 7.43129
2.9072 7.45022
2.95455 7.46918
3.01136 7.47865
3.05871 7.45969
3.05871 7.4029
3.07765 7.34606
3.06818 7.28924
3.03977 7.23244
3.00189 7.17561
2.96402 7.11879
2.92614 7.08093
2.88826 7.04303
2.82197 7.00516
2.75568 6.96727
2.67992 6.91994
2.62311 6.89151
2.57576 6.86311
2.51894 6.83471
2.47159 6.8063
2.41477 6.78733
2.36742 6.75896
2.32008 6.73053
2.26326 6.70212
2.20644 6.66425
2.15909 6.63584
2.0928 6.5885
2.05492 6.55062
2.00758 6.51275
1.95076 6.46538
1.91288 6.42752
1.85606 6.38015
1.80871 6.34229
1.76136 6.30439
1.71402 6.276
1.66667 6.22865
1.61932 6.19077
1.57197 6.14341
1.52462 6.10555
1.48674 6.06766
1.43939 6.02032
1.39205 5.96349
1.33523 5.88773
1.29735 5.84039
1.25947 5.79305
1.21212 5.74569
1.16477 5.68887
1.12689 5.65098
1.07955 5.61312
1.0322 5.57524
0.96591 5.51842
0.928031 5.48053
0.880683 5.44266
0.833334 5.40477
0.767045 5.35743
0.710228 5.31008
0.65341 5.25327
0.615531 5.21539
0.558713 5.17751
0.501894 5.13017
0.454545 5.09228
0.407197 5.0544
0.369318 5.01652
0.33144 4.97865
0.265152 4.92183
0.208334 4.86501
0.142045 4.81767
0.0852282 4.76085
0.0378797 4.71349
-0.0284092 4.65668
-0.0852275 4.59986
-0.123106 4.56199
-0.170455 4.52409
-0.236742 4.46728
-0.27462 4.42938
-0.340909 4.38205
-0.407196 4.32524
-0.454545 4.28736
-0.501893 4.25894
-0.539772 4.22108
-0.577652 4.18317
-0.643939 4.13584
-0.691287 4.08847
-0.738636 4.03167
-0.785985 3.9938
-0.823863 3.95592
-0.880682 3.89911
-0.937499 3.85174
-0.984848 3.79494
-1.0322 3.75705
-1.09848 3.70024
-1.13636 3.66236
-1.18371 3.62448
-1.23106 3.59608
-1.26894 3.55818
-1.32576 3.5203
-1.37311 3.48243
-1.42992 3.43508
-1.47727 3.39721
-1.52462 3.36879
-1.57197 3.3309
-1.60985 3.29303
-1.63826 3.2457
-1.61932 3.19833
-1.59091 3.14153
-1.5625 3.09417
-1.52462 3.0563
-1.48674 2.99947
-1.44886 2.96159
-1.41098 2.92374
-1.36364 2.88583
-1.31629 2.85744
-1.27841 2.81955
-1.22159 2.79112
-1.16477 2.76274
-1.12689 2.72486
-1.07955 2.70591
-1.0322 2.67751
-0.975379 2.63016
-0.918561 2.59229
-0.861742 2.56386
-0.804923 2.52599
-0.748106 2.48811
-0.691287 2.44077
-0.634469 2.39342
-0.58712 2.35556
-0.549242 2.31765
-0.501893 2.28924
-0.454545 2.25138
-0.416666 2.21349
-0.359848 2.16614
-0.312499 2.11877
-0.27462 2.08092
-0.236742 2.04303
-0.198863 1.99568
-0.160985 1.9578
-0.123106 1.91993
-0.0852275 1.87256
-0.037879 1.82523
-2.38419e-07 1.78733
0.0378797 1.74948
0.0757585 1.71159
0.104167 1.66424
0.142045 1.62636
0.170455 1.56956
0.189394 1.52221
0.208334 1.47486
0.217804 1.40857
0.217804 1.35177
0.227273 1.29492
0.227273 1.23812
0.217804 1.17183
0.208334 1.10554
0.208334 1.04871
0.208334 0.991893
0.198864 0.935092
0.179924 0.887713
0.160986 0.830917
0.142045 0.78357
0.104167 0.745691
0.0473483 0.717272
-0.00946879 0.698365
-0.066287 0.688874
-0.123106 0.688874
-0.170455 0.707818
BezierPoints 19
-0.27462 1.43698
-0.352758 2.04629
-2.05294 2.95391
-2.06439 3.07524
-2.0767 3.20554
3.005 12.1522
3.005 12.0494
3.005 11.9539
-1.95239 3.21502
-1.92788 3.08077
-1.90434 2.95185
-0.251253 2.11934
0.120277 1.6416
0.292198 1.42053
0.610686 0.680709
0.051754 0.703539
-0.538987 0.72767
-0.251198 1.25433
-0.27462 1.43698
P 0.693816 3 0.326707
T 0.679268 0 0.733891
N 0.733891 0 -0.679268
B 0 -1 0
SketchPoints 285
1.43698 -0.27462
1.4938 -0.321969
1.55059 -0.378787
1.61691 -0.435606
1.67371 -0.492423
1.72107 -0.539772
1.77789 -0.58712
1.8347 -0.643939
1.88203 -0.691287
1.93888 -0.757575
1.99568 -0.823863
2.03357 -0.861742
2.06198 -0.90909
2.09986 -0.946969
2.16614 -1.0322
2.22296 -1.09848
2.26085 -1.13636
2.29871 -1.18371
2.33659 -1.23106
2.37447 -1.26894
2.40289 -1.31629
2.45021 -1.36364
2.48811 -1.40151
2.526 -1.44886
2.57333 -1.49621
2.63015 -1.55303
2.67751 -1.60038
2.71538 -1.6572
2.7722 -1.70455
2.81955 -1.76136
2.87635 -1.81818
2.91424 -1.86553
2.96159 -1.92235
2.99947 -1.9697
3.02791 -2.01705
3.07524 -2.06439
3.13203 -2.05492
3.16993 -2.01705
3.21727 -1.97917
3.26464 -1.95076
3.31198 -1.92235
3.34986 -1.875
3.40667 -1.82765
3.454 -1.7803
3.4919 -1.74242
3.57714 -1.64773
3.68132 -1.55303
3.77597 -1.45833
3.8612 -1.39205
3.93697 -1.31629
3.9938 -1.24053
4.03167 -1.20265
4.10741 -1.12689
4.18318 -1.05114
4.23055 -1.00379
4.28736 -0.92803
4.34418 -0.871211
4.38205 -0.823863
4.43887 -0.748106
4.48623 -0.691287
4.52409 -0.643939
4.562 -0.606061
4.59986 -0.558711
4.65668 -0.492423
4.74188 -0.397727
4.77978 -0.359848
4.83658 -0.28409
4.87448 -0.236742
4.91235 -0.189393
4.9597 -0.132576
4.99758 -0.0757577
5.03546 -0.0189385
5.09228 0.0662887
5.16803 0.142045
5.24379 0.217804
5.35743 0.293561
5.3953 0.35038
5.43318 0.397728
5.47108 0.435607
5.52789 0.501894
5.57524 0.558713
5.63206 0.63447
5.68887 0.700758
5.73622 0.748107
5.79305 0.823864
5.83092 0.861742
5.8688 0.909092
5.91615 0.95644
5.95403 0.994318
6.00137 1.05114
6.07713 1.11742
6.14341 1.18371
6.20024 1.24053
6.23812 1.28788
6.30438 1.36364
6.37068 1.43939
6.42752 1.49621
6.51275 1.59091
6.56009 1.63826
6.59797 1.69508
6.64531 1.76136
6.68319 1.79924
6.74948 1.88447
6.79682 1.94129
6.85364 2.00758
6.90098 2.07386
6.92941 2.12121
6.97676 2.16856
7.02409 2.23485
7.07146 2.30114
7.10932 2.36742
7.13775 2.41477
7.17561 2.47159
7.20401 2.51894
7.24191 2.56629
7.2703 2.61364
7.3082 2.67045
7.3366 2.7178
7.365 2.76515
7.4029 2.8125
7.43129 2.85985
7.45022 2.9072
7.46918 2.95455
7.47866 3.01136
7.45969 3.05871
7.4029 3.05871
7.34606 3.07765
7.28924 3.06818
7.23244 3.03977
7.17561 3.00189
7.11879 2.96402
7.08093 2.92614
7.04303 2.88826
7.00516 2.82197
6.96727 2.75568
6.91994 2.67992
6.89151 2.62311
6.86311 2.57576
6.83471 2.51894
6.8063 2.47159
6.78733 2.41477
6.75896 2.36742
6.73053 2.32008
6.70212 2.26326
6.66425 2.20644
6.63584 2.15909
6.5885 2.0928
6.55062 2.05492
6.51275 2.00758
6.46538 1.95076
6.42752 1.91288
6.38015 1.85606
6.34229 1.80871
6.30439 1.76136
6.276 1.71402
6.22865 1.66667
6.19077 1.61932
6.14341 1.57197
6.10555 1.52462
6.06766 1.48674
6.02032 1.43939
5.96349 1.39205
5.88773 1.33523
5.84039 1.29735
5.79305 1.25947
5.74569 1.21212
5.68887 1.16477
5.65098 1.12689
5.61312 1.07955
5.57524 1.0322
5.51842 0.96591
5.48053 0.928031
5.44266 0.880683
5.40477 0.833334
5.35743 0.767045
5.31008 0.710228
5.25327 0.65341
5.21539 0.615531
5.17751 0.558713
5.13017 0.501894
5.09228 0.454545
5.0544 0.407197
5.01652 0.369318
4.97865 0.33144
4.92183 0.265152
4.86501 0.208334
4.81767 0.142045
4.76085 0.0852282
4.71349 0.0378797
4.65668 -0.0284092
4.59986 -0.0852275
4.56199 -0.123106
4.52409 -0.170455
4.46728 -0.236742
4.42938 -0.27462
4.38205 -0.340909
4.32524 -0.407196
4.28736 -0.454545
4.25894 -0.501893
4.22108 -0.539772
4.18317 -0.577652
4.13584 -0.643939
4.08847 -0.691287
4.03167 -0.738636
3.9938 -0.785985
3.95592 -0.823863
3.89911 -0.880682
3.85174 -0.937499
3.79494 -0.984848
3.75705 -1.0322
3.70024 -1.09848
3.66236 -1.13636
3.62448 -1.18371
3.59608 -1.23106
3.55818 -1.26894
3.5203 -1.32576
3.48243 -1.37311
3.43508 -1.42992
3.39721 -1.47727
3.36879 -1.52462
3.3309 -1.57197
3.29303 -1.60985
3.2457 -1.63826
3.19833 -1.61932
3.14153 -1.59091
3.09417 -1.5625
3.0563 -1.52462
2.99947 -1.48674
2.96159 -1.44886
2.92374 -1.41098
2.88583 -1.36364
2.85744 -1.31629
2.81955 -1.27841
2.79112 -1.22159
2.76274 -1.16477
2.72486 -1.12689
2.70591 -1.07955
2.67751 -1.0322
2.63016 -0.975379
2.59229 -0.918561
2.56386 -0.861742
2.52599 -0.804923
2.48811 -0.748106
2.44077 -0.691287
2.39342 -0.634469
2.35556 -0.58712
2.31765 -0.549242
2.28924 -0.501893
2.25138 -0.454545
2.21349 -0.416666
2.16614 -0.359848
2.11877 -0.312499
2.08092 -0.27462
2.04303 -0.236742
1.99568 -0.198863
1.9578 -0.160985
1.91993 -0.123106
1.87256 -0.0852275
1.82523 -0.037879
1.78733 -2.38419e-07
1.74948 0.0378797
1.71159 0.0757585
1.66424 0.104167
1.62636 0.142045
1.56956 0.170455
1.52221 0.189394
1.47486 0.208334
1.40857 0.217804
1.35177 0.217804
1.29492 0.227273
1.23812 0.227273
1.17183 0.217804
1.10554 0.208334
1.04871 0.208334
0.991893 0.208334
0.935092 0.198864
0.887713 0.179924
0.830917 0.160986
0.78357 0.142045
0.745691 0.104167
0.717272 0.0473483
0.698365 -0.00946879
0.688874 -0.066287
0.688874 -0.123106
0.707818 -0.170455
BezierPoints 19
1.43698 -0.27462
2.04629 -0.352758
2.95391 -2.05294
3.07524 -2.06439
3.20554 -2.0767
12.1522 3.005
12.0494 3.005
11.9539 3.005
3.21502 -1.95239
3.08077 -1.92788
2.95185 -1.90434
2.11934 -0.251253
1.6416 0.120277
1.42053 0.292198
0.680709 0.610686
0.70354 0.051754
0.72767 -0.538987
1.25433 -0.251198
1.43698 -0.27462
P -0.693816 3 -0.326707
T -0.679268 0 -0.733891
N -0.733891 0 0.679268
B 0 -1 0
SketchPoints 285
1.43698 -0.27462
1.4938 -0.321969
1.55059 -0.378787
1.61691 -0.435606
1.67371 -0.492423
1.72107 -0.539772
1.77789 -0.58712
1.8347 -0.643939
1.88203 -0.691287
1.93888 -0.757575
1.99568 -0.823863
2.03357 -0.861742
2.06198 -0.90909
2.09986 -0.946969
2.16614 -1.0322
2.22296 -1.09848
2.26085 -1.13636
2.29871 -1.18371
2.33659 -1.23106
2.37447 -1.26894
2.40289 -1.31629
2.45021 -1.36364
2.48811 -1.40151
2.526 -1.44886
2.57333 -1.49621
2.63015 -1.55303
2.67751 -1.60038
2.71538 -1.6572
2.7722 -1.70455
2.81955 -1.76136
2.87635 -1.81818
2.91424 -1.86553
2.96159 -1.92235
2.99947 -1.9697
3.02791 -2.01705
3.07524 -2.06439
3.13203 -2.05492
3.16993 -2.01705
3.21727 -1.97917
3.26464 -1.95076
3.31198 -1.92235
3.34986 -1.875
3.40667 -1.82765
3.454 -1.7803
3.4919 -1.74242
3.57714 -1.64773
3.68132 -1.55303
3.77597 -1.45833
3.8612 -1.39205
3.93697 -1.31629
3.9938 -1.24053
4.03167 -1.20265
4.10741 -1.12689
4.18318 -1.05114
4.23055 -1.00379
4.28736 -0.92803
4.34418 -0.871211
4.38205 -0.823863
4.43887 -0.748106
4.48623 -0.691287
4.52409 -0.643939
4.562 -0.606061
4.59986 -0.558711
4.65668 -0.492423
4.74188 -0.397727
4.77978 -0.359848
4.83658 -0.28409
4.87448 -0.236742
4.91235 -0.189393
4.9597 -0.132576
4.99758 -0.0757577
5.03546 -0.0189385
5.09228 0.0662887
5.16803 0.142045
5.24379 0.217804
5.35743 0.293561
5.3953 0.35038
5.43318 0.397728
5.47108 0.435607
5.52789 0.501894
5.57524 0.558713
5.63206 0.63447
5.68887 0.700758
5.73622 0.748107
5.79305 0.823864
5.83092 0.861742
5.8688 0.909092
5.91615 0.95644
5.95403 0.994318
6.00137 1.05114
6.07713 1.11742
6.14341 1.18371
6.20024 1.24053
6.23812 1.28788
6.30438 1.36364
6.37068 1.43939
6.42752 1.49621
6.51275 1.59091
6.56009 1.63826
6.59797 1.69508
6.64531 1.76136
6.68319 1.79924
6.74948 1.88447
6.79682 1.94129
6.85364 2.00758
6.90098 2.07386
6.92941 2.12121
6.97676 2.16856
7.02409 2.23485
7.07146 2.30114
7.10932 2.36742
7.13775 2.41477
7.17561 2.47159
7.20401 2.51894
7.24191 2.56629
7.2703 2.61364
7.3082 2.67045
7.3366 2.7178
7.365 2.76515
7.4029 2.8125
7.43129 2.85985
7.45022 2.9072
7.46918 2.95455
7.47866 3.01136
7.45969 3.05871
7.4029 3.05871
7.34606 3.07765
7.28924 3.06818
7.23244 3.03977
7.17561 3.00189
7.11879 2.96402
7.08093 2.92614
7.04303 2.88826
7.00516 2.82197
6.96727 2.75568
6.91994 2.67992
6.89151 2.62311
6.86311 2.57576
6.83471 2.51894
6.8063 2.47159
6.78733 2.41477
6.75896 2.36742
6.73053 2.32008
6.70212 2.26326
6.66425 2.20644
6.63584 2.15909
6.5885 2.0928
6.55062 2.05492
6.51275 2.00758
6.46538 1.95076
6.42752 1.91288
6.38015 1.85606
6.34229 1.80871
6.30439 1.76136
6.276 1.71402
6.22865 1.66667
6.19077 1.61932
6.14341 1.57197
6.10555 1.52462
6.06766 1.48674
6.02032 1.43939
5.96349 1.39205
5.88773 1.33523
5.84039 1.29735
5.79305 1.25947
5.74569 1.21212
5.68887 1.16477
5.65098 1.12689
5.61312 1.07955
5.57524 1.0322
5.51842 0.96591
5.48053 0.928031
5.44266 0.880683
5.40477 0.833334
5.35743 0.767045
5.31008 0.710228
5.25327 0.65341
5.21539 0.615531
5.17751 0.558713
5.13017 0.501894
5.09228 0.454545
5.0544 0.407197
5.01652 0.369318
4.97865 0.33144
4.92183 0.265152
4.86501 0.208334
4.81767 0.142045
4.76085 0.0852282
4.71349 0.0378797
4.65668 -0.0284092
4.59986 -0.0852275
4.56199 -0.123106
4.52409 -0.170455
4.46728 -0.236742
4.42938 -0.27462
4.38205 -0.340909
4.32524 -0.407196
4.28736 -0.454545
4.25894 -0.501893
4.22108 -0.539772
4.18317 -0.577652
4.13584 -0.643939
4.08847 -0.691287
4.03167 -0.738636
3.9938 -0.785985
3.95592 -0.823863
3.89911 -0.880682
3.85174 -0.937499
3.79494 -0.984848
3.75705 -1.0322
3.70024 -1.09848
3.66236 -1.13636
3.62448 -1.18371
3.59608 -1.23106
3.55818 -1.26894
3.5203 -1.32576
3.48243 -1.37311
3.43508 -1.42992
3.39721 -1.47727
3.36879 -1.52462
3.3309 -1.57197
3.29303 -1.60985
3.2457 -1.63826
3.19833 -1.61932
3.14153 -1.59091
3.09417 -1.5625
3.0563 -1.52462
2.99947 -1.48674
2.96159 -1.44886
2.92374 -1.41098
2.88583 -1.36364
2.85744 -1.31629
2.81955 -1.27841
2.79112 -1.22159
2.76274 -1.16477
2.72486 -1.12689
2.70591 -1.07955
2.67751 -1.0322
2.63016 -0.975379
2.59229 -0.918561
2.56386 -0.861742
2.52599 -0.804923
2.48811 -0.748106
2.44077 -0.691287
2.39342 -0.634469
2.35556 -0.58712
2.31765 -0.549242
2.28924 -0.501893
2.25138 -0.454545
2.21349 -0.416666
2.16614 -0.359848
2.11877 -0.312499
2.08092 -0.27462
2.04303 -0.236742
1.99568 -0.198863
1.9578 -0.160985
1.91993 -0.123106
1.87256 -0.0852275
1.82523 -0.037879
1.78733 -2.38419e-07
1.74948 0.0378797
1.71159 0.0757585
1.66424 0.104167
1.62636 0.142045
1.56956 0.170455
1.52221 0.189394
1.47486 0.208334
1.40857 0.217804
1.35177 0.217804
1.29492 0.227273
1.23812 0.227273
1.17183 0.217804
1.10554 0.208334
1.04871 0.208334
0.991893 0.208334
0.935092 0.198864
0.887713 0.179924
0.830917 0.160986
0.78357 0.142045
0.745691 0.104167
0.717272 0.0473483
0.698365 -0.00946879
0.688874 -0.066287
0.688874 -0.123106
0.707818 -0.170455
BezierPoints 19
1.43698 -0.27462
2.04629 -0.352758
2.95391 -2.05294
3.07524 -2.06439
3.20554 -2.0767
12.1522 3.005
12.0494 3.005
11.9539 3.005
3.21502 -1.95239
3.08077 -1.92788
2.95185 -1.90434
2.11934 -0.251253
1.6416 0.120277
1.42053 0.292198
0.680709 0.610686
0.70354 0.051754
0.72767 -0.538987
1.25433 -0.251198
1.43698 -0.27462
P 0.693816 3 -0.326707
T 0 -1 0
N 0.733891 0 0.679268
B 0.679268 0 -0.733891
SketchPoints 285
-0.27462 1.43698
-0.321969 1.4938
-0.378787 1.55059
-0.435606 1.61691
-0.492423 1.67371
-0.539772 1.72107
-0.58712 1.77789
-0.643939 1.8347
-0.691287 1.88203
-0.757575 1.93888
-0.823863 1.99568
-0.861742 2.03357
-0.90909 2.06198
-0.946969 2.09986
-1.0322 2.16614
-1.09848 2.22296
-1.13636 2.26085
-1.18371 2.29871
-1.23106 2.33659
-1.26894 2.37447
-1.31629 2.40289
-1.36364 2.45021
-1.40151 2.48811
-1.44886 2.526
-1.49621 2.57333
-1.55303 2.63015
-1.60038 2.67751
-1.6572 2.71538
-1.70455 2.7722
-1.76136 2.81955
-1.81818 2.87635
-1.86553 2.91424
-1.92235 2.96159
-1.9697 2.99947
-2.01705 3.02791
-2.06439 3.07524
-2.05492 3.13203
-2.01705 3.16993
-1.97917 3.21727
-1.95076 3.26464
-1.92235 3.31198
-1.875 3.34986
-1.82765 3.40667
-1.7803 3.454
-1.74242 3.4919
-1.64773 3.57714
-1.55303 3.68132
-1.45833 3.77597
-1.39205 3.8612
-1.31629 3.93697
-1.24053 3.9938
-1.20265 4.03167
-1.12689 4.10741
-1.05114 4.18318
-1.00379 4.23055
-0.92803 4.28736
-0.871211 4.34418
-0.823863 4.38205
-0.748106 4.43887
-0.691287 4.48623
-0.643939 4.52409
-0.606061 4.562
-0.558711 4.59986
-0.492423 4.65668
-0.397727 4.74188
-0.359848 4.77978
-0.28409 4.83658
-0.236742 4.87448
-0.189393 4.91235
-0.132576 4.9597
-0.0757577 4.99758
-0.0189385 5.03546
0.0662887 5.09228
0.142045 5.16803
0.217804 5.24379
0.293561 5.35743
0.35038 5.3953
0.397728 5.43318
0.435607 5.47108
0.501894 5.52789
0.558713 5.57524
0.63447 5.63206
0.700758 5.68887
0.748107 5.73622
0.823864 5.79305
0.861742 5.83092
0.909092 5.8688
0.95644 5.91615
0.994318 5.95403
1.05114 6.00137
1.11742 6.07713
1.18371 6.14341
1.24053 6.20024
1.28788 6.23812
1.36364 6.30438
1.43939 6.37068
1.49621 6.42752
1.59091 6.51275
1.63826 6.56009
1.69508 6.59797
1.76136 6.64531
1.79924 6.68319
1.88447 6.74948
1.94129 6.79682
2.00758 6.85365
2.07386 6.90098
2.12121 6.92941
2.16856 6.97676
2.23485 7.02409
2.30114 7.07146
2.36742 7.10932
2.41477 7.13775
2.47159 7.17561
2.51894 7.20401
2.56629 7.24191
2.61364 7.2703
2.67045 7.3082
2.7178 7.3366
2.76515 7.365
2.8125 7.4029
2.85985 7.43129
2.9072 7.45022
2.95455 7.46918
3.01136 7.47866
3.05871 7.45969
3.05871 7.4029
3.07765 7.34606
3.06818 7.28924
3.03977 7.23244
3.00189 7.17561
2.96402 7.11879
2.92614 7.08093
2.88826 7.04303
2.82197 7.00516
2.75568 6.96727
2.67992 6.91994
2.62311 6.89151
2.57576 6.86311
2.51894 6.83471
2.47159 6.8063
2.41477 6.78733
2.36742 6.75896
2.32008 6.73053
2.26326 6.70212
2.20644 6.66425
2.15909 6.63584
2.0928 6.5885
2.05492 6.55062
2.00758 6.51275
1.95076 6.46538
1.91288 6.42752
1.85606 6.38015
1.80871 6.34229
1.76136 6.30439
1.71402 6.276
1.66667 6.22865
1.61932 6.19077
1.57197 6.14341
1.52462 6.10555
1.48674 6.06766
1.43939 6.02032
1.39205 5.96349
1.33523 5.88773
1.29735 5.84039
1.25947 5.79305
1.21212 5.74569
1.16477 5.68887
1.12689 5.65098
1.07955 5.61312
1.0322 5.57524
0.96591 5.51842
0.928031 5.48053
0.880683 5.44266
0.833334 5.40477
0.767045 5.35743
0.710228 5.31008
0.65341 5.25327
0.615531 5.21539
0.558713 5.17751
0.501894 5.13017
0.454545 5.09228
0.407197 5.0544
0.369318 5.01652
0.33144 4.97865
0.265152 4.92183
0.208334 4.86501
0.142045 4.81767
0.0852282 4.76085
0.0378797 4.71349
-0.0284092 4.65668
-0.0852275 4.59986
-0.123106 4.56199
-0.170455 4.52409
-0.236742 4.46728
-0.27462 4.42938
-0.340909 4.38205
-0.407196 4.32524
-0.454545 4.28736
-0.501893 4.25894
-0.539772 4.22108
-0.577652 4.18317
-0.643939 4.13584
-0.691287 4.08847
-0.738636 4.03167
-0.785985 3.9938
-0.823863 3.95592
-0.880682 3.89911
-0.937499 3.85174
-0.984848 3.79494
-1.0322 3.75705
-1.09848 3.70024
-1.13636 3.66236
-1.18371 3.62448
-1.23106 3.59608
-1.26894 3.55818
-1.32576 3.5203
-1.37311 3.48243
-1.42992 3.43508
-1.47727 3.39721
-1.52462 3.36879
-1.57197 3.3309
-1.60985 3.29303
-1.63826 3.2457
-1.61932 3.19833
-1.59091 3.14153
-1.5625 3.09417
-1.52462 3.0563
-1.48674 2.99947
-1.44886 2.96159
-1.41098 2.92374
-1.36364 2.88583
-1.31629 2.85744
-1.27841 2.81955
-1.22159 2.79112
-1.16477 2.76274
-1.12689 2.72486
-1.07955 2.70591
-1.0322 2.67751
-0.975379 2.63016
-0.918561 2.59229
-0.861742 2.56386
-0.804923 2.52599
-0.748106 2.48811
-0.691287 2.44077
-0.634469 2.39342
-0.58712 2.35556
-0.549242 2.31765
-0.501893 2.28924
-0.454545 2.25138
-0.416666 2.21349
-0.359848 2.16614
-0.312499 2.11877
-0.27462 2.08092
-0.236742 2.04303
-0.198863 1.99568
-0.160985 1.9578
-0.123106 1.91993
-0.0852275 1.87256
-0.037879 1.82523
-2.38419e-07 1.78733
0.0378797 1.74948
0.0757585 1.71159
0.104167 1.66424
0.142045 1.62636
0.170455 1.56956
0.189394 1.52221
0.208334 1.47486
0.217804 1.40857
0.217804 1.35177
0.227273 1.29492
0.227273 1.23812
0.217804 1.17183
0.208334 1.10554
0.208334 1.04871
0.208334 0.991893
0.198864 0.935092
0.179924 0.887713
0.160986 0.830917
0.142045 0.78357
0.104167 0.745691
0.0473483 0.717272
-0.00946879 0.698365
-0.066287 0.688874
-0.123106 0.688874
-0.170455 0.707818
BezierPoints 19
-0.27462 1.43698
-0.352758 2.04629
-2.05294 2.95391
-2.06439 3.07524
-2.0767 3.20554
3.005 12.1522
3.005 12.0494
3.005 11.9539
-1.95239 3.21502
-1.92788 3.08077
-1.90434 2.95185
-0.251253 2.11934
0.120277 1.6416
0.292198 1.42053
0.610686 0.680709
0.051754 0.70354
-0.538987 0.72767
-0.251198 1.25433
-0.27462 1.43698
P -0.12566 3.00001 0.791773
T 0 -1 0
N -1 0 0.000108313
B 0.000108313 -5.85477e-06 1
SketchPoints 113
-0.258882 0.362473
-0.31066 0.379732
-0.362439 0.405621
-0.440105 0.440139
-0.509142 0.474658
-0.56955 0.509175
-0.621329 0.535065
-0.681737 0.569582
-0.750773 0.62136
-0.82844 0.673138
-0.897478 0.716285
-0.992404 0.785323
-1.04418 0.819841
-1.09596 0.862989
-1.14774 0.897507
-1.20815 0.940655
-1.26855 0.992433
-1.33759 1.04421
-1.38074 1.11325
-1.41526 1.1564
-1.46704 1.2168
-1.50156 1.3031
-1.52744 1.34625
-1.55333 1.39803
-1.57059 1.4498
-1.59648 1.52747
-1.62237 1.61377
-1.63963 1.70869
-1.64826 1.78636
-1.65689 1.86403
-1.67415 1.97621
-1.68278 2.10566
-1.70004 2.2351
-1.70004 2.34729
-1.7173 2.45084
-1.7173 2.51988
-1.70867 2.57166
-1.70867 2.68384
-1.70004 2.73562
-1.68278 2.80466
-1.66552 2.88233
-1.65689 2.96862
-1.631 3.05492
-1.60511 3.14985
-1.57922 3.22751
-1.53607 3.29655
-1.49292 3.35696
-1.44978 3.41737
-1.398 3.46915
-1.35485 3.52092
-1.30307 3.55544
-1.25129 3.59859
-1.20815 3.62448
-1.165 3.659
-1.09596 3.70215
-1.04418 3.72804
-0.983774 3.75393
-0.914737 3.77982
-0.845699 3.79707
-0.785292 3.81434
-0.724884 3.82296
-0.664476 3.8316
-0.612698 3.8316
-0.560921 3.8316
-0.509142 3.82297
-0.431475 3.79708
-0.362439 3.77119
-0.293401 3.72804
-0.241623 3.68489
-0.189845 3.65038
-0.138067 3.61586
-0.0862899 3.57271
-0.0345109 3.52093
7.86781e-06 3.47778
0.0517848 3.426
0.0949342 3.39149
0.138083 3.35697
0.172601 3.31382
0.224379 3.25341
0.276157 3.20164
0.327934 3.12397
0.396972 3.01178
0.466009 2.89097
0.535047 2.76152
0.612714 2.62345
0.690381 2.48538
0.724899 2.36456
0.768048 2.25238
0.802566 2.14882
0.845714 2.04526
0.871604 1.93308
0.897493 1.86404
0.923381 1.77774
0.940641 1.72597
0.949271 1.67419
0.957901 1.61378
0.96653 1.55337
0.97516 1.49297
0.983788 1.40667
0.97516 1.35489
0.957901 1.27723
0.949271 1.19093
0.923381 1.11326
0.888863 1.02696
0.871604 0.975186
0.837085 0.897518
0.802566 0.84574
0.750789 0.776703
0.71627 0.724925
0.681751 0.664517
0.638603 0.621369
0.612714 0.57822
0.578195 0.535072
BezierPoints 13
-0.10886 -0.434896
-0.798339 -0.446292
-1.25086 0.849315
-1.46704 1.2168
-1.93816 2.01769
-1.86953 3.58199
-0.785292 3.81434
-0.297457 3.91888
0.172904 3.3899
0.396972 3.01178
0.888537 2.18227
0.883067 -0.418501
-0.10886 -0.434896
P -0.125328 4.04876 3.81234
T 1 0 -0.000108313
N 9.7501e-05 -0.435526 0.900176
B 1.44467e-05 0.900176 0.435526
SketchPoints 180
-0.284781 0.285927
-0.353818 0.354966
-0.414226 0.41539
-0.457374 0.475797
-0.500522 0.536193
-0.526412 0.588004
-0.56093 0.639781
-0.58682 0.682929
-0.612709 0.734706
-0.655857 0.803746
-0.690376 0.855512
-0.724894 0.907289
-0.759413 0.959056
-0.802561 1.0281
-0.83708 1.07989
-0.880228 1.13165
-0.923376 1.18344
-0.966525 1.26112
-1.00967 1.31291
-1.04419 1.36466
-1.07008 1.41645
-1.12186 1.47687
-1.15638 1.52864
-1.20816 1.58905
-1.25993 1.64947
-1.31171 1.70124
-1.36349 1.76164
-1.39801 1.82204
-1.44116 1.86522
-1.47568 1.90837
-1.51882 1.96876
-1.56197 2.01191
-1.58786 2.06368
-1.62238 2.10684
-1.64827 2.1586
-1.68279 2.2104
-1.70868 2.25355
-1.73457 2.2967
-1.75182 2.34846
-1.77771 2.39164
-1.8036 2.45204
-1.82086 2.51246
-1.83812 2.56422
-1.83812 2.616
-1.77771 2.59009
-1.7432 2.54694
-1.70005 2.50381
-1.66553 2.46067
-1.62238 2.40886
-1.57923 2.3571
-1.53608 2.30532
-1.51019 2.26216
-1.47568 2.21904
-1.44979 2.17589
-1.41527 2.12411
-1.37212 2.05507
-1.3376 1.98602
-1.30308 1.93424
-1.26856 1.88247
-1.23405 1.83068
-1.19953 1.76164
-1.15638 1.70123
-1.13049 1.65808
-1.09597 1.61493
-1.07008 1.57179
-1.03556 1.52865
-1.00104 1.46823
-0.966525 1.42508
-0.932007 1.38194
-0.906117 1.33015
-0.880228 1.28701
-0.82845 1.21796
-0.793932 1.1662
-0.759413 1.10576
-0.733524 1.06262
-0.690375 1.01083
-0.647227 0.959065
-0.604079 0.907284
-0.56956 0.864123
-0.535042 0.820986
-0.491893 0.777835
-0.457374 0.734702
-0.414226 0.700167
-0.371078 0.648386
-0.3193 0.605236
-0.276151 0.553445
-0.233003 0.527571
-0.189855 0.493063
-0.146706 0.458515
-0.0949284 0.432637
0.0949284 0.432637
0.146706 0.458515
0.189855 0.493063
0.233003 0.527571
0.276151 0.553445
0.3193 0.605236
0.371078 0.648386
0.414226 0.700167
0.457374 0.734702
0.491893 0.777835
0.535042 0.820986
0.56956 0.864123
0.604079 0.907284
0.647227 0.959065
0.690375 1.01083
0.733524 1.06262
0.759413 1.10576
0.793932 1.1662
0.82845 1.21796
0.880228 1.28701
0.906117 1.33015
0.932007 1.38194
0.966525 1.42508
1.00104 1.46823
1.03556 1.52865
1.07008 1.57179
1.09597 1.61493
1.13049 1.65808
1.15638 1.70123
1.19953 1.76164
1.23405 1.83068
1.26856 1.88247
1.30308 1.93424
1.3376 1.98602
1.37212 2.05507
1.41527 2.12411
1.44979 2.17589
1.47568 2.21904
1.51019 2.26216
1.53608 2.30532
1.57923 2.3571
1.62238 2.40886
1.66553 2.46067
1.70005 2.50381
1.7432 2.54694
1.77771 2.59009
1.83812 2.616
1.83812 2.56422
1.82086 2.51246
1.8036 2.45204
1.77771 2.39164
1.75182 2.34846
1.73457 2.2967
1.70868 2.25355
1.68279 2.2104
1.64827 2.1586
1.62238 2.10684
1.58786 2.06368
1.56197 2.01191
1.51882 1.96876
1.47568 1.90837
1.44116 1.86522
1.39801 1.82204
1.36349 1.76164
1.31171 1.70124
1.25993 1.64947
1.20816 1.58905
1.15638 1.52864
1.12186 1.47687
1.07008 1.41645
1.04419 1.36466
1.00967 1.31291
0.966525 1.26112
0.923376 1.18344
0.880228 1.13165
0.83708 1.07989
0.802561 1.0281
0.759413 0.959056
0.724894 0.907289
0.690376 0.855512
0.655857 0.803746
0.612709 0.734706
0.58682 0.682929
0.56093 0.639781
0.526412 0.588004
0.500522 0.536193
0.457374 0.475797
0.414226 0.41539
0.353818 0.354966
0.284781 0.285927
BezierPoints 16
-0.237216 0.252867
-0.712192 0.727855
-3.00014 3.97372
-2.92535 4.00575
-2.80814 4.05595
-0.479719 0.62108
-0.0539542 0.629175
0.4211 0.638208
2.97604 4.21562
3.07633 4.17267
3.15112 4.14065
0.759757 0.760915
0.284781 0.285927
0.184097 0.185241
-0.136532 0.15218
-0.237216 0.252867
P -0.208429 2.99999 -0.201259
T 0 -1 0
N 0.999864 0 0.0165202
B 0.0165202 3.8065e-06 -0.999864
SketchPoints 258
-0.505364 0.610221
-0.540215 0.662499
-0.592494 0.74963
-0.627345 0.801908
-0.644772 0.854186
-0.662198 0.906465
-0.714477 0.976169
-0.731903 1.02845
-0.766755 1.09815
-0.78418 1.16786
-0.819033 1.25499
-0.853885 1.30726
-0.87131 1.35954
-0.888737 1.41182
-0.923589 1.49895
-0.95844 1.58608
-0.993294 1.69064
-1.02815 1.74292
-1.04557 1.7952
-1.08042 1.88233
-1.11528 1.9346
-1.11528 1.98688
-1.15013 2.03916
-1.16755 2.09144
-1.18498 2.14372
-1.21983 2.23085
-1.23726 2.28313
-1.25468 2.3354
-1.27211 2.38768
-1.30696 2.45739
-1.32439 2.56194
-1.35924 2.63165
-1.35924 2.70135
-1.37667 2.77106
-1.39409 2.84076
-1.41152 2.89304
-1.42895 2.94532
-1.44637 2.9976
-1.4638 3.0673
-1.48122 3.137
-1.49865 3.22413
-1.51608 3.31127
-1.55093 3.41582
-1.56835 3.48553
-1.58578 3.55523
-1.58578 3.60751
-1.60321 3.67721
-1.62063 3.74692
-1.63806 3.81662
-1.63806 3.90375
-1.65548 3.97346
-1.65548 4.06059
-1.67291 4.14772
-1.69034 4.23485
-1.69034 4.35683
-1.70776 4.44396
-1.72519 4.54852
-1.72519 4.68792
-1.72519 4.80991
-1.72519 4.91446
-1.74261 5.00159
-1.76004 5.08873
-1.74261 5.15843
-1.74261 5.24556
-1.76004 5.35012
-1.76004 5.45467
-1.76004 5.57665
-1.76004 5.64636
-1.76004 5.71606
-1.76004 5.78577
-1.76004 5.83804
-1.76004 5.89032
-1.76004 5.96003
-1.74261 6.01231
-1.76004 6.08201
-1.76004 6.15171
-1.74261 6.20399
-1.74261 6.25627
-1.74261 6.30855
-1.74261 6.36083
-1.74261 6.43053
-1.76004 6.48281
-1.76004 6.53509
-1.76004 6.58737
-1.74261 6.63965
-1.74261 6.70935
-1.74261 6.76163
-1.74261 6.81391
-1.74261 6.88361
-1.74261 6.93589
-1.72519 7.00559
-1.70776 7.05787
-1.70776 7.12757
-1.69034 7.19728
-1.67291 7.26698
-1.67291 7.33669
-1.67291 7.38897
-1.63806 7.44124
-1.65548 7.49352
-1.65548 7.56322
-1.65548 7.6155
-1.63806 7.68521
-1.62063 7.73748
-1.62063 7.80719
-1.60321 7.85947
-1.60321 7.91175
-1.58578 7.99888
-1.56835 8.06858
-1.55093 8.12086
-1.55093 8.17313
-1.51608 8.24284
-1.49865 8.29512
-1.48122 8.36482
-1.4638 8.43453
-1.42895 8.4868
-1.41152 8.53908
-1.37667 8.59136
-1.35924 8.64364
-1.32439 8.71334
-1.28954 8.76562
-1.23726 8.8179
-1.20241 8.87018
-1.15013 8.90503
-1.063 8.97474
-1.01072 9.00958
-0.95844 9.04444
-0.87131 9.09671
-0.78418 9.13156
-0.731903 9.16642
-0.679624 9.18385
-0.627345 9.20127
-0.557642 9.23612
-0.505364 9.23612
-0.435659 9.27098
-0.365955 9.2884
-0.226547 9.30583
-0.156842 9.30583
-0.0697122 9.30582
0.0174181 9.30582
0.104548 9.27097
0.156827 9.25355
0.226531 9.21869
0.313661 9.20127
0.400792 9.14899
0.470496 9.09671
0.522775 9.06186
0.592478 8.99216
0.644757 8.93987
0.714461 8.85274
0.784165 8.76561
0.836443 8.67848
0.871295 8.60878
0.888721 8.53908
0.923573 8.4868
0.958426 8.41709
0.958426 8.36481
1.0107 8.29511
1.02813 8.22541
1.04556 8.13827
1.08041 8.05114
1.11526 7.98144
1.11526 7.92916
1.15011 7.82461
1.18496 7.7549
1.21982 7.66777
1.25467 7.59807
1.27209 7.52836
1.30695 7.45866
1.32437 7.38895
1.3418 7.31925
1.35923 7.24955
1.37665 7.16241
1.4115 7.09271
1.42893 7.023
1.42893 6.9533
1.44636 6.90102
1.46378 6.83132
1.48121 6.77904
1.48121 6.70934
1.49863 6.63963
1.49863 6.56993
1.49863 6.50022
1.51606 6.44794
1.53349 6.37824
1.53349 6.29111
1.53349 6.20398
1.53349 6.082
1.51606 6.01229
1.51606 5.90774
1.51606 5.82061
1.51606 5.71605
1.51606 5.61149
1.51606 5.50694
1.51606 5.40238
1.51606 5.2804
1.51606 5.17584
1.51606 5.05386
1.51606 4.96673
1.51606 4.82732
1.51606 4.74019
1.51606 4.67049
1.51606 4.58336
1.51606 4.49623
1.51606 4.39167
1.51606 4.30454
1.51606 4.19998
1.51606 4.13028
1.49863 4.06057
1.49863 3.99087
1.49863 3.83404
1.49863 3.76433
1.49863 3.71205
1.49863 3.64235
1.49863 3.57264
1.48121 3.50294
1.48121 3.41581
1.44636 3.32868
1.44636 3.24155
1.42893 3.17185
1.42893 3.10214
1.4115 3.03244
1.39408 2.96273
1.39408 2.89303
1.39408 2.84075
1.35923 2.78847
1.35923 2.71877
1.35923 2.64906
1.32437 2.57936
1.32437 2.49223
1.28952 2.4051
1.27209 2.33539
1.25467 2.26569
1.23724 2.17856
1.21982 2.074
1.20239 2.02173
1.16754 1.91717
1.15011 1.86489
1.11526 1.77776
1.11526 1.70806
1.08041 1.65578
1.08041 1.58607
1.06298 1.5338
1.04556 1.48152
1.0107 1.42924
0.975852 1.34211
0.941001 1.27241
0.906147 1.2027
0.85387 1.11557
0.819017 1.06329
0.784165 1.01102
0.697036 0.941311
0.644757 0.889034
0.592478 0.836756
0.522775 0.801904
0.470496 0.749626
0.418218 0.714774
0.365941 0.662496
0.313661 0.627644
BezierPoints 19
-0.505364 0.610221
-1.75841 2.48985
-1.99634 5.29183
-1.63806 7.44124
-1.49847 8.27867
-1.20105 9.54951
0.0174181 9.30582
0.953708 9.11857
1.12686 7.9118
1.37665 7.16241
1.56711 6.59102
1.51606 6.00309
1.51606 5.40238
1.51606 3.93829
1.69255 1.54688
0.313661 0.627644
0.143254 0.514042
-0.391762 0.439814
-0.505364 0.610221
P -2.11433 3 0.00329864
T 0 -1 0
N 0.00277828 0 0.999996
B 0.999996 0 -0.00277828
SketchPoints 140
-0.522783 4.01894
-0.627338 3.98409
-0.697043 3.94924
-0.801599 3.87953
-0.853878 3.84468
-0.923582 3.7924
-0.975859 3.74013
-1.04557 3.67042
-1.09784 3.60072
-1.15012 3.51359
-1.18497 3.44388
-1.21983 3.39161
-1.23725 3.33933
-1.25468 3.28705
-1.2721 3.23477
-1.28953 3.18249
-1.28953 3.13021
-1.30695 3.07794
-1.34181 2.99081
-1.34181 2.9211
-1.35923 2.8514
-1.37666 2.76427
-1.37666 2.71199
-1.37666 2.65971
-1.39409 2.60743
-1.39409 2.55515
-1.41151 2.50288
-1.41151 2.4506
-1.39409 2.38089
-1.39409 2.31119
-1.39409 2.25891
-1.37666 2.20663
-1.39409 2.13693
-1.37666 2.08465
-1.37666 2.03237
-1.37666 1.98009
-1.37666 1.92782
-1.37666 1.85811
-1.35923 1.75356
-1.37666 1.68385
-1.35923 1.63157
-1.34181 1.57929
-1.34181 1.50959
-1.32438 1.45731
-1.28953 1.37018
-1.25468 1.28305
-1.23725 1.23077
-1.21983 1.1785
-1.2024 1.10879
-1.16755 1.03909
-1.13269 0.969382
-1.08042 0.899678
-1.04557 0.847399
-1.01071 0.795122
-0.941008 0.725417
-0.906155 0.673139
-0.871303 0.620861
-0.819025 0.586009
-0.74932 0.533731
-0.714468 0.481453
-0.644764 0.429174
-0.57506 0.376896
-0.505355 0.342044
-0.435652 0.289766
-0.365948 0.254913
-0.313669 0.220062
-0.261392 0.18521
-0.209113 0.167784
-0.156834 0.150357
-0.104557 0.132931
0.104557 0.132931
0.156834 0.150357
0.209113 0.167784
0.261392 0.18521
0.313669 0.220062
0.365948 0.254913
0.435652 0.289766
0.505355 0.342044
0.57506 0.376896
0.644764 0.429174
0.714468 0.481453
0.74932 0.533731
0.819025 0.586009
0.871303 0.620861
0.906155 0.673139
0.941008 0.725417
1.01071 0.795122
1.04557 0.847399
1.08042 0.899678
1.13269 0.969382
1.16755 1.03909
1.2024 1.10879
1.21983 1.1785
1.23725 1.23077
1.25468 1.28305
1.28953 1.37018
1.32438 1.45731
1.34181 1.50959
1.34181 1.57929
1.35923 1.63157
1.37666 1.68385
1.35923 1.75356
1.37666 1.85811
1.37666 1.92782
1.37666 1.98009
1.37666 2.03237
1.37666 2.08465
1.39409 2.13693
1.37666 2.20663
1.39409 2.25891
1.39409 2.31119
1.39409 2.38089
1.41151 2.4506
1.41151 2.50288
1.39409 2.55515
1.39409 2.60743
1.37666 2.65971
1.37666 2.71199
1.37666 2.76427
1.35923 2.8514
1.34181 2.9211
1.34181 2.99081
1.30695 3.07794
1.28953 3.13021
1.28953 3.18249
1.2721 3.23477
1.25468 3.28705
1.23725 3.33933
1.21983 3.39161
1.18497 3.44388
1.15012 3.51359
1.09784 3.60072
1.04557 3.67042
0.975859 3.74013
0.923582 3.7924
0.853878 3.84468
0.801599 3.87953
0.697043 3.94924
0.627338 3.98409
0.522783 4.01894
BezierPoints 10
-0.522783 4.01894
-2.02336 3.51875
-1.66495 -0.117502
0.0314484 -0.00440982
1.60057 0.100198
1.91367 3.55531
0.522783 4.01894
0.274805 4.1016
-0.274805 4.1016
-0.522783 4.01894
