HeaderParameters 1
PlaneSketch 5
P 0 3 0
T 0 0 1
N 0 1 0
B 1 0 0
SketchPoints 72
-0.449811 2.08333
-0.516098 2.10227
-0.591856 2.0928
-0.686553 2.0928
-0.970644 2.07386
-1.18845 2.05492
-1.40625 2.00758
-1.64299 1.93182
-1.87973 1.82765
-2.12595 1.69508
-2.37216 1.54356
-2.61837 1.37311
-2.84564 1.16477
-3.05398 0.956439
-3.24337 0.767045
-3.41383 0.558712
-3.50852 0.350379
-3.56534 0.0378788
-3.58428 -0.132576
-3.58428 -0.293561
-3.56534 -0.445076
-3.52746 -0.63447
-3.48958 -0.823864
-3.43277 -1.01326
-3.36648 -1.20265
-3.28125 -1.35417
-3.19602 -1.51515
-3.09186 -1.66667
-2.96875 -1.82765
-2.67519 -2.07386
-2.46686 -2.17803
-2.23011 -2.27273
-1.99337 -2.32008
-1.70928 -2.35795
-1.42519 -2.35795
-1.16004 -2.35795
-0.913826 -2.35795
-0.667614 -2.33902
-0.421402 -2.32008
-0.175189 -2.30114
0.0710227 -2.27273
0.440341 -2.19697
0.629735 -2.10227
0.838068 -2.00758
1.08428 -1.89394
1.29261 -1.7803
1.50095 -1.64773
1.70928 -1.47727
1.85133 -1.30682
1.96496 -1.11742
2.05966 -0.918561
2.15436 -0.710227
2.22064 -0.482955
2.28693 -0.179924
2.32481 0
2.32481 0.208333
2.32481 0.407197
2.32481 0.568182
2.30587 0.729167
2.28693 0.880682
2.24905 1.04167
2.21117 1.19318
2.15436 1.33523
2.10701 1.48674
2.06913 1.63826
2.00284 1.78977
1.96496 1.875
1.8892 1.92235
1.81345 1.9697
1.7661 1.98864
1.69981 2.01705
1.64299 2.04545
BezierPoints 7
-2.23158 -0.127215
-2.21425 -2.82035
2.2103 -2.84514
2.09705 0.00318003
1.9943 2.58754
-2.24951 2.66066
-2.23158 -0.127215
P -0.693816 3 0.326707
T 0 -1 0
N -0.733891 0 -0.679268
B -0.679268 0 0.733891
SketchPoints 285
-0.27462 1.43698
-0.321969 1.4938
-0.378787 1.55059
-0.435606 1.61691
-0.492423 1.67371
-0.539772 1.72107
-0.58712 1.77789
-0.643939 1.8347
-0.691287 1.88203
-0.757575 1.93888
-0.823863 1.99568
-0.861742 2.03357
-0.90909 2.06198
-0.946969 2.09986
-1.0322 2.16614
-1.09848 2.22296
-1.13636 2.26085
-1.18371 2.29871
-1.23106 2.33659
-1.26894 2.37447
-1.31629 2.40289
-1.36364 2.45021
-1.40151 2.48811
-1.44886 2.526
-1.49621 2.57333
-1.55303 2.63015
-1.60038 2.67751
-1.6572 2.71538
-1.70455 2.7722
-1.76136 2.81955
-1.81818 2.87635
-1.86553 2.91424
-1.92235 2.96159
-1.9697 2.99947
-2.01705 3.02791
-2.06439 3.07524
-2.05492 3.13203
-2.01705 3.16993
-1.97917 3.21727
-1.95076 3.26464
-1.92235 3.31198
-1.875 3.34986
-1.82765 3.40667
-1.7803 3.454
-1.74242 3.4919
-1.64773 3.57714
-1.55303 3.68132
-1.45833 3.77597
-1.39205 3.8612
-1.31629 3.93697
-1.24053 3.9938
-1.20265 4.03167
-1.12689 4.10741
-1.05114 4.18318
-1.00379 4.23055
-0.92803 4.28736
-0.871211 4.34418
-0.823863 4.38205
-0.748106 4.43887
-0.691287 4.48623
-0.643939 4.52409
-0.606061 4.562
-0.558711 4.59986
-0.492423 4.65668
-0.397727 4.74188
-0.359848 4.77978
-0.28409 4.83658
-0.236742 4.87448
-0.189393 4.91235
-0.132576 4.9597
-0.0757577 4.99758
-0.0189385 5.03546
0.0662887 5.09228
0.142045 5.16803
0.217804 5.24379
0.293561 5.35743
0.35038 5.3953
0.397728 5.43318
0.435607 5.47108
0.501894 5.52789
0.558713 5.57524
0.63447 5.63206
0.700758 5.68887
0.748107 5.73622
0.823864 5.79305
0.861742 5.83092
0.909092 5.8688
0.95644 5.91615
0.994318 5.95403
1.05114 6.00137
1.11742 6.07713
1.18371 6.14341
1.24053 6.20024
1.28788 6.23812
1.36364 6.30438
1.43939 6.37068
1.49621 6.42752
1.59091 6.51275
1.63826 6.56009
1.69508 6.59797
1.76136 6.64531
1.79924 6.68319
1.88447 6.74948
1.94129 6.79682
2.00758 6.85364
2.07386 6.90098
2.12121 6.92941
2.16856 6.97676
2.23485 7.02409
2.30114 7.07146
2.36742 7.10932
2.41477 7.13775
2.47159 7.17561
2.51894 7.20401
2.56629 7.24191
2.61364 7.2703
2.67045 7.3082
2.7178 7.3366
2.76515 7.365
2.8125 7.4029
2.85985 7.43129
2.9072 7.45022
2.95455 7.46918
3.01136 7.47865
3.05871 7.45969
3.05871 7.4029
3.07765 7.34606
3.06818 7.28924
3.03977 7.23244
3.00189 7.17561
2.96402 7.11879
2.92614 7.08093
2.88826 7.04303
2.82197 7.00516
2.75568 6.96727
2.67992 6.91994
2.62311 6.89151
2.57576 6.86311
2.51894 6.83471
2.47159 6.8063
2.41477 6.78733
2.36742 6.75896
2.32008 6.73053
2.26326 6.70212
2.20644 6.66425
2.15909 6.63584
2.0928 6.5885
2.05492 6.55062
2.00758 6.51275
1.95076 6.46538
1.91288 6.42752
1.85606 6.38015
1.80871 6.34229
1.76136 6.30439
1.71402 6.276
1.66667 6.22865
1.61932 6.19077
1.57197 6.14341
1.52462 6.10555
1.48674 6.06766
1.43939 6.02032
1.39205 5.96349
1.33523 5.88773
1.29735 5.84039
1.25947 5.79305
1.21212 5.74569
1.16477 5.68887
1.12689 5.65098
1.07955 5.61312
1.0322 5.57524
0.96591 5.51842
0.928031 5.48053
0.880683 5.44266
0.833334 5.40477
0.767045 5.35743
0.710228 5.31008
0.65341 5.25327
0.615531 5.21539
0.558713 5.17751
0.501894 5.13017
0.454545 5.09228
0.407197 5.0544
0.369318 5.01652
0.33144 4.97865
0.265152 4.92183
0.208334 4.86501
0.142045 4.81767
0.0852282 4.76085
0.0378797 4.71349
-0.0284092 4.65668
-0.0852275 4.59986
-0.123106 4.56199
-0.170455 4.52409
-0.236742 4.46728
-0.27462 4.42938
-0.340909 4.38205
-0.407196 4.32524
-0.454545 4.28736
-0.501893 4.25894
-0.539772 4.22108
-0.577652 4.18317
-0.643939 4.13584
-0.691287 4.08847
-0.738636 4.03167
-0.785985 3.9938
-0.823863 3.95592
-0.880682 3.89911
-0.937499 3.85174
-0.984848 3.79494
-1.0322 3.75705
-1.09848 3.70024
-1.13636 3.66236
-1.18371 3.62448
-1.23106 3.59608
-1.26894 3.55818
-1.32576 3.5203
-1.37311 3.48243
-1.42992 3.43508
-1.47727 3.39721
-1.52462 3.36879
-1.57197 3.3309
-1.60985 3.29303
-1.63826 3.2457
-1.61932 3.19833
-1.59091 3.14153
-1.5625 3.09417
-1.52462 3.0563
-1.48674 2.99947
-1.44886 2.96159
-1.41098 2.92374
-1.36364 2.88583
-1.31629 2.85744
-1.27841 2.81955
-1.22159 2.79112
-1.16477 2.76274
-1.12689 2.72486
-1.07955 2.70591
-1.0322 2.67751
-0.975379 2.63016
-0.918561 2.59229
-0.861742 2.56386
-0.804923 2.52599
-0.748106 2.48811
-0.691287 2.44077
-0.634469 2.39342
-0.58712 2.35556
-0.549242 2.31765
-0.501893 2.28924
-0.454545 2.25138
-0.416666 2.21349
-0.359848 2.16614
-0.312499 2.11877
-0.27462 2.08092
-0.236742 2.04303
-0.198863 1.99568
-0.160985 1.9578
-0.123106 1.91993
-0.0852275 1.87256
-0.037879 1.82523
-2.38419e-07 1.78733
0.0378797 1.74948
0.0757585 1.71159
0.104167 1.66424
0.142045 1.62636
0.170455 1.56956
0.189394 1.52221
0.208334 1.47486
0.217804 1.40857
0.217804 1.35177
0.227273 1.29492
0.227273 1.23812
0.217804 1.17183
0.208334 1.10554
0.208334 1.04871
0.208334 0.991893
0.198864 0.935092
0.179924 0.887713
0.160986 0.830917
0.142045 0.78357
0.104167 0.745691
0.0473483 0.717272
-0.00946879 0.698365
-0.066287 0.688874
-0.123106 0.688874
-0.170455 0.707818
BezierPoints 19
-0.27462 1.43698
-0.352758 2.04629
-2.05294 2.95391
-2.06439 3.07524
-2.0767 3.20554
3.005 12.1522
3.005 12.0494
3.005 11.9539
-1.95239 3.21502
-1.92788 3.08077
-1.90434 2.95185
-0.251253 2.11934
0.120277 1.6416
0.292198 1.42053
0.610686 0.680709
0.051754 0.703539
-0.538987 0.72767
-0.251198 1.25433
-0.27462 1.43698
P 0.693816 3 0.326707
T 0.679268 0 0.733891
N 0.733891 0 -0.679268
B 0 -1 0
SketchPoints 285
1.43698 -0.27462
1.4938 -0.321969
1.55059 -0.378787
1.61691 -0.435606
1.67371 -0.492423
1.72107 -0.539772
1.77789 -0.58712
1.8347 -0.643939
1.88203 -0.691287
1.93888 -0.757575
1.99568 -0.823863
2.03357 -0.861742
2.06198 -0.90909
2.09986 -0.946969
2.16614 -1.0322
2.22296 -1.09848
2.26085 -1.13636
2.29871 -1.18371
2.33659 -1.23106
2.37447 -1.26894
2.40289 -1.31629
2.45021 -1.36364
2.48811 -1.40151
2.526 -1.44886
2.57333 -1.49621
2.63015 -1.55303
2.67751 -1.60038
2.71538 -1.6572
2.7722 -1.70455
2.81955 -1.76136
2.87635 -1.81818
2.91424 -1.86553
2.96159 -1.92235
2.99947 -1.9697
3.02791 -2.01705
3.07524 -2.06439
3.13203 -2.05492
3.16993 -2.01705
3.21727 -1.97917
3.26464 -1.95076
3.31198 -1.92235
3.34986 -1.875
3.40667 -1.82765
3.454 -1.7803
3.4919 -1.74242
3.57714 -1.64773
3.68132 -1.55303
3.77597 -1.45833
3.8612 -1.39205
3.93697 -1.31629
3.9938 -1.24053
4.03167 -1.20265
4.10741 -1.12689
4.18318 -1.05114
4.23055 -1.00379
4.28736 -0.92803
4.34418 -0.871211
4.38205 -0.823863
4.43887 -0.748106
4.48623 -0.691287
4.52409 -0.643939
4.562 -0.606061
4.59986 -0.558711
4.65668 -0.492423
4.74188 -0.397727
4.77978 -0.359848
4.83658 -0.28409
4.87448 -0.236742
4.91235 -0.189393
4.9597 -0.132576
4.99758 -0.0757577
5.03546 -0.0189385
5.09228 0.0662887
5.16803 0.142045
5.24379 0.217804
5.35743 0.293561
5.3953 0.35038
5.43318 0.397728
5.47108 0.435607
5.52789 0.501894
5.57524 0.558713
5.63206 0.63447
5.68887 0.700758
5.73622 0.748107
5.79305 0.823864
5.83092 0.861742
5.8688 0.909092
5.91615 0.95644
5.95403 0.994318
6.00137 1.05114
6.07713 1.11742
6.14341 1.18371
6.20024 1.24053
6.23812 1.28788
6.30438 1.36364
6.37068 1.43939
6.42752 1.49621
6.51275 1.59091
6.56009 1.63826
6.59797 1.69508
6.64531 1.76136
6.68319 1.79924
6.74948 1.88447
6.79682 1.94129
6.85364 2.00758
6.90098 2.07386
6.92941 2.12121
6.97676 2.16856
7.02409 2.23485
7.07146 2.30114
7.10932 2.36742
7.13775 2.41477
7.17561 2.47159
7.20401 2.51894
7.24191 2.56629
7.2703 2.61364
7.3082 2.67045
7.3366 2.7178
7.365 2.76515
7.4029 2.8125
7.43129 2.85985
7.45022 2.9072
7.46918 2.95455
7.47866 3.01136
7.45969 3.05871
7.4029 3.05871
7.34606 3.07765
7.28924 3.06818
7.23244 3.03977
7.17561 3.00189
7.11879 2.96402
7.08093 2.92614
7.04303 2.88826
7.00516 2.82197
6.96727 2.75568
6.91994 2.67992
6.89151 2.62311
6.86311 2.57576
6.83471 2.51894
6.8063 2.47159
6.78733 2.41477
6.75896 2.36742
6.73053 2.32008
6.70212 2.26326
6.66425 2.20644
6.63584 2.15909
6.5885 2.0928
6.55062 2.05492
6.51275 2.00758
6.46538 1.95076
6.42752 1.91288
6.38015 1.85606
6.34229 1.80871
6.30439 1.76136
6.276 1.71402
6.22865 1.66667
6.19077 1.61932
6.14341 1.57197
6.10555 1.52462
6.06766 1.48674
6.02032 1.43939
5.96349 1.39205
5.88773 1.33523
5.84039 1.29735
5.79305 1.25947
5.74569 1.21212
5.68887 1.16477
5.65098 1.12689
5.61312 1.07955
5.57524 1.0322
5.51842 0.96591
5.48053 0.928031
5.44266 0.880683
5.40477 0.833334
5.35743 0.767045
5.31008 0.710228
5.25327 0.65341
5.21539 0.615531
5.17751 0.558713
5.13017 0.501894
5.09228 0.454545
5.0544 0.407197
5.01652 0.369318
4.97865 0.33144
4.92183 0.265152
4.86501 0.208334
4.81767 0.142045
4.76085 0.0852282
4.71349 0.0378797
4.65668 -0.0284092
4.59986 -0.0852275
4.56199 -0.123106
4.52409 -0.170455
4.46728 -0.236742
4.42938 -0.27462
4.38205 -0.340909
4.32524 -0.407196
4.28736 -0.454545
4.25894 -0.501893
4.22108 -0.539772
4.18317 -0.577652
4.13584 -0.643939
4.08847 -0.691287
4.03167 -0.738636
3.9938 -0.785985
3.95592 -0.823863
3.89911 -0.880682
3.85174 -0.937499
3.79494 -0.984848
3.75705 -1.0322
3.70024 -1.09848
3.66236 -1.13636
3.62448 -1.18371
3.59608 -1.23106
3.55818 -1.26894
3.5203 -1.32576
3.48243 -1.37311
3.43508 -1.42992
3.39721 -1.47727
3.36879 -1.52462
3.3309 -1.57197
3.29303 -1.60985
3.2457 -1.63826
3.19833 -1.61932
3.14153 -1.59091
3.09417 -1.5625
3.0563 -1.52462
2.99947 -1.48674
2.96159 -1.44886
2.92374 -1.41098
2.88583 -1.36364
2.85744 -1.31629
2.81955 -1.27841
2.79112 -1.22159
2.76274 -1.16477
2.72486 -1.12689
2.70591 -1.07955
2.67751 -1.0322
2.63016 -0.975379
2.59229 -0.918561
2.56386 -0.861742
2.52599 -0.804923
2.48811 -0.748106
2.44077 -0.691287
2.39342 -0.634469
2.35556 -0.58712
2.31765 -0.549242
2.28924 -0.501893
2.25138 -0.454545
2.21349 -0.416666
2.16614 -0.359848
2.11877 -0.312499
2.08092 -0.27462
2.04303 -0.236742
1.99568 -0.198863
1.9578 -0.160985
1.91993 -0.123106
1.87256 -0.0852275
1.82523 -0.037879
1.78733 -2.38419e-07
1.74948 0.0378797
1.71159 0.0757585
1.66424 0.104167
1.62636 0.142045
1.56956 0.170455
1.52221 0.189394
1.47486 0.208334
1.40857 0.217804
1.35177 0.217804
1.29492 0.227273
1.23812 0.227273
1.17183 0.217804
1.10554 0.208334
1.04871 0.208334
0.991893 0.208334
0.935092 0.198864
0.887713 0.179924
0.830917 0.160986
0.78357 0.142045
0.745691 0.104167
0.717272 0.0473483
0.698365 -0.00946879
0.688874 -0.066287
0.688874 -0.123106
0.707818 -0.170455
BezierPoints 19
1.43698 -0.27462
2.04629 -0.352758
2.95391 -2.05294
3.07524 -2.06439
3.20554 -2.0767
12.1522 3.005
12.0494 3.005
11.9539 3.005
3.21502 -1.95239
3.08077 -1.92788
2.95185 -1.90434
2.11934 -0.251253
1.6416 0.120277
1.42053 0.292198
0.680709 0.610686
0.70354 0.051754
0.72767 -0.538987
1.25433 -0.251198
1.43698 -0.27462
P -0.693816 3 -0.326707
T -0.679268 0 -0.733891
N -0.733891 0 0.679268
B 0 -1 0
SketchPoints 285
1.43698 -0.27462
1.4938 -0.321969
1.55059 -0.378787
1.61691 -0.435606
1.67371 -0.492423
1.72107 -0.539772
1.77789 -0.58712
1.8347 -0.643939
1.88203 -0.691287
1.93888 -0.757575
1.99568 -0.823863
2.03357 -0.861742
2.06198 -0.90909
2.09986 -0.946969
2.16614 -1.0322
2.22296 -1.09848
2.26085 -1.13636
2.29871 -1.18371
2.33659 -1.23106
2.37447 -1.26894
2.40289 -1.31629
2.45021 -1.36364
2.48811 -1.40151
2.526 -1.44886
2.57333 -1.49621
2.63015 -1.55303
2.67751 -1.60038
2.71538 -1.6572
2.7722 -1.70455
2.81955 -1.76136
2.87635 -1.81818
2.91424 -1.86553
2.96159 -1.92235
2.99947 -1.9697
3.02791 -2.01705
3.07524 -2.06439
3.13203 -2.05492
3.16993 -2.01705
3.21727 -1.97917
3.26464 -1.95076
3.31198 -1.92235
3.34986 -1.875
3.40667 -1.82765
3.454 -1.7803
3.4919 -1.74242
3.57714 -1.64773
3.68132 -1.55303
3.77597 -1.45833
3.8612 -1.39205
3.93697 -1.31629
3.9938 -1.24053
4.03167 -1.20265
4.10741 -1.12689
4.18318 -1.05114
4.23055 -1.00379
4.28736 -0.92803
4.34418 -0.871211
4.38205 -0.823863
4.43887 -0.748106
4.48623 -0.691287
4.52409 -0.643939
4.562 -0.606061
4.59986 -0.558711
4.65668 -0.492423
4.74188 -0.397727
4.77978 -0.359848
4.83658 -0.28409
4.87448 -0.236742
4.91235 -0.189393
4.9597 -0.132576
4.99758 -0.0757577
5.03546 -0.0189385
5.09228 0.0662887
5.16803 0.142045
5.24379 0.217804
5.35743 0.293561
5.3953 0.35038
5.43318 0.397728
5.47108 0.435607
5.52789 0.501894
5.57524 0.558713
5.63206 0.63447
5.68887 0.700758
5.73622 0.748107
5.79305 0.823864
5.83092 0.861742
5.8688 0.909092
5.91615 0.95644
5.95403 0.994318
6.00137 1.05114
6.07713 1.11742
6.14341 1.18371
6.20024 1.24053
6.23812 1.28788
6.30438 1.36364
6.37068 1.43939
6.42752 1.49621
6.51275 1.59091
6.56009 1.63826
6.59797 1.69508
6.64531 1.76136
6.68319 1.79924
6.74948 1.88447
6.79682 1.94129
6.85364 2.00758
6.90098 2.07386
6.92941 2.12121
6.97676 2.16856
7.02409 2.23485
7.07146 2.30114
7.10932 2.36742
7.13775 2.41477
7.17561 2.47159
7.20401 2.51894
7.24191 2.56629
7.2703 2.61364
7.3082 2.67045
7.3366 2.7178
7.365 2.76515
7.4029 2.8125
7.43129 2.85985
7.45022 2.9072
7.46918 2.95455
7.47866 3.01136
7.45969 3.05871
7.4029 3.05871
7.34606 3.07765
7.28924 3.06818
7.23244 3.03977
7.17561 3.00189
7.11879 2.96402
7.08093 2.92614
7.04303 2.88826
7.00516 2.82197
6.96727 2.75568
6.91994 2.67992
6.89151 2.62311
6.86311 2.57576
6.83471 2.51894
6.8063 2.47159
6.78733 2.41477
6.75896 2.36742
6.73053 2.32008
6.70212 2.26326
6.66425 2.20644
6.63584 2.15909
6.5885 2.0928
6.55062 2.05492
6.51275 2.00758
6.46538 1.95076
6.42752 1.91288
6.38015 1.85606
6.34229 1.80871
6.30439 1.76136
6.276 1.71402
6.22865 1.66667
6.19077 1.61932
6.14341 1.57197
6.10555 1.52462
6.06766 1.48674
6.02032 1.43939
5.96349 1.39205
5.88773 1.33523
5.84039 1.29735
5.79305 1.25947
5.74569 1.21212
5.68887 1.16477
5.65098 1.12689
5.61312 1.07955
5.57524 1.0322
5.51842 0.96591
5.48053 0.928031
5.44266 0.880683
5.40477 0.833334
5.35743 0.767045
5.31008 0.710228
5.25327 0.65341
5.21539 0.615531
5.17751 0.558713
5.13017 0.501894
5.09228 0.454545
5.0544 0.407197
5.01652 0.369318
4.97865 0.33144
4.92183 0.265152
4.86501 0.208334
4.81767 0.142045
4.76085 0.0852282
4.71349 0.0378797
4.65668 -0.0284092
4.59986 -0.0852275
4.56199 -0.123106
4.52409 -0.170455
4.46728 -0.236742
4.42938 -0.27462
4.38205 -0.340909
4.32524 -0.407196
4.28736 -0.454545
4.25894 -0.501893
4.22108 -0.539772
4.18317 -0.577652
4.13584 -0.643939
4.08847 -0.691287
4.03167 -0.738636
3.9938 -0.785985
3.95592 -0.823863
3.89911 -0.880682
3.85174 -0.937499
3.79494 -0.984848
3.75705 -1.0322
3.70024 -1.09848
3.66236 -1.13636
3.62448 -1.18371
3.59608 -1.23106
3.55818 -1.26894
3.5203 -1.32576
3.48243 -1.37311
3.43508 -1.42992
3.39721 -1.47727
3.36879 -1.52462
3.3309 -1.57197
3.29303 -1.60985
3.2457 -1.63826
3.19833 -1.61932
3.14153 -1.59091
3.09417 -1.5625
3.0563 -1.52462
2.99947 -1.48674
2.96159 -1.44886
2.92374 -1.41098
2.88583 -1.36364
2.85744 -1.31629
2.81955 -1.27841
2.79112 -1.22159
2.76274 -1.16477
2.72486 -1.12689
2.70591 -1.07955
2.67751 -1.0322
2.63016 -0.975379
2.59229 -0.918561
2.56386 -0.861742
2.52599 -0.804923
2.48811 -0.748106
2.44077 -0.691287
2.39342 -0.634469
2.35556 -0.58712
2.31765 -0.549242
2.28924 -0.501893
2.25138 -0.454545
2.21349 -0.416666
2.16614 -0.359848
2.11877 -0.312499
2.08092 -0.27462
2.04303 -0.236742
1.99568 -0.198863
1.9578 -0.160985
1.91993 -0.123106
1.87256 -0.0852275
1.82523 -0.037879
1.78733 -2.38419e-07
1.74948 0.0378797
1.71159 0.0757585
1.66424 0.104167
1.62636 0.142045
1.56956 0.170455
1.52221 0.189394
1.47486 0.208334
1.40857 0.217804
1.35177 0.217804
1.29492 0.227273
1.23812 0.227273
1.17183 0.217804
1.10554 0.208334
1.04871 0.208334
0.991893 0.208334
0.935092 0.198864
0.887713 0.179924
0.830917 0.160986
0.78357 0.142045
0.745691 0.104167
0.717272 0.0473483
0.698365 -0.00946879
0.688874 -0.066287
0.688874 -0.123106
0.707818 -0.170455
BezierPoints 19
1.43698 -0.27462
2.04629 -0.352758
2.95391 -2.05294
3.07524 -2.06439
3.20554 -2.0767
12.1522 3.005
12.0494 3.005
11.9539 3.005
3.21502 -1.95239
3.08077 -1.92788
2.95185 -1.90434
2.11934 -0.251253
1.6416 0.120277
1.42053 0.292198
0.680709 0.610686
0.70354 0.051754
0.72767 -0.538987
1.25433 -0.251198
1.43698 -0.27462
P 0.693816 3 -0.326707
T 0 -1 0
N 0.733891 0 0.679268
B 0.679268 0 -0.733891
SketchPoints 285
-0.27462 1.43698
-0.321969 1.4938
-0.378787 1.55059
-0.435606 1.61691
-0.492423 1.67371
-0.539772 1.72107
-0.58712 1.77789
-0.643939 1.8347
-0.691287 1.88203
-0.757575 1.93888
-0.823863 1.99568
-0.861742 2.03357
-0.90909 2.06198
-0.946969 2.09986
-1.0322 2.16614
-1.09848 2.22296
-1.13636 2.26085
-1.18371 2.29871
-1.23106 2.33659
-1.26894 2.37447
-1.31629 2.40289
-1.36364 2.45021
-1.40151 2.48811
-1.44886 2.526
-1.49621 2.57333
-1.55303 2.63015
-1.60038 2.67751
-1.6572 2.71538
-1.70455 2.7722
-1.76136 2.81955
-1.81818 2.87635
-1.86553 2.91424
-1.92235 2.96159
-1.9697 2.99947
-2.01705 3.02791
-2.06439 3.07524
-2.05492 3.13203
-2.01705 3.16993
-1.97917 3.21727
-1.95076 3.26464
-1.92235 3.31198
-1.875 3.34986
-1.82765 3.40667
-1.7803 3.454
-1.74242 3.4919
-1.64773 3.57714
-1.55303 3.68132
-1.45833 3.77597
-1.39205 3.8612
-1.31629 3.93697
-1.24053 3.9938
-1.20265 4.03167
-1.12689 4.10741
-1.05114 4.18318
-1.00379 4.23055
-0.92803 4.28736
-0.871211 4.34418
-0.823863 4.38205
-0.748106 4.43887
-0.691287 4.48623
-0.643939 4.52409
-0.606061 4.562
-0.558711 4.59986
-0.492423 4.65668
-0.397727 4.74188
-0.359848 4.77978
-0.28409 4.83658
-0.236742 4.87448
-0.189393 4.91235
-0.132576 4.9597
-0.0757577 4.99758
-0.0189385 5.03546
0.0662887 5.09228
0.142045 5.16803
0.217804 5.24379
0.293561 5.35743
0.35038 5.3953
0.397728 5.43318
0.435607 5.47108
0.501894 5.52789
0.558713 5.57524
0.63447 5.63206
0.700758 5.68887
0.748107 5.73622
0.823864 5.79305
0.861742 5.83092
0.909092 5.8688
0.95644 5.91615
0.994318 5.95403
1.05114 6.00137
1.11742 6.07713
1.18371 6.14341
1.24053 6.20024
1.28788 6.23812
1.36364 6.30438
1.43939 6.37068
1.49621 6.42752
1.59091 6.51275
1.63826 6.56009
1.69508 6.59797
1.76136 6.64531
1.79924 6.68319
1.88447 6.74948
1.94129 6.79682
2.00758 6.85365
2.07386 6.90098
2.12121 6.92941
2.16856 6.97676
2.23485 7.02409
2.30114 7.07146
2.36742 7.10932
2.41477 7.13775
2.47159 7.17561
2.51894 7.20401
2.56629 7.24191
2.61364 7.2703
2.67045 7.3082
2.7178 7.3366
2.76515 7.365
2.8125 7.4029
2.85985 7.43129
2.9072 7.45022
2.95455 7.46918
3.01136 7.47866
3.05871 7.45969
3.05871 7.4029
3.07765 7.34606
3.06818 7.28924
3.03977 7.23244
3.00189 7.17561
2.96402 7.11879
2.92614 7.08093
2.88826 7.04303
2.82197 7.00516
2.75568 6.96727
2.67992 6.91994
2.62311 6.89151
2.57576 6.86311
2.51894 6.83471
2.47159 6.8063
2.41477 6.78733
2.36742 6.75896
2.32008 6.73053
2.26326 6.70212
2.20644 6.66425
2.15909 6.63584
2.0928 6.5885
2.05492 6.55062
2.00758 6.51275
1.95076 6.46538
1.91288 6.42752
1.85606 6.38015
1.80871 6.34229
1.76136 6.30439
1.71402 6.276
1.66667 6.22865
1.61932 6.19077
1.57197 6.14341
1.52462 6.10555
1.48674 6.06766
1.43939 6.02032
1.39205 5.96349
1.33523 5.88773
1.29735 5.84039
1.25947 5.79305
1.21212 5.74569
1.16477 5.68887
1.12689 5.65098
1.07955 5.61312
1.0322 5.57524
0.96591 5.51842
0.928031 5.48053
0.880683 5.44266
0.833334 5.40477
0.767045 5.35743
0.710228 5.31008
0.65341 5.25327
0.615531 5.21539
0.558713 5.17751
0.501894 5.13017
0.454545 5.09228
0.407197 5.0544
0.369318 5.01652
0.33144 4.97865
0.265152 4.92183
0.208334 4.86501
0.142045 4.81767
0.0852282 4.76085
0.0378797 4.71349
-0.0284092 4.65668
-0.0852275 4.59986
-0.123106 4.56199
-0.170455 4.52409
-0.236742 4.46728
-0.27462 4.42938
-0.340909 4.38205
-0.407196 4.32524
-0.454545 4.28736
-0.501893 4.25894
-0.539772 4.22108
-0.577652 4.18317
-0.643939 4.13584
-0.691287 4.08847
-0.738636 4.03167
-0.785985 3.9938
-0.823863 3.95592
-0.880682 3.89911
-0.937499 3.85174
-0.984848 3.79494
-1.0322 3.75705
-1.09848 3.70024
-1.13636 3.66236
-1.18371 3.62448
-1.23106 3.59608
-1.26894 3.55818
-1.32576 3.5203
-1.37311 3.48243
-1.42992 3.43508
-1.47727 3.39721
-1.52462 3.36879
-1.57197 3.3309
-1.60985 3.29303
-1.63826 3.2457
-1.61932 3.19833
-1.59091 3.14153
-1.5625 3.09417
-1.52462 3.0563
-1.48674 2.99947
-1.44886 2.96159
-1.41098 2.92374
-1.36364 2.88583
-1.31629 2.85744
-1.27841 2.81955
-1.22159 2.79112
-1.16477 2.76274
-1.12689 2.72486
-1.07955 2.70591
-1.0322 2.67751
-0.975379 2.63016
-0.918561 2.59229
-0.861742 2.56386
-0.804923 2.52599
-0.748106 2.48811
-0.691287 2.44077
-0.634469 2.39342
-0.58712 2.35556
-0.549242 2.31765
-0.501893 2.28924
-0.454545 2.25138
-0.416666 2.21349
-0.359848 2.16614
-0.312499 2.11877
-0.27462 2.08092
-0.236742 2.04303
-0.198863 1.99568
-0.160985 1.9578
-0.123106 1.91993
-0.0852275 1.87256
-0.037879 1.82523
-2.38419e-07 1.78733
0.0378797 1.74948
0.0757585 1.71159
0.104167 1.66424
0.142045 1.62636
0.170455 1.56956
0.189394 1.52221
0.208334 1.47486
0.217804 1.40857
0.217804 1.35177
0.227273 1.29492
0.227273 1.23812
0.217804 1.17183
0.208334 1.10554
0.208334 1.04871
0.208334 0.991893
0.198864 0.935092
0.179924 0.887713
0.160986 0.830917
0.142045 0.78357
0.104167 0.745691
0.0473483 0.717272
-0.00946879 0.698365
-0.066287 0.688874
-0.123106 0.688874
-0.170455 0.707818
BezierPoints 19
-0.27462 1.43698
-0.352758 2.04629
-2.05294 2.95391
-2.06439 3.07524
-2.0767 3.20554
3.005 12.1522
3.005 12.0494
3.005 11.9539
-1.95239 3.21502
-1.92788 3.08077
-1.90434 2.95185
-0.251253 2.11934
0.120277 1.6416
0.292198 1.42053
0.610686 0.680709
0.051754 0.70354
-0.538987 0.72767
-0.251198 1.25433
-0.27462 1.43698
