HeaderParameters 1
PlaneSketch 7
P 0 3 0
T 0 0 1
N 0 1 0
B 1 0 0
SketchPoints 118
-1.975 -2.0375
-1.975 -1.9375
-1.975 -1.8625
-1.975 -1.7875
-1.975 -1.7125
-1.975 -1.6375
-1.975 -1.575
-1.975 -1.4875
-1.975 -1.4125
-1.975 -1.3125
-1.975 -1.225
-1.975 -1
-1.975 -0.8625
-1.975 -0.725
-1.975 -0.5875
-1.975 -0.4
-1.975 -0.225
-1.975 -0.0625
-1.975 0.0625
-2 0.2
-2 0.35
-2 0.4625
-2 0.5625
-2 0.675
-2 0.775
-2 0.8625
-2 0.9875
-2 1.125
-2 1.275
-1.975 1.4125
-1.9625 1.55
-1.9625 1.6625
-1.9375 1.7875
-1.925 1.8625
-1.925 1.9375
-1.9125 2.0125
-1.9125 2.075
-1.875 2.0375
-1.8125 2.0375
-1.7 2.0375
-1.4875 2.0125
-1.25 2.0125
-0.9625 2.0375
-0.5 2.0125
-0.225 2.0125
0.0375 2.0125
0.3125 1.9875
0.5 1.9875
0.6625 1.9875
0.825 1.9875
0.975 2.0125
1.1125 2.0125
1.2625 2.0125
1.4375 2.0125
1.6125 2.0125
1.8875 2.0125
2 2.0125
2.1 2.0125
2.2 2.0125
2.2625 2.0125
2.325 2.0125
2.25 2.0125
2.1625 2.0125
2.0875 2
2.05 1.9625
2.0625 1.9125
2.075 1.8
2.075 1.7125
2.075 1.6125
2.075 1.475
2.075 1.2125
2.075 1.025
2.075 0.8375
2.1 0.65
2.1 0.4625
2.1 0.2625
2.1 0.075
2.1 -0.075
2.1 -0.225
2.125 -0.3875
2.15 -0.575
2.15 -0.8625
2.15 -1.0375
2.15 -1.225
2.15 -1.4
2.15 -1.5375
2.15 -1.65
2.15 -1.75
2.125 -1.85
2.125 -1.95
2.125 -2.0375
2.1125 -2.1375
2.1125 -2.2125
2.075 -2.175
2.0375 -2.125
2 -2.0875
1.95 -2.0625
1.8875 -2.05
1.7625 -2.0375
1.625 -2.0375
1.3625 -2.0375
1.0375 -2.0125
0.75 -2.0125
0.5 -2.0125
0.25 -2.0125
-0.025 -2.0125
-0.2375 -2.0125
-0.4375 -2.0125
-0.5375 -2.025
-0.625 -2.025
-0.725 -2.025
-0.775 -2.025
-0.825 -2.0125
-0.8875 -2.0125
-0.9375 -2.0125
-1.0125 -2.025
-1.0625 -2.025
-1.1375 -2.0375
BezierPoints 22
-1.975 -2.0375
-1.975 -1.02752
-2 -0.0203766
-2 0.9875
-2 1.11855
-2.02886 1.99743
-1.9125 2.075
-1.79336 2.15443
0.882284 2.0125
1.4375 2.0125
1.625 2.0125
1.8125 2.0125
2 2.0125
2.10833 2.0125
2.1 0.377771
2.1 -0.075
2.1 -0.665319
2.19885 -1.42168
2.125 -2.0125
2.11662 -2.07953
-1.975 -2.24687
-1.975 -2.0375
P 0.825863 3 0.813714
T 0 -1 0
N -0.672657 0 0.739954
B 0.739954 0 0.672657
SketchPoints 168
7.15256e-07 3.13689
0.137501 3.16186
0.250001 3.16186
0.425 3.16186
0.6125 3.16186
0.9 3.17437
1.05 3.17437
1.2 3.16187
1.3375 3.16187
1.5 3.16187
1.65 3.16187
1.7875 3.16187
1.925 3.13686
2.0625 3.12437
2.2125 3.09937
2.35 3.09937
2.55 3.09937
2.6875 3.08687
2.8125 3.08689
2.95 3.06187
3.0625 3.06187
3.15 3.06187
3.2 3.06187
3.2375 3.01187
3.2375 2.96186
3.25 2.91187
3.25 2.84939
3.25 2.74937
3.2625 2.67436
3.2625 2.59937
3.2625 2.51187
3.25 2.42437
3.2625 2.36187
3.2625 2.29939
3.2625 2.22436
3.2625 2.11187
3.2625 2.06187
3.25 2.01188
3.25 1.92436
3.25 1.84937
3.25 1.77436
3.25 1.72436
3.25 1.66187
3.25 1.59936
3.25 1.48687
3.25 1.39937
3.25 1.33687
3.25 1.26187
3.25 1.21187
3.2625 1.13686
3.2625 1.07437
3.2125 1.07437
3.1125 1.04937
3.0125 0.999366
2.9375 0.986857
2.8875 0.961867
2.825 0.949375
2.7625 0.924374
2.7 0.911866
2.6375 0.886876
2.5625 0.861864
2.5125 0.849366
2.4625 0.836858
2.4125 0.824365
2.35 0.799381
2.275 0.774375
2.2 0.749374
2.1125 0.736876
2.05 0.711864
1.975 0.686858
1.9 0.674366
1.825 0.649365
1.7125 0.611867
1.625 0.586866
1.5625 0.561865
1.475 0.524388
1.425 0.511879
1.3625 0.486873
1.3 0.474365
1.2375 0.449375
1.175 0.436866
1.125 0.424357
1.075 0.411865
1.025 0.386859
-1.025 0.386859
-1.075 0.411865
-1.125 0.424357
-1.175 0.436866
-1.2375 0.449375
-1.3 0.474365
-1.3625 0.486873
-1.425 0.511879
-1.475 0.524388
-1.5625 0.561865
-1.625 0.586866
-1.7125 0.611867
-1.825 0.649365
-1.9 0.674366
-1.975 0.686858
-2.05 0.711864
-2.1125 0.736876
-2.2 0.749374
-2.275 0.774375
-2.35 0.799381
-2.4125 0.824365
-2.4625 0.836858
-2.5125 0.849366
-2.5625 0.861864
-2.6375 0.886876
-2.7 0.911866
-2.7625 0.924374
-2.825 0.949375
-2.8875 0.961867
-2.9375 0.986857
-3.0125 0.999366
-3.1125 1.04937
-3.2125 1.07437
-3.2625 1.07437
-3.2625 1.13686
-3.25 1.21187
-3.25 1.26187
-3.25 1.33687
-3.25 1.39937
-3.25 1.48687
-3.25 1.59936
-3.25 1.66187
-3.25 1.72436
-3.25 1.77436
-3.25 1.84937
-3.25 1.92436
-3.25 2.01188
-3.2625 2.06187
-3.2625 2.11187
-3.2625 2.22436
-3.2625 2.29939
-3.2625 2.36187
-3.25 2.42437
-3.2625 2.51187
-3.2625 2.59937
-3.2625 2.67436
-3.25 2.74937
-3.25 2.84939
-3.25 2.91187
-3.2375 2.96186
-3.2375 3.01187
-3.2 3.06187
-3.15 3.06187
-3.0625 3.06187
-2.95 3.06187
-2.8125 3.08689
-2.6875 3.08687
-2.55 3.09937
-2.35 3.09937
-2.2125 3.09937
-2.0625 3.12437
-1.925 3.13686
-1.7875 3.16187
-1.65 3.16187
-1.5 3.16187
-1.3375 3.16187
-1.2 3.16187
-1.05 3.17437
-0.9 3.17437
-0.6125 3.16186
-0.425 3.16186
-0.250001 3.16186
-0.137501 3.16186
-7.15256e-07 3.13689
BezierPoints 13
-0.211239 2.42561
0.869255 3.15739
2.98992 3.18193
3.005 3.06187
3.005 2.96106
3.005 1.90186
3.005 1.79484
0.103782 1.98419
1.06657 0.257417
-0.299435 0.416929
-0.767756 0.471616
-1.18752 1.76441
-0.211239 2.42561
P 0.813714 3 -0.825863
T 0 -1 0
N 0.739954 0 0.672657
B 0.672657 0 -0.739954
SketchPoints 168
7.15256e-07 3.13689
0.137501 3.16186
0.250001 3.16186
0.425 3.16186
0.6125 3.16186
0.9 3.17437
1.05 3.17437
1.2 3.16187
1.3375 3.16187
1.5 3.16187
1.65 3.16187
1.7875 3.16187
1.925 3.13686
2.0625 3.12437
2.2125 3.09937
2.35 3.09937
2.55 3.09937
2.6875 3.08687
2.8125 3.08689
2.95 3.06187
3.0625 3.06187
3.15 3.06187
3.2 3.06187
3.2375 3.01187
3.2375 2.96186
3.25 2.91187
3.25 2.84939
3.25 2.74937
3.2625 2.67436
3.2625 2.59937
3.2625 2.51187
3.25 2.42437
3.2625 2.36187
3.2625 2.29939
3.2625 2.22436
3.2625 2.11187
3.2625 2.06187
3.25 2.01188
3.25 1.92436
3.25 1.84937
3.25 1.77436
3.25 1.72436
3.25 1.66187
3.25 1.59936
3.25 1.48687
3.25 1.39937
3.25 1.33687
3.25 1.26187
3.25 1.21187
3.2625 1.13686
3.2625 1.07437
3.2125 1.07437
3.1125 1.04937
3.0125 0.999366
2.9375 0.986857
2.8875 0.961867
2.825 0.949375
2.7625 0.924374
2.7 0.911866
2.6375 0.886876
2.5625 0.861864
2.5125 0.849366
2.4625 0.836858
2.4125 0.824365
2.35 0.799381
2.275 0.774375
2.2 0.749374
2.1125 0.736876
2.05 0.711864
1.975 0.686858
1.9 0.674366
1.825 0.649365
1.7125 0.611867
1.625 0.586866
1.5625 0.561865
1.475 0.524388
1.425 0.511879
1.3625 0.486873
1.3 0.474365
1.2375 0.449375
1.175 0.436866
1.125 0.424357
1.075 0.411865
1.025 0.386859
-1.025 0.386859
-1.075 0.411865
-1.125 0.424357
-1.175 0.436866
-1.2375 0.449375
-1.3 0.474365
-1.3625 0.486873
-1.425 0.511879
-1.475 0.524388
-1.5625 0.561865
-1.625 0.586866
-1.7125 0.611867
-1.825 0.649365
-1.9 0.674366
-1.975 0.686858
-2.05 0.711864
-2.1125 0.736876
-2.2 0.749374
-2.275 0.774375
-2.35 0.799381
-2.4125 0.824365
-2.4625 0.836858
-2.5125 0.849366
-2.5625 0.861864
-2.6375 0.886876
-2.7 0.911866
-2.7625 0.924374
-2.825 0.949375
-2.8875 0.961867
-2.9375 0.986857
-3.0125 0.999366
-3.1125 1.04937
-3.2125 1.07437
-3.2625 1.07437
-3.2625 1.13686
-3.25 1.21187
-3.25 1.26187
-3.25 1.33687
-3.25 1.39937
-3.25 1.48687
-3.25 1.59936
-3.25 1.66187
-3.25 1.72436
-3.25 1.77436
-3.25 1.84937
-3.25 1.92436
-3.25 2.01188
-3.2625 2.06187
-3.2625 2.11187
-3.2625 2.22436
-3.2625 2.29939
-3.2625 2.36187
-3.25 2.42437
-3.2625 2.51187
-3.2625 2.59937
-3.2625 2.67436
-3.25 2.74937
-3.25 2.84939
-3.25 2.91187
-3.2375 2.96186
-3.2375 3.01187
-3.2 3.06187
-3.15 3.06187
-3.0625 3.06187
-2.95 3.06187
-2.8125 3.08689
-2.6875 3.08687
-2.55 3.09937
-2.35 3.09937
-2.2125 3.09937
-2.0625 3.12437
-1.925 3.13686
-1.7875 3.16187
-1.65 3.16187
-1.5 3.16187
-1.3375 3.16187
-1.2 3.16187
-1.05 3.17437
-0.9 3.17437
-0.6125 3.16186
-0.425 3.16186
-0.250001 3.16186
-0.137501 3.16186
-7.15256e-07 3.13689
BezierPoints 13
-0.211239 2.42561
0.869255 3.15739
2.98992 3.18193
3.005 3.06187
3.005 2.96106
3.005 1.90186
3.005 1.79484
0.103782 1.98419
1.06657 0.257417
-0.299435 0.416929
-0.767756 0.471616
-1.18752 1.76441
-0.211239 2.42561
P -0.825863 3 -0.813714
T 0 -1 0
N 0.672657 0 -0.739954
B -0.739954 0 -0.672657
SketchPoints 168
7.15256e-07 3.13689
0.137501 3.16186
0.250001 3.16186
0.425 3.16186
0.6125 3.16186
0.9 3.17437
1.05 3.17437
1.2 3.16187
1.3375 3.16187
1.5 3.16187
1.65 3.16187
1.7875 3.16187
1.925 3.13686
2.0625 3.12437
2.2125 3.09937
2.35 3.09937
2.55 3.09937
2.6875 3.08687
2.8125 3.08689
2.95 3.06187
3.0625 3.06187
3.15 3.06187
3.2 3.06187
3.2375 3.01187
3.2375 2.96186
3.25 2.91187
3.25 2.84939
3.25 2.74937
3.2625 2.67436
3.2625 2.59937
3.2625 2.51187
3.25 2.42437
3.2625 2.36187
3.2625 2.29939
3.2625 2.22436
3.2625 2.11187
3.2625 2.06187
3.25 2.01188
3.25 1.92436
3.25 1.84937
3.25 1.77436
3.25 1.72436
3.25 1.66187
3.25 1.59936
3.25 1.48687
3.25 1.39937
3.25 1.33687
3.25 1.26187
3.25 1.21187
3.2625 1.13686
3.2625 1.07437
3.2125 1.07437
3.1125 1.04937
3.0125 0.999366
2.9375 0.986857
2.8875 0.961867
2.825 0.949375
2.7625 0.924374
2.7 0.911866
2.6375 0.886876
2.5625 0.861864
2.5125 0.849366
2.4625 0.836858
2.4125 0.824365
2.35 0.799381
2.275 0.774375
2.2 0.749374
2.1125 0.736876
2.05 0.711864
1.975 0.686858
1.9 0.674366
1.825 0.649365
1.7125 0.611867
1.625 0.586866
1.5625 0.561865
1.475 0.524388
1.425 0.511879
1.3625 0.486873
1.3 0.474365
1.2375 0.449375
1.175 0.436866
1.125 0.424357
1.075 0.411865
1.025 0.386859
-1.025 0.386859
-1.075 0.411865
-1.125 0.424357
-1.175 0.436866
-1.2375 0.449375
-1.3 0.474365
-1.3625 0.486873
-1.425 0.511879
-1.475 0.524388
-1.5625 0.561865
-1.625 0.586866
-1.7125 0.611867
-1.825 0.649365
-1.9 0.674366
-1.975 0.686858
-2.05 0.711864
-2.1125 0.736876
-2.2 0.749374
-2.275 0.774375
-2.35 0.799381
-2.4125 0.824365
-2.4625 0.836858
-2.5125 0.849366
-2.5625 0.861864
-2.6375 0.886876
-2.7 0.911866
-2.7625 0.924374
-2.825 0.949375
-2.8875 0.961867
-2.9375 0.986857
-3.0125 0.999366
-3.1125 1.04937
-3.2125 1.07437
-3.2625 1.07437
-3.2625 1.13686
-3.25 1.21187
-3.25 1.26187
-3.25 1.33687
-3.25 1.39937
-3.25 1.48687
-3.25 1.59936
-3.25 1.66187
-3.25 1.72436
-3.25 1.77436
-3.25 1.84937
-3.25 1.92436
-3.25 2.01188
-3.2625 2.06187
-3.2625 2.11187
-3.2625 2.22436
-3.2625 2.29939
-3.2625 2.36187
-3.25 2.42437
-3.2625 2.51187
-3.2625 2.59937
-3.2625 2.67436
-3.25 2.74937
-3.25 2.84939
-3.25 2.91187
-3.2375 2.96186
-3.2375 3.01187
-3.2 3.06187
-3.15 3.06187
-3.0625 3.06187
-2.95 3.06187
-2.8125 3.08689
-2.6875 3.08687
-2.55 3.09937
-2.35 3.09937
-2.2125 3.09937
-2.0625 3.12437
-1.925 3.13686
-1.7875 3.16187
-1.65 3.16187
-1.5 3.16187
-1.3375 3.16187
-1.2 3.16187
-1.05 3.17437
-0.9 3.17437
-0.6125 3.16186
-0.425 3.16186
-0.250001 3.16186
-0.137501 3.16186
-7.15256e-07 3.13689
BezierPoints 13
-0.211239 2.42561
0.869255 3.15739
2.98992 3.18193
3.005 3.06187
3.005 2.96106
3.005 1.90186
3.005 1.79484
0.103782 1.98419
1.06657 0.257417
-0.299435 0.416929
-0.767756 0.471616
-1.18752 1.76441
-0.211239 2.42561
P -0.813714 3 0.825863
T 0 -1 0
N -0.739954 0 -0.672657
B -0.672657 0 0.739954
SketchPoints 168
7.15256e-07 3.13689
0.137501 3.16186
0.250001 3.16186
0.425 3.16186
0.6125 3.16186
0.9 3.17437
1.05 3.17437
1.2 3.16187
1.3375 3.16187
1.5 3.16187
1.65 3.16187
1.7875 3.16187
1.925 3.13686
2.0625 3.12437
2.2125 3.09937
2.35 3.09937
2.55 3.09937
2.6875 3.08687
2.8125 3.08689
2.95 3.06187
3.0625 3.06187
3.15 3.06187
3.2 3.06187
3.2375 3.01187
3.2375 2.96186
3.25 2.91187
3.25 2.84939
3.25 2.74937
3.2625 2.67436
3.2625 2.59937
3.2625 2.51187
3.25 2.42437
3.2625 2.36187
3.2625 2.29939
3.2625 2.22436
3.2625 2.11187
3.2625 2.06187
3.25 2.01188
3.25 1.92436
3.25 1.84937
3.25 1.77436
3.25 1.72436
3.25 1.66187
3.25 1.59936
3.25 1.48687
3.25 1.39937
3.25 1.33687
3.25 1.26187
3.25 1.21187
3.2625 1.13686
3.2625 1.07437
3.2125 1.07437
3.1125 1.04937
3.0125 0.999366
2.9375 0.986857
2.8875 0.961867
2.825 0.949375
2.7625 0.924374
2.7 0.911866
2.6375 0.886876
2.5625 0.861864
2.5125 0.849366
2.4625 0.836858
2.4125 0.824365
2.35 0.799381
2.275 0.774375
2.2 0.749374
2.1125 0.736876
2.05 0.711864
1.975 0.686858
1.9 0.674366
1.825 0.649365
1.7125 0.611867
1.625 0.586866
1.5625 0.561865
1.475 0.524388
1.425 0.511879
1.3625 0.486873
1.3 0.474365
1.2375 0.449375
1.175 0.436866
1.125 0.424357
1.075 0.411865
1.025 0.386859
-1.025 0.386859
-1.075 0.411865
-1.125 0.424357
-1.175 0.436866
-1.2375 0.449375
-1.3 0.474365
-1.3625 0.486873
-1.425 0.511879
-1.475 0.524388
-1.5625 0.561865
-1.625 0.586866
-1.7125 0.611867
-1.825 0.649365
-1.9 0.674366
-1.975 0.686858
-2.05 0.711864
-2.1125 0.736876
-2.2 0.749374
-2.275 0.774375
-2.35 0.799381
-2.4125 0.824365
-2.4625 0.836858
-2.5125 0.849366
-2.5625 0.861864
-2.6375 0.886876
-2.7 0.911866
-2.7625 0.924374
-2.825 0.949375
-2.8875 0.961867
-2.9375 0.986857
-3.0125 0.999366
-3.1125 1.04937
-3.2125 1.07437
-3.2625 1.07437
-3.2625 1.13686
-3.25 1.21187
-3.25 1.26187
-3.25 1.33687
-3.25 1.39937
-3.25 1.48687
-3.25 1.59936
-3.25 1.66187
-3.25 1.72436
-3.25 1.77436
-3.25 1.84937
-3.25 1.92436
-3.25 2.01188
-3.2625 2.06187
-3.2625 2.11187
-3.2625 2.22436
-3.2625 2.29939
-3.2625 2.36187
-3.25 2.42437
-3.2625 2.51187
-3.2625 2.59937
-3.2625 2.67436
-3.25 2.74937
-3.25 2.84939
-3.25 2.91187
-3.2375 2.96186
-3.2375 3.01187
-3.2 3.06187
-3.15 3.06187
-3.0625 3.06187
-2.95 3.06187
-2.8125 3.08689
-2.6875 3.08687
-2.55 3.09937
-2.35 3.09937
-2.2125 3.09937
-2.0625 3.12437
-1.925 3.13686
-1.7875 3.16187
-1.65 3.16187
-1.5 3.16187
-1.3375 3.16187
-1.2 3.16187
-1.05 3.17437
-0.9 3.17437
-0.6125 3.16186
-0.425 3.16186
-0.250001 3.16186
-0.137501 3.16186
-7.15256e-07 3.13689
BezierPoints 13
-0.211239 2.42561
0.869255 3.15739
2.98992 3.18193
3.005 3.06187
3.005 2.96106
3.005 1.90186
3.005 1.79484
0.103782 1.98419
1.06657 0.257417
-0.299435 0.416929
-0.767756 0.471616
-1.18752 1.76441
-0.211239 2.42561
P -0.112256 3 0.0807552
T 0 -1 0
N 0.0226351 0 -0.999744
B -0.999744 0 -0.0226351
SketchPoints 344
-0.392073 -3.70974e-08
-0.457418 0.0163362
-0.506427 0.0326717
-0.571771 0.0490088
-0.637118 0.0653444
-0.702462 0.0816822
-0.751472 0.13069
-0.800481 0.179699
-0.84949 0.228709
-0.898499 0.294054
-0.947509 0.326727
-0.996518 0.375736
-1.04553 0.424744
-1.0782 0.473754
-1.09454 0.522762
-1.12721 0.588108
-1.15988 0.653454
-1.19255 0.751473
-1.20889 0.833154
-1.22523 0.898499
-1.24156 0.963845
-1.2579 1.06186
-1.27424 1.11087
-1.29057 1.19255
-1.30691 1.2579
-1.32324 1.33958
-1.33958 1.40493
-1.35592 1.48661
-1.35592 1.58463
-1.37225 1.68264
-1.37225 1.797
-1.38859 1.84601
-1.38859 1.91135
-1.40493 1.96036
-1.40493 2.05838
-1.42126 2.10739
-1.42126 2.17273
-1.4376 2.22174
-1.4376 2.28709
-1.4376 2.38511
-1.45394 2.46679
-1.4376 2.53213
-1.4376 2.61382
-1.4376 2.71183
-1.4376 2.77718
-1.4376 2.84253
-1.4376 2.90787
-1.4376 2.97322
-1.4376 3.0549
-1.4376 3.16925
-1.4376 3.2346
-1.4376 3.29994
-1.4376 3.39796
-1.4376 3.47964
-1.4376 3.54499
-1.4376 3.64301
-1.4376 3.70835
-1.4376 3.80637
-1.4376 3.90439
-1.4376 3.96973
-1.4376 4.05141
-1.4376 4.14943
-1.4376 4.21478
-1.4376 4.29646
-1.4376 4.36181
-1.38859 4.37814
-1.33958 4.39448
-1.29057 4.41081
-1.22523 4.42715
-1.15988 4.42715
-1.0782 4.44349
-0.980181 4.44349
-0.898499 4.44349
-0.800481 4.44349
-0.7188 4.45982
-0.637118 4.45982
-0.5391 4.45982
-0.473754 4.44349
-0.392073 4.44349
-0.326727 4.42715
-0.245045 4.42715
-0.245045 4.4925
-0.245045 4.55784
-0.245045 4.65586
-0.261382 4.70487
-0.326727 4.72121
-0.392073 4.73754
-0.473754 4.75388
-0.555436 4.75388
-0.620781 4.75388
-0.702462 4.75388
-0.784145 4.75388
-0.84949 4.75388
-0.980181 4.75388
-1.09454 4.75388
-1.19255 4.75388
-1.27424 4.75388
-1.33958 4.75388
-1.38859 4.77021
-1.45394 4.77022
-1.45394 4.88457
-1.45394 4.94991
-1.45394 5.01526
-1.45394 5.08061
-1.45394 5.14595
-1.47027 5.22763
-1.48661 5.32565
-1.47027 5.37466
-1.48661 5.44001
-1.48661 5.50535
-1.50294 5.5707
-1.51928 5.63604
-1.53562 5.68505
-1.55195 5.7504
-1.56829 5.7994
-1.58463 5.89742
-1.6173 5.99544
-1.64997 6.06079
-1.66631 6.12613
-1.68264 6.19148
-1.71532 6.25682
-1.74799 6.35484
-1.78066 6.46919
-1.797 6.5182
-1.82967 6.63256
-1.82967 6.69791
-1.86234 6.76325
-1.87868 6.84493
-1.87868 6.92661
-1.91135 7.00829
-1.92769 7.08998
-1.96036 7.17166
-1.9767 7.237
-1.99303 7.31868
-2.00937 7.38403
-2.02571 7.46571
-2.04205 7.5474
-2.04205 7.64541
-2.05838 7.71076
-2.05838 7.7761
-2.07472 7.87412
-2.09105 7.9558
-2.09105 8.03749
-2.10739 8.11917
-2.10739 8.20085
-2.10739 8.29886
-2.10739 8.39688
-2.09105 8.4459
-2.09105 8.52758
-2.09105 8.60926
-2.07472 8.65827
-2.07472 8.72361
-2.05838 8.82163
-2.05838 8.90331
-2.04205 8.98499
-2.02571 9.06668
-2.00937 9.16469
-1.9767 9.23004
-1.96036 9.31172
-1.94403 9.3934
-1.92769 9.44241
-1.89502 9.49142
-1.89502 9.55677
-1.84601 9.62211
-1.81333 9.67112
-1.797 9.72013
-1.74799 9.78548
-1.69898 9.83448
-1.64997 9.8835
-1.58463 9.9325
-1.50294 9.98151
-1.42126 9.99785
-1.37225 10.0142
-1.27424 10.0469
-1.22523 10.0632
-1.14354 10.0632
-1.04553 10.0795
-0.963844 10.0795
-0.882163 10.0632
-0.784145 10.0632
-0.653454 10.0305
-0.588109 9.99785
-0.506427 9.98151
-0.441081 9.96517
-0.392073 9.9325
-0.326727 9.91617
-0.277718 9.89983
-0.212373 9.86716
-0.163364 9.83448
-0.114355 9.78548
-0.0490081 9.7528
9.53674e-07 9.72013
0.0816827 9.63845
0.147027 9.58944
0.228709 9.50776
0.261383 9.44241
0.326727 9.37706
0.3594 9.32806
0.392073 9.26271
0.424745 9.2137
0.473755 9.16469
0.506427 9.09935
0.522764 9.05034
0.555436 9.00133
0.588109 8.93598
0.620781 8.87064
0.653455 8.80529
0.686127 8.75628
0.718799 8.70728
0.735137 8.64193
0.767808 8.59292
0.816818 8.52757
0.816818 8.46223
0.84949 8.41322
0.882163 8.36421
0.898499 8.29887
0.947508 8.21719
0.963845 8.16818
0.996518 8.10283
1.01285 8.03748
1.04553 7.97214
1.06186 7.92313
1.0782 7.85778
1.09454 7.7761
1.0782 7.7271
1.11087 7.64541
1.11087 7.56373
1.12721 7.49838
1.12721 7.40037
1.14355 7.31869
1.15988 7.25334
1.15988 7.15532
1.14355 7.07364
1.14355 6.97562
1.14355 6.91028
1.14355 6.84493
1.14355 6.77959
1.14355 6.71424
1.14355 6.6489
1.14355 6.5182
1.14355 6.45286
1.14355 6.35484
1.14355 6.27316
1.12721 6.22415
1.12721 6.15881
1.14355 6.09346
1.12721 6.02811
1.12721 5.96277
1.11087 5.89742
1.09454 5.81574
1.09454 5.7504
1.09454 5.68505
1.09454 5.61971
1.0782 5.52169
1.0782 5.40733
1.06186 5.32565
1.06186 5.2603
1.04553 5.19496
0.996518 5.16229
0.914837 5.12961
0.84949 5.09694
0.800481 5.08061
0.751472 5.04793
0.653455 5.0316
0.604446 5.01526
0.555436 4.99892
0.506427 4.98259
0.457418 4.96625
0.408409 4.94991
0.3594 4.93358
0.294054 4.90091
0.228709 4.8519
0.1797 4.81922
0.114354 4.77022
0.0653453 4.75388
0.0163362 4.70487
-0.0326729 4.6722
-0.081682 4.65586
-0.114355 4.60685
-0.114355 4.54151
-0.114355 4.47616
-0.081682 4.42715
-0.0163364 4.41082
0.0326726 4.39448
0.114354 4.37814
0.1797 4.37814
0.245045 4.37814
0.31039 4.37814
0.375736 4.37814
0.473755 4.37814
0.539099 4.37814
0.604446 4.37814
0.66979 4.37814
0.735137 4.37814
0.800481 4.37814
0.865828 4.37814
0.914837 4.36181
0.963845 4.3128
1.01285 4.24745
1.02919 4.18211
1.04553 4.11676
1.04553 4.05141
1.06186 3.98607
1.06186 3.92073
1.06186 3.85538
1.06186 3.7737
1.06186 3.65934
1.06186 3.57766
1.06186 3.49598
1.06186 3.43063
1.06186 3.31628
1.06186 3.20192
1.06186 3.13658
1.06186 3.00589
1.06186 2.94054
1.06186 2.82619
1.06186 2.74451
1.06186 2.67916
1.06186 2.59748
1.06186 2.53213
1.06186 2.45045
1.06186 2.30343
1.06186 2.20541
1.06186 2.12373
1.06186 2.05838
1.06186 1.99303
1.06186 1.92769
1.06186 1.84601
1.06186 1.78066
1.06186 1.69898
1.06186 1.6173
1.06186 1.53562
1.06186 1.40493
1.04553 1.33958
1.06186 1.2579
1.04553 1.15988
1.02919 1.06186
1.04553 0.996517
1.02919 0.898499
1.02919 0.816817
1.01285 0.751472
1.02919 0.702463
1.02919 0.620781
1.01285 0.571772
BezierPoints 46
-0.392073 -3.70974e-08
-1.60552 0.303358
-1.4376 2.26019
-1.4376 3.2346
-1.4376 3.48551
-1.56243 4.15376
-1.4376 4.36181
-1.2581 4.66096
-0.438699 4.27223
-0.245045 4.42715
-0.0685302 4.56836
-0.361864 4.74269
-0.473754 4.75388
-0.628254 4.76933
-1.3876 4.65413
-1.45394 4.77022
-1.58588 5.00111
-1.51116 5.60357
-1.58463 5.89742
-1.8908 7.12205
-2.36785 8.29597
-1.89502 9.55677
-1.65817 10.1883
-0.624224 10.2185
-0.163364 9.83448
0.598749 9.1994
1.06222 8.22994
1.15988 7.25334
1.2023 6.82913
1.2836 5.55208
1.04553 5.19496
0.883772 4.95232
-0.245831 4.93633
-0.114355 4.47616
-0.0252217 4.1642
0.848528 4.5761
1.01285 4.24745
1.13749 3.99818
1.06186 3.58578
1.06186 3.31628
1.06186 2.50707
1.26318 1.32274
1.01285 0.571772
0.892939 0.212026
-0.0241896 -0.09197
-0.392073 -3.70974e-08
P 0.112256 3 0.0807552
T 0.999744 0 -0.0226351
N -0.0226351 0 -0.999744
B 0 -1 0
SketchPoints 344
-3.72434e-08 -0.392073
0.0163362 -0.457418
0.0326717 -0.506427
0.0490088 -0.571771
0.0653444 -0.637118
0.0816822 -0.702462
0.13069 -0.751472
0.179699 -0.800481
0.228709 -0.84949
0.294054 -0.898499
0.326727 -0.947509
0.375736 -0.996518
0.424744 -1.04553
0.473755 -1.0782
0.522762 -1.09454
0.588108 -1.12721
0.653454 -1.15988
0.751473 -1.19255
0.833154 -1.20889
0.898499 -1.22523
0.963845 -1.24156
1.06186 -1.2579
1.11087 -1.27424
1.19255 -1.29057
1.2579 -1.30691
1.33958 -1.32324
1.40493 -1.33958
1.48661 -1.35592
1.58463 -1.35592
1.68264 -1.37225
1.797 -1.37225
1.84601 -1.38859
1.91135 -1.38859
1.96036 -1.40493
2.05838 -1.40493
2.10739 -1.42126
2.17273 -1.42126
2.22174 -1.4376
2.28709 -1.4376
2.38511 -1.4376
2.46679 -1.45394
2.53213 -1.4376
2.61382 -1.4376
2.71184 -1.4376
2.77718 -1.4376
2.84253 -1.4376
2.90787 -1.4376
2.97322 -1.4376
3.0549 -1.4376
3.16925 -1.4376
3.2346 -1.4376
3.29994 -1.4376
3.39796 -1.4376
3.47964 -1.4376
3.54499 -1.4376
3.64301 -1.4376
3.70835 -1.4376
3.80637 -1.4376
3.90439 -1.4376
3.96973 -1.4376
4.05141 -1.4376
4.14943 -1.4376
4.21478 -1.4376
4.29646 -1.4376
4.36181 -1.4376
4.37814 -1.38859
4.39448 -1.33958
4.41081 -1.29057
4.42715 -1.22523
4.42715 -1.15988
4.44349 -1.0782
4.44349 -0.980181
4.44349 -0.898499
4.44349 -0.800481
4.45983 -0.7188
4.45983 -0.637118
4.45983 -0.5391
4.44349 -0.473754
4.44349 -0.392073
4.42715 -0.326727
4.42715 -0.245045
4.4925 -0.245045
4.55784 -0.245045
4.65586 -0.245045
4.70487 -0.261382
4.72121 -0.326727
4.73754 -0.392073
4.75388 -0.473754
4.75388 -0.555436
4.75388 -0.620781
4.75388 -0.702462
4.75388 -0.784145
4.75388 -0.84949
4.75388 -0.980181
4.75388 -1.09454
4.75388 -1.19255
4.75388 -1.27424
4.75388 -1.33958
4.77021 -1.38859
4.77022 -1.45394
4.88457 -1.45394
4.94991 -1.45394
5.01526 -1.45394
5.08061 -1.45394
5.14595 -1.45394
5.22763 -1.47027
5.32565 -1.48661
5.37466 -1.47027
5.44001 -1.48661
5.50535 -1.48661
5.5707 -1.50294
5.63604 -1.51928
5.68505 -1.53562
5.7504 -1.55195
5.7994 -1.56829
5.89742 -1.58463
5.99544 -1.6173
6.06079 -1.64997
6.12613 -1.66631
6.19148 -1.68264
6.25682 -1.71532
6.35484 -1.74799
6.46919 -1.78066
6.5182 -1.797
6.63256 -1.82967
6.69791 -1.82967
6.76325 -1.86234
6.84493 -1.87868
6.92661 -1.87868
7.00829 -1.91135
7.08998 -1.92769
7.17166 -1.96036
7.237 -1.9767
7.31868 -1.99303
7.38403 -2.00937
7.46571 -2.02571
7.5474 -2.04205
7.64542 -2.04205
7.71076 -2.05838
7.7761 -2.05838
7.87412 -2.07472
7.9558 -2.09105
8.03749 -2.09105
8.11917 -2.10739
8.20085 -2.10739
8.29886 -2.10739
8.39688 -2.10739
8.4459 -2.09105
8.52758 -2.09105
8.60926 -2.09105
8.65827 -2.07472
8.72361 -2.07472
8.82163 -2.05838
8.90331 -2.05838
8.98499 -2.04205
9.06668 -2.02571
9.16469 -2.00937
9.23004 -1.9767
9.31172 -1.96036
9.3934 -1.94403
9.44241 -1.92769
9.49142 -1.89502
9.55677 -1.89502
9.62211 -1.84601
9.67112 -1.81333
9.72013 -1.797
9.78548 -1.74799
9.83448 -1.69898
9.8835 -1.64997
9.9325 -1.58463
9.98151 -1.50294
9.99785 -1.42126
10.0142 -1.37225
10.0469 -1.27424
10.0632 -1.22523
10.0632 -1.14354
10.0795 -1.04553
10.0795 -0.963844
10.0632 -0.882163
10.0632 -0.784145
10.0305 -0.653454
9.99785 -0.588109
9.98151 -0.506427
9.96517 -0.441081
9.9325 -0.392073
9.91617 -0.326727
9.89983 -0.277718
9.86716 -0.212373
9.83448 -0.163364
9.78548 -0.114355
9.7528 -0.0490081
9.72013 9.53674e-07
9.63845 0.0816827
9.58944 0.147027
9.50776 0.228709
9.44241 0.261383
9.37707 0.326727
9.32806 0.3594
9.26271 0.392073
9.2137 0.424745
9.1647 0.473755
9.09935 0.506427
9.05034 0.522764
9.00133 0.555436
8.93598 0.588109
8.87064 0.620781
8.80529 0.653455
8.75628 0.686127
8.70728 0.718799
8.64193 0.735137
8.59292 0.767808
8.52757 0.816818
8.46223 0.816818
8.41322 0.84949
8.36421 0.882163
8.29887 0.898499
8.21719 0.947508
8.16818 0.963845
8.10283 0.996518
8.03748 1.01285
7.97214 1.04553
7.92313 1.06186
7.85778 1.0782
7.7761 1.09454
7.7271 1.0782
7.64541 1.11087
7.56373 1.11087
7.49838 1.12721
7.40037 1.12721
7.31869 1.14355
7.25334 1.15988
7.15532 1.15988
7.07364 1.14355
6.97562 1.14355
6.91028 1.14355
6.84493 1.14355
6.77959 1.14355
6.71424 1.14355
6.6489 1.14355
6.5182 1.14355
6.45286 1.14355
6.35484 1.14355
6.27316 1.14355
6.22415 1.12721
6.15881 1.12721
6.09346 1.14355
6.02811 1.12721
5.96277 1.12721
5.89742 1.11087
5.81574 1.09454
5.7504 1.09454
5.68505 1.09454
5.61971 1.09454
5.52169 1.0782
5.40733 1.0782
5.32565 1.06186
5.26031 1.06186
5.19496 1.04553
5.16229 0.996518
5.12961 0.914837
5.09694 0.84949
5.08061 0.800481
5.04793 0.751472
5.0316 0.653455
5.01526 0.604446
4.99892 0.555436
4.98259 0.506427
4.96625 0.457418
4.94991 0.408409
4.93358 0.3594
4.90091 0.294054
4.8519 0.228709
4.81922 0.1797
4.77022 0.114354
4.75388 0.0653453
4.70487 0.0163362
4.6722 -0.0326729
4.65586 -0.081682
4.60685 -0.114355
4.54151 -0.114355
4.47616 -0.114355
4.42715 -0.081682
4.41082 -0.0163364
4.39448 0.0326726
4.37814 0.114354
4.37814 0.1797
4.37814 0.245045
4.37814 0.31039
4.37814 0.375736
4.37814 0.473755
4.37814 0.539099
4.37814 0.604446
4.37814 0.66979
4.37814 0.735137
4.37814 0.800481
4.37814 0.865828
4.36181 0.914837
4.3128 0.963845
4.24745 1.01285
4.18211 1.02919
4.11676 1.04553
4.05141 1.04553
3.98607 1.06186
3.92073 1.06186
3.85538 1.06186
3.7737 1.06186
3.65934 1.06186
3.57766 1.06186
3.49598 1.06186
3.43063 1.06186
3.31628 1.06186
3.20192 1.06186
3.13658 1.06186
3.00589 1.06186
2.94054 1.06186
2.82619 1.06186
2.74451 1.06186
2.67916 1.06186
2.59748 1.06186
2.53213 1.06186
2.45045 1.06186
2.30343 1.06186
2.20541 1.06186
2.12373 1.06186
2.05838 1.06186
1.99304 1.06186
1.92769 1.06186
1.84601 1.06186
1.78066 1.06186
1.69898 1.06186
1.6173 1.06186
1.53562 1.06186
1.40493 1.06186
1.33958 1.04553
1.2579 1.06186
1.15988 1.04553
1.06186 1.02919
0.996517 1.04553
0.898499 1.02919
0.816817 1.02919
0.751472 1.01285
0.702463 1.02919
0.620781 1.02919
0.571772 1.01285
BezierPoints 46
-3.72434e-08 -0.392073
0.303358 -1.60552
2.26019 -1.4376
3.2346 -1.4376
3.48551 -1.4376
4.15376 -1.56243
4.36181 -1.4376
4.66096 -1.2581
4.27223 -0.438699
4.42715 -0.245045
4.56836 -0.0685301
4.74269 -0.361864
4.75388 -0.473754
4.76933 -0.628253
4.65413 -1.3876
4.77022 -1.45394
5.00111 -1.58588
5.60357 -1.51116
5.89742 -1.58463
7.12205 -1.8908
8.29597 -2.36785
9.55677 -1.89502
10.1883 -1.65817
10.2185 -0.624224
9.83448 -0.163364
9.1994 0.598749
8.22994 1.06222
7.25334 1.15988
6.82913 1.2023
5.55208 1.2836
5.19496 1.04553
4.95232 0.883772
4.93633 -0.245831
4.47616 -0.114355
4.1642 -0.0252218
4.5761 0.848528
4.24745 1.01285
3.99818 1.13749
3.58578 1.06186
3.31628 1.06186
2.50707 1.06186
1.32274 1.26318
0.571772 1.01285
0.212026 0.892939
-0.0919701 -0.0241897
-3.72434e-08 -0.392073
