HeaderParameters 1
PlaneSketch 8
P 0 3 0
T 0 0 1
N 0 1 0
B 1 0 0
SketchPoints 118
-1.975 -2.0375
-1.975 -1.9375
-1.975 -1.8625
-1.975 -1.7875
-1.975 -1.7125
-1.975 -1.6375
-1.975 -1.575
-1.975 -1.4875
-1.975 -1.4125
-1.975 -1.3125
-1.975 -1.225
-1.975 -1
-1.975 -0.8625
-1.975 -0.725
-1.975 -0.5875
-1.975 -0.4
-1.975 -0.225
-1.975 -0.0625
-1.975 0.0625
-2 0.2
-2 0.35
-2 0.4625
-2 0.5625
-2 0.675
-2 0.775
-2 0.8625
-2 0.9875
-2 1.125
-2 1.275
-1.975 1.4125
-1.9625 1.55
-1.9625 1.6625
-1.9375 1.7875
-1.925 1.8625
-1.925 1.9375
-1.9125 2.0125
-1.9125 2.075
-1.875 2.0375
-1.8125 2.0375
-1.7 2.0375
-1.4875 2.0125
-1.25 2.0125
-0.9625 2.0375
-0.5 2.0125
-0.225 2.0125
0.0375 2.0125
0.3125 1.9875
0.5 1.9875
0.6625 1.9875
0.825 1.9875
0.975 2.0125
1.1125 2.0125
1.2625 2.0125
1.4375 2.0125
1.6125 2.0125
1.8875 2.0125
2 2.0125
2.1 2.0125
2.2 2.0125
2.2625 2.0125
2.325 2.0125
2.25 2.0125
2.1625 2.0125
2.0875 2
2.05 1.9625
2.0625 1.9125
2.075 1.8
2.075 1.7125
2.075 1.6125
2.075 1.475
2.075 1.2125
2.075 1.025
2.075 0.8375
2.1 0.65
2.1 0.4625
2.1 0.2625
2.1 0.075
2.1 -0.075
2.1 -0.225
2.125 -0.3875
2.15 -0.575
2.15 -0.8625
2.15 -1.0375
2.15 -1.225
2.15 -1.4
2.15 -1.5375
2.15 -1.65
2.15 -1.75
2.125 -1.85
2.125 -1.95
2.125 -2.0375
2.1125 -2.1375
2.1125 -2.2125
2.075 -2.175
2.0375 -2.125
2 -2.0875
1.95 -2.0625
1.8875 -2.05
1.7625 -2.0375
1.625 -2.0375
1.3625 -2.0375
1.0375 -2.0125
0.75 -2.0125
0.5 -2.0125
0.25 -2.0125
-0.025 -2.0125
-0.2375 -2.0125
-0.4375 -2.0125
-0.5375 -2.025
-0.625 -2.025
-0.725 -2.025
-0.775 -2.025
-0.825 -2.0125
-0.8875 -2.0125
-0.9375 -2.0125
-1.0125 -2.025
-1.0625 -2.025
-1.1375 -2.0375
BezierPoints 22
-1.975 -2.0375
-1.975 -1.02752
-2 -0.0203766
-2 0.9875
-2 1.11855
-2.02886 1.99743
-1.9125 2.075
-1.79336 2.15443
0.882284 2.0125
1.4375 2.0125
1.625 2.0125
1.8125 2.0125
2 2.0125
2.10833 2.0125
2.1 0.377771
2.1 -0.075
2.1 -0.665319
2.19885 -1.42168
2.125 -2.0125
2.11662 -2.07953
-1.975 -2.24687
-1.975 -2.0375
P 0.825863 3 0.813714
T 0 -1 0
N -0.672657 0 0.739954
B 0.739954 0 0.672657
SketchPoints 168
7.15256e-07 3.13689
0.137501 3.16186
0.250001 3.16186
0.425 3.16186
0.6125 3.16186
0.9 3.17437
1.05 3.17437
1.2 3.16187
1.3375 3.16187
1.5 3.16187
1.65 3.16187
1.7875 3.16187
1.925 3.13686
2.0625 3.12437
2.2125 3.09937
2.35 3.09937
2.55 3.09937
2.6875 3.08687
2.8125 3.08689
2.95 3.06187
3.0625 3.06187
3.15 3.06187
3.2 3.06187
3.2375 3.01187
3.2375 2.96186
3.25 2.91187
3.25 2.84939
3.25 2.74937
3.2625 2.67436
3.2625 2.59937
3.2625 2.51187
3.25 2.42437
3.2625 2.36187
3.2625 2.29939
3.2625 2.22436
3.2625 2.11187
3.2625 2.06187
3.25 2.01188
3.25 1.92436
3.25 1.84937
3.25 1.77436
3.25 1.72436
3.25 1.66187
3.25 1.59936
3.25 1.48687
3.25 1.39937
3.25 1.33687
3.25 1.26187
3.25 1.21187
3.2625 1.13686
3.2625 1.07437
3.2125 1.07437
3.1125 1.04937
3.0125 0.999366
2.9375 0.986857
2.8875 0.961867
2.825 0.949375
2.7625 0.924374
2.7 0.911866
2.6375 0.886876
2.5625 0.861864
2.5125 0.849366
2.4625 0.836858
2.4125 0.824365
2.35 0.799381
2.275 0.774375
2.2 0.749374
2.1125 0.736876
2.05 0.711864
1.975 0.686858
1.9 0.674366
1.825 0.649365
1.7125 0.611867
1.625 0.586866
1.5625 0.561865
1.475 0.524388
1.425 0.511879
1.3625 0.486873
1.3 0.474365
1.2375 0.449375
1.175 0.436866
1.125 0.424357
1.075 0.411865
1.025 0.386859
-1.025 0.386859
-1.075 0.411865
-1.125 0.424357
-1.175 0.436866
-1.2375 0.449375
-1.3 0.474365
-1.3625 0.486873
-1.425 0.511879
-1.475 0.524388
-1.5625 0.561865
-1.625 0.586866
-1.7125 0.611867
-1.825 0.649365
-1.9 0.674366
-1.975 0.686858
-2.05 0.711864
-2.1125 0.736876
-2.2 0.749374
-2.275 0.774375
-2.35 0.799381
-2.4125 0.824365
-2.4625 0.836858
-2.5125 0.849366
-2.5625 0.861864
-2.6375 0.886876
-2.7 0.911866
-2.7625 0.924374
-2.825 0.949375
-2.8875 0.961867
-2.9375 0.986857
-3.0125 0.999366
-3.1125 1.04937
-3.2125 1.07437
-3.2625 1.07437
-3.2625 1.13686
-3.25 1.21187
-3.25 1.26187
-3.25 1.33687
-3.25 1.39937
-3.25 1.48687
-3.25 1.59936
-3.25 1.66187
-3.25 1.72436
-3.25 1.77436
-3.25 1.84937
-3.25 1.92436
-3.25 2.01188
-3.2625 2.06187
-3.2625 2.11187
-3.2625 2.22436
-3.2625 2.29939
-3.2625 2.36187
-3.25 2.42437
-3.2625 2.51187
-3.2625 2.59937
-3.2625 2.67436
-3.25 2.74937
-3.25 2.84939
-3.25 2.91187
-3.2375 2.96186
-3.2375 3.01187
-3.2 3.06187
-3.15 3.06187
-3.0625 3.06187
-2.95 3.06187
-2.8125 3.08689
-2.6875 3.08687
-2.55 3.09937
-2.35 3.09937
-2.2125 3.09937
-2.0625 3.12437
-1.925 3.13686
-1.7875 3.16187
-1.65 3.16187
-1.5 3.16187
-1.3375 3.16187
-1.2 3.16187
-1.05 3.17437
-0.9 3.17437
-0.6125 3.16186
-0.425 3.16186
-0.250001 3.16186
-0.137501 3.16186
-7.15256e-07 3.13689
BezierPoints 13
-0.211239 2.42561
0.869255 3.15739
2.98992 3.18193
3.005 3.06187
3.005 2.96106
3.005 1.90186
3.005 1.79484
0.103782 1.98419
1.06657 0.257417
-0.299435 0.416929
-0.767756 0.471616
-1.18752 1.76441
-0.211239 2.42561
P 0.813714 3 -0.825863
T 0 -1 0
N 0.739954 0 0.672657
B 0.672657 0 -0.739954
SketchPoints 168
7.15256e-07 3.13689
0.137501 3.16186
0.250001 3.16186
0.425 3.16186
0.6125 3.16186
0.9 3.17437
1.05 3.17437
1.2 3.16187
1.3375 3.16187
1.5 3.16187
1.65 3.16187
1.7875 3.16187
1.925 3.13686
2.0625 3.12437
2.2125 3.09937
2.35 3.09937
2.55 3.09937
2.6875 3.08687
2.8125 3.08689
2.95 3.06187
3.0625 3.06187
3.15 3.06187
3.2 3.06187
3.2375 3.01187
3.2375 2.96186
3.25 2.91187
3.25 2.84939
3.25 2.74937
3.2625 2.67436
3.2625 2.59937
3.2625 2.51187
3.25 2.42437
3.2625 2.36187
3.2625 2.29939
3.2625 2.22436
3.2625 2.11187
3.2625 2.06187
3.25 2.01188
3.25 1.92436
3.25 1.84937
3.25 1.77436
3.25 1.72436
3.25 1.66187
3.25 1.59936
3.25 1.48687
3.25 1.39937
3.25 1.33687
3.25 1.26187
3.25 1.21187
3.2625 1.13686
3.2625 1.07437
3.2125 1.07437
3.1125 1.04937
3.0125 0.999366
2.9375 0.986857
2.8875 0.961867
2.825 0.949375
2.7625 0.924374
2.7 0.911866
2.6375 0.886876
2.5625 0.861864
2.5125 0.849366
2.4625 0.836858
2.4125 0.824365
2.35 0.799381
2.275 0.774375
2.2 0.749374
2.1125 0.736876
2.05 0.711864
1.975 0.686858
1.9 0.674366
1.825 0.649365
1.7125 0.611867
1.625 0.586866
1.5625 0.561865
1.475 0.524388
1.425 0.511879
1.3625 0.486873
1.3 0.474365
1.2375 0.449375
1.175 0.436866
1.125 0.424357
1.075 0.411865
1.025 0.386859
-1.025 0.386859
-1.075 0.411865
-1.125 0.424357
-1.175 0.436866
-1.2375 0.449375
-1.3 0.474365
-1.3625 0.486873
-1.425 0.511879
-1.475 0.524388
-1.5625 0.561865
-1.625 0.586866
-1.7125 0.611867
-1.825 0.649365
-1.9 0.674366
-1.975 0.686858
-2.05 0.711864
-2.1125 0.736876
-2.2 0.749374
-2.275 0.774375
-2.35 0.799381
-2.4125 0.824365
-2.4625 0.836858
-2.5125 0.849366
-2.5625 0.861864
-2.6375 0.886876
-2.7 0.911866
-2.7625 0.924374
-2.825 0.949375
-2.8875 0.961867
-2.9375 0.986857
-3.0125 0.999366
-3.1125 1.04937
-3.2125 1.07437
-3.2625 1.07437
-3.2625 1.13686
-3.25 1.21187
-3.25 1.26187
-3.25 1.33687
-3.25 1.39937
-3.25 1.48687
-3.25 1.59936
-3.25 1.66187
-3.25 1.72436
-3.25 1.77436
-3.25 1.84937
-3.25 1.92436
-3.25 2.01188
-3.2625 2.06187
-3.2625 2.11187
-3.2625 2.22436
-3.2625 2.29939
-3.2625 2.36187
-3.25 2.42437
-3.2625 2.51187
-3.2625 2.59937
-3.2625 2.67436
-3.25 2.74937
-3.25 2.84939
-3.25 2.91187
-3.2375 2.96186
-3.2375 3.01187
-3.2 3.06187
-3.15 3.06187
-3.0625 3.06187
-2.95 3.06187
-2.8125 3.08689
-2.6875 3.08687
-2.55 3.09937
-2.35 3.09937
-2.2125 3.09937
-2.0625 3.12437
-1.925 3.13686
-1.7875 3.16187
-1.65 3.16187
-1.5 3.16187
-1.3375 3.16187
-1.2 3.16187
-1.05 3.17437
-0.9 3.17437
-0.6125 3.16186
-0.425 3.16186
-0.250001 3.16186
-0.137501 3.16186
-7.15256e-07 3.13689
BezierPoints 13
-0.211239 2.42561
0.869255 3.15739
2.98992 3.18193
3.005 3.06187
3.005 2.96106
3.005 1.90186
3.005 1.79484
0.103782 1.98419
1.06657 0.257417
-0.299435 0.416929
-0.767756 0.471616
-1.18752 1.76441
-0.211239 2.42561
P -0.825863 3 -0.813714
T 0 -1 0
N 0.672657 0 -0.739954
B -0.739954 0 -0.672657
SketchPoints 168
7.15256e-07 3.13689
0.137501 3.16186
0.250001 3.16186
0.425 3.16186
0.6125 3.16186
0.9 3.17437
1.05 3.17437
1.2 3.16187
1.3375 3.16187
1.5 3.16187
1.65 3.16187
1.7875 3.16187
1.925 3.13686
2.0625 3.12437
2.2125 3.09937
2.35 3.09937
2.55 3.09937
2.6875 3.08687
2.8125 3.08689
2.95 3.06187
3.0625 3.06187
3.15 3.06187
3.2 3.06187
3.2375 3.01187
3.2375 2.96186
3.25 2.91187
3.25 2.84939
3.25 2.74937
3.2625 2.67436
3.2625 2.59937
3.2625 2.51187
3.25 2.42437
3.2625 2.36187
3.2625 2.29939
3.2625 2.22436
3.2625 2.11187
3.2625 2.06187
3.25 2.01188
3.25 1.92436
3.25 1.84937
3.25 1.77436
3.25 1.72436
3.25 1.66187
3.25 1.59936
3.25 1.48687
3.25 1.39937
3.25 1.33687
3.25 1.26187
3.25 1.21187
3.2625 1.13686
3.2625 1.07437
3.2125 1.07437
3.1125 1.04937
3.0125 0.999366
2.9375 0.986857
2.8875 0.961867
2.825 0.949375
2.7625 0.924374
2.7 0.911866
2.6375 0.886876
2.5625 0.861864
2.5125 0.849366
2.4625 0.836858
2.4125 0.824365
2.35 0.799381
2.275 0.774375
2.2 0.749374
2.1125 0.736876
2.05 0.711864
1.975 0.686858
1.9 0.674366
1.825 0.649365
1.7125 0.611867
1.625 0.586866
1.5625 0.561865
1.475 0.524388
1.425 0.511879
1.3625 0.486873
1.3 0.474365
1.2375 0.449375
1.175 0.436866
1.125 0.424357
1.075 0.411865
1.025 0.386859
-1.025 0.386859
-1.075 0.411865
-1.125 0.424357
-1.175 0.436866
-1.2375 0.449375
-1.3 0.474365
-1.3625 0.486873
-1.425 0.511879
-1.475 0.524388
-1.5625 0.561865
-1.625 0.586866
-1.7125 0.611867
-1.825 0.649365
-1.9 0.674366
-1.975 0.686858
-2.05 0.711864
-2.1125 0.736876
-2.2 0.749374
-2.275 0.774375
-2.35 0.799381
-2.4125 0.824365
-2.4625 0.836858
-2.5125 0.849366
-2.5625 0.861864
-2.6375 0.886876
-2.7 0.911866
-2.7625 0.924374
-2.825 0.949375
-2.8875 0.961867
-2.9375 0.986857
-3.0125 0.999366
-3.1125 1.04937
-3.2125 1.07437
-3.2625 1.07437
-3.2625 1.13686
-3.25 1.21187
-3.25 1.26187
-3.25 1.33687
-3.25 1.39937
-3.25 1.48687
-3.25 1.59936
-3.25 1.66187
-3.25 1.72436
-3.25 1.77436
-3.25 1.84937
-3.25 1.92436
-3.25 2.01188
-3.2625 2.06187
-3.2625 2.11187
-3.2625 2.22436
-3.2625 2.29939
-3.2625 2.36187
-3.25 2.42437
-3.2625 2.51187
-3.2625 2.59937
-3.2625 2.67436
-3.25 2.74937
-3.25 2.84939
-3.25 2.91187
-3.2375 2.96186
-3.2375 3.01187
-3.2 3.06187
-3.15 3.06187
-3.0625 3.06187
-2.95 3.06187
-2.8125 3.08689
-2.6875 3.08687
-2.55 3.09937
-2.35 3.09937
-2.2125 3.09937
-2.0625 3.12437
-1.925 3.13686
-1.7875 3.16187
-1.65 3.16187
-1.5 3.16187
-1.3375 3.16187
-1.2 3.16187
-1.05 3.17437
-0.9 3.17437
-0.6125 3.16186
-0.425 3.16186
-0.250001 3.16186
-0.137501 3.16186
-7.15256e-07 3.13689
BezierPoints 13
-0.211239 2.42561
0.869255 3.15739
2.98992 3.18193
3.005 3.06187
3.005 2.96106
3.005 1.90186
3.005 1.79484
0.103782 1.98419
1.06657 0.257417
-0.299435 0.416929
-0.767756 0.471616
-1.18752 1.76441
-0.211239 2.42561
P -0.813714 3 0.825863
T 0 -1 0
N -0.739954 0 -0.672657
B -0.672657 0 0.739954
SketchPoints 168
7.15256e-07 3.13689
0.137501 3.16186
0.250001 3.16186
0.425 3.16186
0.6125 3.16186
0.9 3.17437
1.05 3.17437
1.2 3.16187
1.3375 3.16187
1.5 3.16187
1.65 3.16187
1.7875 3.16187
1.925 3.13686
2.0625 3.12437
2.2125 3.09937
2.35 3.09937
2.55 3.09937
2.6875 3.08687
2.8125 3.08689
2.95 3.06187
3.0625 3.06187
3.15 3.06187
3.2 3.06187
3.2375 3.01187
3.2375 2.96186
3.25 2.91187
3.25 2.84939
3.25 2.74937
3.2625 2.67436
3.2625 2.59937
3.2625 2.51187
3.25 2.42437
3.2625 2.36187
3.2625 2.29939
3.2625 2.22436
3.2625 2.11187
3.2625 2.06187
3.25 2.01188
3.25 1.92436
3.25 1.84937
3.25 1.77436
3.25 1.72436
3.25 1.66187
3.25 1.59936
3.25 1.48687
3.25 1.39937
3.25 1.33687
3.25 1.26187
3.25 1.21187
3.2625 1.13686
3.2625 1.07437
3.2125 1.07437
3.1125 1.04937
3.0125 0.999366
2.9375 0.986857
2.8875 0.961867
2.825 0.949375
2.7625 0.924374
2.7 0.911866
2.6375 0.886876
2.5625 0.861864
2.5125 0.849366
2.4625 0.836858
2.4125 0.824365
2.35 0.799381
2.275 0.774375
2.2 0.749374
2.1125 0.736876
2.05 0.711864
1.975 0.686858
1.9 0.674366
1.825 0.649365
1.7125 0.611867
1.625 0.586866
1.5625 0.561865
1.475 0.524388
1.425 0.511879
1.3625 0.486873
1.3 0.474365
1.2375 0.449375
1.175 0.436866
1.125 0.424357
1.075 0.411865
1.025 0.386859
-1.025 0.386859
-1.075 0.411865
-1.125 0.424357
-1.175 0.436866
-1.2375 0.449375
-1.3 0.474365
-1.3625 0.486873
-1.425 0.511879
-1.475 0.524388
-1.5625 0.561865
-1.625 0.586866
-1.7125 0.611867
-1.825 0.649365
-1.9 0.674366
-1.975 0.686858
-2.05 0.711864
-2.1125 0.736876
-2.2 0.749374
-2.275 0.774375
-2.35 0.799381
-2.4125 0.824365
-2.4625 0.836858
-2.5125 0.849366
-2.5625 0.861864
-2.6375 0.886876
-2.7 0.911866
-2.7625 0.924374
-2.825 0.949375
-2.8875 0.961867
-2.9375 0.986857
-3.0125 0.999366
-3.1125 1.04937
-3.2125 1.07437
-3.2625 1.07437
-3.2625 1.13686
-3.25 1.21187
-3.25 1.26187
-3.25 1.33687
-3.25 1.39937
-3.25 1.48687
-3.25 1.59936
-3.25 1.66187
-3.25 1.72436
-3.25 1.77436
-3.25 1.84937
-3.25 1.92436
-3.25 2.01188
-3.2625 2.06187
-3.2625 2.11187
-3.2625 2.22436
-3.2625 2.29939
-3.2625 2.36187
-3.25 2.42437
-3.2625 2.51187
-3.2625 2.59937
-3.2625 2.67436
-3.25 2.74937
-3.25 2.84939
-3.25 2.91187
-3.2375 2.96186
-3.2375 3.01187
-3.2 3.06187
-3.15 3.06187
-3.0625 3.06187
-2.95 3.06187
-2.8125 3.08689
-2.6875 3.08687
-2.55 3.09937
-2.35 3.09937
-2.2125 3.09937
-2.0625 3.12437
-1.925 3.13686
-1.7875 3.16187
-1.65 3.16187
-1.5 3.16187
-1.3375 3.16187
-1.2 3.16187
-1.05 3.17437
-0.9 3.17437
-0.6125 3.16186
-0.425 3.16186
-0.250001 3.16186
-0.137501 3.16186
-7.15256e-07 3.13689
BezierPoints 13
-0.211239 2.42561
0.869255 3.15739
2.98992 3.18193
3.005 3.06187
3.005 2.96106
3.005 1.90186
3.005 1.79484
0.103782 1.98419
1.06657 0.257417
-0.299435 0.416929
-0.767756 0.471616
-1.18752 1.76441
-0.211239 2.42561
P 0.127238 2.99999 -1.93427
T 0 -1 0
N -0.99996 0 -0.00891794
B -0.00891794 1.90232e-06 0.99996
SketchPoints 151
0.435938 3.97108
0.495385 3.97108
0.554832 3.97108
0.614279 3.97108
0.673726 3.97108
0.733173 3.97108
0.79262 3.97108
0.871883 3.97108
0.871883 3.91163
0.871883 3.83237
0.852067 3.73329
0.852067 3.55495
0.852067 3.41624
0.852067 3.27753
0.852067 3.15864
0.852067 3.05956
0.852067 2.9803
0.832252 2.8614
0.832252 2.78214
0.832252 2.70288
0.832252 2.6038
0.832252 2.52454
0.832252 2.46509
0.832252 2.38583
0.832252 2.32638
0.832252 2.24712
0.832252 2.16785
0.852067 2.10841
0.852067 2.02914
0.852067 1.91025
0.832252 1.81117
0.832252 1.75172
0.832252 1.67246
0.832252 1.61302
0.832252 1.49412
0.832252 1.43467
0.832252 1.35541
0.832252 1.29596
0.832252 1.23652
0.832252 1.13744
0.832252 1.05818
0.832252 0.998729
0.852067 0.939282
0.852067 0.860019
0.852067 0.780756
0.852067 0.701493
0.852067 0.642046
0.852067 0.523152
0.852067 0.463705
0.852067 0.384442
0.852067 0.324995
0.852067 0.245733
0.852067 0.186286
0.852067 0.126839
0.871883 0.0673918
0.832252 0.02776
0.772804 0.0277601
0.713357 0.0277602
0.65391 0.00794492
0.594463 0.00794503
0.495385 -0.0118705
0.416121 -0.0118704
0.356674 -0.0118703
0.297227 -0.0118701
0.23778 -0.01187
0.178333 -0.0118699
0.0990701 -0.0118698
0.039624 0.00794609
-0.0198231 0.0079462
-0.0990858 0.00794635
-0.158533 0.00794646
-0.21798 0.00794622
-0.336874 0.00794644
-0.396321 0.00794656
-0.475584 0.00794671
-0.574662 0.0079469
-0.634109 0.00794701
-0.693556 0.00794712
-0.753003 0.00794724
-0.832266 0.00794739
-0.911529 0.00794754
-1.01061 0.00794773
-1.10969 0.00794792
-1.16913 0.00794803
-1.22858 0.00794814
-1.32766 0.00794833
-1.38711 0.00794844
-1.46637 0.00794859
-1.56545 0.00794878
-1.62489 0.00794889
-1.68434 0.00794901
-1.74379 0.00794912
-1.72397 0.0673961
-1.70416 0.146659
-1.70416 0.245737
-1.68434 0.344816
-1.70416 0.523157
-1.70416 0.661867
-1.70416 0.800577
-1.72397 0.939287
-1.74379 1.078
-1.7636 1.19689
-1.80323 1.37523
-1.7636 1.57339
-1.7636 1.7121
-1.78342 1.83099
-1.78342 1.91026
-1.78342 1.9697
-1.78342 2.0886
-1.78342 2.16786
-1.78342 2.26694
-1.78342 2.36602
-1.78342 2.46509
-1.78342 2.56417
-1.78342 2.64344
-1.78342 2.70288
-1.78342 2.76233
-1.78342 2.82178
-1.78342 2.94067
-1.78342 3.05956
-1.7636 3.11901
-1.7636 3.17846
-1.7636 3.23791
-1.7636 3.31717
-1.7636 3.39643
-1.7636 3.47569
-1.7636 3.57477
-1.7636 3.65404
-1.7636 3.7333
-1.7636 3.79275
-1.7636 3.87201
-1.7636 3.93146
-1.72397 3.97109
-1.66453 3.97109
-1.56545 3.9909
-1.506 4.01072
-1.42674 4.01072
-1.30784 4.03053
-1.2484 4.03053
-1.14932 4.03053
-1.08987 4.05035
-1.01061 4.05035
-0.95116 4.05035
-0.891713 4.05035
-0.832266 4.05035
-0.753003 4.05035
-0.693556 4.03053
-0.614294 4.03053
-0.535031 4.03053
-0.475584 4.03053
-0.416137 4.03053
BezierPoints 25
0.435938 3.97108
0.519043 3.97108
0.809531 4.01785
0.871883 3.97108
0.942037 3.91847
0.852067 3.18622
0.852067 3.05956
0.852067 2.14765
1.04852 0.950564
0.871883 0.0673918
0.838645 -0.0987971
-0.320146 0.00794641
-0.475584 0.00794671
-0.639373 0.00794702
-2.36015 -0.0661522
-2.85999 -0.0380787
-2.85211 0.411065
-2.92232 3.66736
-2.89501 4.06036
-2.50093 4.04165
-0.82137 4.03053
-0.416137 4.03053
-0.2026 4.03053
0.222401 3.97108
0.435938 3.97108
P 0.111366 4.06874 -0.15503
T 0.99996 0 0.00891794
N 0.000134024 0.999887 -0.015028
B 0.00891936 -0.0150286 -0.999847
SketchPoints 444
0.533782 0.151812
0.604324 0.176026
0.69824 0.224036
0.768782 0.248252
0.839324 0.272466
0.886072 0.320056
0.979988 0.368066
1.05032 0.415865
1.09707 0.463454
1.16761 0.487668
1.21415 0.558842
1.28448 0.606642
1.35481 0.654441
1.42514 0.70224
1.51864 0.797418
1.56517 0.868591
1.6353 0.939974
1.68162 1.03473
1.75153 1.1297
1.79786 1.22446
1.84419 1.31921
1.89073 1.39039
1.91368 1.46135
1.93663 1.53231
1.95958 1.60328
1.98275 1.65065
2.00528 1.76878
2.00444 1.86312
2.02697 1.98125
2.0495 2.09938
2.04845 2.2173
2.07141 2.28827
2.07057 2.3826
2.06972 2.47694
2.06909 2.54769
2.06825 2.64203
2.06762 2.71278
2.06699 2.78353
2.06594 2.90146
2.0651 2.99579
2.06447 3.06654
2.04025 3.13709
2.01604 3.20763
1.99182 3.27817
1.96782 3.32513
1.94381 3.37209
1.9196 3.44263
1.89538 3.51317
1.87117 3.58371
1.82379 3.60687
1.79957 3.67742
1.75177 3.74775
1.70398 3.81808
1.67997 3.86504
1.63259 3.8882
1.60838 3.95874
1.561 3.98191
1.48982 4.02845
1.44245 4.05161
1.39507 4.07477
1.30031 4.1211
1.22935 4.14405
1.1586 4.14342
1.11122 4.16658
1.04025 4.18954
0.969502 4.1889
0.875166 4.18806
0.804413 4.18743
0.710077 4.18659
0.639324 4.18596
0.544778 4.2087
0.497399 4.23187
0.426436 4.25482
0.355473 4.27777
0.284721 4.27714
0.237132 4.32389
0.16617 4.34684
0.118791 4.37001
0.0714123 4.39317
0.0474077 4.44013
0.0467768 4.51088
0.0461458 4.58163
0.0926832 4.65281
0.162594 4.74777
0.232505 4.84274
0.302837 4.89054
0.349585 4.93813
0.396543 4.96213
0.443501 4.98614
0.490459 5.01014
0.537207 5.05773
0.631333 5.08216
0.701875 5.10637
0.795791 5.15438
0.913501 5.17902
0.983832 5.22682
1.05438 5.25103
1.1485 5.27546
1.21904 5.29967
1.28959 5.32389
1.3835 5.3719
1.45425 5.37253
1.52459 5.42033
1.59534 5.42096
1.66567 5.46876
1.73621 5.49297
1.85371 5.54119
1.90067 5.5652
1.97121 5.58941
2.01817 5.61342
2.08871 5.63764
2.15904 5.68543
2.25317 5.70986
2.3235 5.75766
2.39404 5.78187
2.46459 5.80609
2.51133 5.85368
2.58188 5.87789
2.67558 5.94949
2.74591 5.99729
2.83983 6.0453
2.88658 6.09288
2.93353 6.11689
2.98049 6.1409
3.05061 6.21228
3.09736 6.25987
3.14411 6.30746
3.16727 6.35484
3.23718 6.4498
3.28372 6.52097
3.33026 6.59215
3.35342 6.63953
3.37637 6.71049
3.4227 6.80525
3.44566 6.87621
3.49219 6.94738
3.51515 7.01834
3.53789 7.11289
3.53705 7.20723
3.58296 7.34915
3.60528 7.49087
3.62739 7.65617
3.6495 7.82147
3.64866 7.91581
3.6714 8.01035
3.67056 8.10469
3.66993 8.17544
3.66909 8.26978
3.66804 8.3877
3.66699 8.50562
3.64214 8.64691
3.6413 8.74125
3.64046 8.83559
3.63962 8.92992
3.6154 9.00046
3.59119 9.07101
3.59056 9.14176
3.56634 9.2123
3.54192 9.30643
3.5177 9.37697
3.49348 9.44751
3.46927 9.51805
3.42105 9.63555
3.39704 9.68251
3.37283 9.75305
3.34882 9.80001
3.32482 9.84697
3.30082 9.89393
3.27681 9.94089
3.2526 10.0114
3.22859 10.0584
3.20438 10.1289
3.15679 10.1757
3.13278 10.2226
3.08477 10.3165
3.03697 10.3869
3.01297 10.4338
2.98896 10.4808
2.96496 10.5278
2.94095 10.5747
2.91695 10.6217
2.89252 10.7158
2.84494 10.7625
2.79714 10.8329
2.77292 10.9034
2.72512 10.9737
2.65332 11.091
2.60552 11.1614
2.58131 11.2319
2.53372 11.2787
2.50971 11.3256
2.46212 11.3724
2.41432 11.4427
2.34315 11.4892
2.29556 11.536
2.22439 11.5825
2.12942 11.6524
2.08204 11.6756
2.01108 11.6985
1.94033 11.6979
1.86936 11.7209
1.72765 11.7432
1.63331 11.7423
1.53877 11.7651
1.46801 11.7645
1.39705 11.7874
1.30271 11.7866
1.18479 11.7855
1.11404 11.7849
1.06666 11.8081
0.99591 11.8074
0.901573 11.8066
0.830821 11.8059
0.760068 11.8053
0.642148 11.8043
0.571395 11.8036
0.477059 11.8028
0.359138 11.8017
0.288386 11.8011
0.217633 11.8005
0.146881 11.7998
0.0761285 11.7992
-0.0761285 11.7992
-0.146881 11.7998
-0.217633 11.8005
-0.288386 11.8011
-0.359138 11.8017
-0.477059 11.8028
-0.571395 11.8036
-0.642148 11.8043
-0.760068 11.8053
-0.830821 11.8059
-0.901573 11.8066
-0.99591 11.8074
-1.06666 11.8081
-1.11404 11.7849
-1.18479 11.7855
-1.30271 11.7866
-1.39705 11.7874
-1.46801 11.7645
-1.53877 11.7651
-1.63331 11.7423
-1.72765 11.7432
-1.86936 11.7209
-1.94033 11.6979
-2.01108 11.6985
-2.08204 11.6756
-2.12942 11.6524
-2.22439 11.5825
-2.29556 11.536
-2.34315 11.4892
-2.41432 11.4427
-2.46212 11.3724
-2.50971 11.3256
-2.53372 11.2787
-2.58131 11.2319
-2.60552 11.1614
-2.65332 11.091
-2.72512 10.9737
-2.77292 10.9034
-2.79714 10.8329
-2.84494 10.7625
-2.89252 10.7158
-2.91695 10.6217
-2.94095 10.5747
-2.96496 10.5278
-2.98896 10.4808
-3.01297 10.4338
-3.03697 10.3869
-3.08477 10.3165
-3.13278 10.2226
-3.15679 10.1757
-3.20438 10.1289
-3.22859 10.0584
-3.2526 10.0114
-3.27681 9.94089
-3.30082 9.89393
-3.32482 9.84697
-3.34882 9.80001
-3.37283 9.75305
-3.39704 9.68251
-3.42105 9.63555
-3.46927 9.51805
-3.49348 9.44751
-3.5177 9.37697
-3.54192 9.30643
-3.56634 9.2123
-3.59056 9.14176
-3.59119 9.07101
-3.6154 9.00046
-3.63962 8.92992
-3.64046 8.83559
-3.6413 8.74125
-3.64214 8.64691
-3.66699 8.50562
-3.66804 8.3877
-3.66909 8.26978
-3.66993 8.17544
-3.67056 8.10469
-3.6714 8.01035
-3.64866 7.91581
-3.6495 7.82147
-3.62739 7.65617
-3.60528 7.49087
-3.58296 7.34915
-3.53705 7.20723
-3.53789 7.11289
-3.51515 7.01834
-3.49219 6.94738
-3.44566 6.87621
-3.4227 6.80525
-3.37637 6.71049
-3.35342 6.63953
-3.33026 6.59215
-3.28372 6.52097
-3.23718 6.4498
-3.16727 6.35484
-3.14411 6.30746
-3.09736 6.25987
-3.05061 6.21228
-2.98049 6.1409
-2.93353 6.11689
-2.88658 6.09288
-2.83983 6.0453
-2.74591 5.99729
-2.67558 5.94949
-2.58188 5.87789
-2.51133 5.85368
-2.46459 5.80609
-2.39404 5.78187
-2.3235 5.75766
-2.25317 5.70986
-2.15904 5.68543
-2.08871 5.63764
-2.01817 5.61342
-1.97121 5.58941
-1.90067 5.5652
-1.85371 5.54119
-1.73621 5.49297
-1.66567 5.46876
-1.59534 5.42096
-1.52459 5.42033
-1.45425 5.37253
-1.3835 5.3719
-1.28959 5.32389
-1.21904 5.29967
-1.1485 5.27546
-1.05438 5.25103
-0.983832 5.22682
-0.913501 5.17902
-0.795791 5.15438
-0.701875 5.10637
-0.631333 5.08216
-0.537207 5.05773
-0.490459 5.01014
-0.443501 4.98614
-0.396543 4.96213
-0.349585 4.93813
-0.302837 4.89054
-0.232505 4.84274
-0.162594 4.74777
-0.0926832 4.65281
-0.0461458 4.58163
-0.0467768 4.51088
-0.0474077 4.44013
-0.0714123 4.39317
-0.118791 4.37001
-0.16617 4.34684
-0.237132 4.32389
-0.284721 4.27714
-0.355473 4.27777
-0.426436 4.25482
-0.497399 4.23187
-0.544778 4.2087
-0.639324 4.18596
-0.710077 4.18659
-0.804413 4.18743
-0.875166 4.18806
-0.969502 4.1889
-1.04025 4.18954
-1.11122 4.16658
-1.1586 4.14342
-1.22935 4.14405
-1.30031 4.1211
-1.39507 4.07477
-1.44245 4.05161
-1.48982 4.02845
-1.561 3.98191
-1.60838 3.95874
-1.63259 3.8882
-1.67997 3.86504
-1.70398 3.81808
-1.75177 3.74775
-1.79957 3.67742
-1.82379 3.60687
-1.87117 3.58371
-1.89538 3.51317
-1.9196 3.44263
-1.94381 3.37209
-1.96782 3.32513
-1.99182 3.27817
-2.01604 3.20763
-2.04025 3.13709
-2.06447 3.06654
-2.0651 2.99579
-2.06594 2.90146
-2.06699 2.78353
-2.06762 2.71278
-2.06825 2.64203
-2.06909 2.54769
-2.06972 2.47694
-2.07057 2.3826
-2.07141 2.28827
-2.04845 2.2173
-2.0495 2.09938
-2.02697 1.98125
-2.00444 1.86312
-2.00528 1.76878
-1.98275 1.65065
-1.95958 1.60328
-1.93663 1.53231
-1.91368 1.46135
-1.89073 1.39039
-1.84419 1.31921
-1.79786 1.22446
-1.75153 1.1297
-1.68162 1.03473
-1.6353 0.939974
-1.56517 0.868591
-1.51864 0.797418
-1.42514 0.70224
-1.35481 0.654441
-1.28448 0.606642
-1.21415 0.558842
-1.16761 0.487668
-1.09707 0.463454
-1.05032 0.415865
-0.979988 0.368066
-0.886072 0.320056
-0.839324 0.272466
-0.768782 0.248252
-0.69824 0.224036
-0.604324 0.176026
-0.533782 0.151812
BezierPoints 40
0.533782 0.151812
2.06438 0.677214
2.54612 2.73138
1.60838 3.95874
1.34124 4.30838
0.135297 4.0202
0.0474077 4.44013
-0.0257278 4.78957
0.458625 4.99954
0.701875 5.10637
1.45678 5.43791
2.32322 5.60539
2.98049 6.1409
4.52656 7.40052
3.38159 9.92469
2.58131 11.2319
2.1088 12.0037
0.853721 11.8014
0.0761285 11.7992
-0.512374 11.7976
-1.62219 11.9841
-2.12942 11.6524
-3.33339 10.8652
-4.12761 8.24702
-3.49219 6.94738
-3.06457 6.07274
-2.35095 5.68033
-1.45425 5.37253
-1.03398 5.22827
-0.212107 5.09473
-0.0461458 4.58163
0.107397 4.10692
-1.39029 4.24419
-1.60838 3.95874
-2.54612 2.73138
-2.06438 0.677214
-0.533782 0.151812
-0.281349 0.0651605
0.281349 0.0651605
0.533782 0.151812
P 0.111366 4.06874 0.15503
T 0.00891936 -0.0150286 0.999847
N 0.000134024 0.999887 0.015028
B 0.99996 0 -0.00891794
SketchPoints 444
0.151813 0.533782
0.176028 0.604324
0.224038 0.698241
0.248254 0.768783
0.272468 0.839325
0.320058 0.886073
0.368068 0.979989
0.415868 1.05032
0.463456 1.09707
0.487671 1.16761
0.558845 1.21415
0.606645 1.28448
0.654445 1.35481
0.702244 1.42514
0.797422 1.51864
0.868595 1.56518
0.939978 1.6353
1.03474 1.68163
1.1297 1.75154
1.22446 1.79786
1.31922 1.84419
1.39039 1.89073
1.46135 1.91368
1.53232 1.93664
1.60328 1.95959
1.65066 1.98275
1.76879 2.00529
1.86313 2.00444
1.98126 2.02698
2.09939 2.04951
2.21731 2.04846
2.28827 2.07141
2.38261 2.07057
2.47695 2.06973
2.5477 2.0691
2.64204 2.06826
2.71279 2.06763
2.78354 2.067
2.90146 2.06595
2.9958 2.0651
3.06655 2.06447
3.13709 2.04026
3.20763 2.01604
3.27817 1.99183
3.32513 1.96782
3.37209 1.94382
3.44263 1.91961
3.51317 1.89539
3.58372 1.87118
3.60688 1.8238
3.67742 1.79958
3.74775 1.75178
3.81809 1.70398
3.86504 1.67998
3.88821 1.6326
3.95875 1.60839
3.98191 1.56101
4.02845 1.48983
4.05161 1.44246
4.07477 1.39508
4.1211 1.30032
4.14405 1.22936
4.14342 1.15861
4.16659 1.11123
4.18954 1.04026
4.18891 0.969513
4.18806 0.875176
4.18744 0.804423
4.18659 0.710087
4.18596 0.639335
4.2087 0.544788
4.23187 0.497409
4.25482 0.426447
4.27777 0.355484
4.27714 0.284731
4.32389 0.237143
4.34684 0.16618
4.37001 0.118801
4.39317 0.071423
4.44013 0.0474184
4.51088 0.0467877
4.58163 0.0461569
4.65281 0.0926945
4.74777 0.162606
4.84274 0.232517
4.89054 0.302849
4.93813 0.349597
4.96213 0.396555
4.98614 0.443513
5.01014 0.490471
5.05773 0.537219
5.08216 0.631345
5.10638 0.701887
5.15438 0.795803
5.17902 0.913514
5.22682 0.983845
5.25104 1.05439
5.27546 1.14851
5.29968 1.21906
5.32389 1.2896
5.3719 1.38351
5.37253 1.45427
5.42033 1.5246
5.42096 1.59535
5.46876 1.66568
5.49298 1.73622
5.5412 1.85372
5.5652 1.90068
5.58942 1.97123
5.61342 2.01818
5.63764 2.08873
5.68544 2.15906
5.70987 2.25318
5.75766 2.32352
5.78188 2.39406
5.8061 2.4646
5.85368 2.51135
5.8779 2.58189
5.9495 2.6756
5.99729 2.74593
6.0453 2.83984
6.09289 2.88659
6.1169 2.93355
6.1409 2.98051
6.21229 3.05063
6.25988 3.09738
6.30746 3.14412
6.35484 3.16729
6.44981 3.2372
6.52098 3.28374
6.59216 3.33027
6.63954 3.35344
6.7105 3.37639
6.80526 3.42272
6.87622 3.44567
6.94739 3.49221
7.01835 3.51516
7.1129 3.53791
7.20724 3.53707
7.34916 3.58297
7.49088 3.6053
7.65618 3.62741
7.82148 3.64952
7.91582 3.64868
8.01036 3.67142
8.1047 3.67058
8.17545 3.66995
8.26979 3.66911
8.38771 3.66806
8.50562 3.66701
8.64692 3.64216
8.74126 3.64132
8.8356 3.64048
8.92993 3.63964
9.00047 3.61542
9.07102 3.59121
9.14177 3.59058
9.21231 3.56636
9.30644 3.54194
9.37698 3.51772
9.44752 3.49351
9.51806 3.46929
9.63556 3.42107
9.68252 3.39707
9.75306 3.37285
9.80002 3.34885
9.84698 3.32484
9.89394 3.30084
9.9409 3.27683
10.0114 3.25262
10.0584 3.22862
10.1289 3.2044
10.1757 3.15681
10.2226 3.13281
10.3166 3.0848
10.3869 3.037
10.4338 3.01299
10.4808 2.98899
10.5278 2.96498
10.5747 2.94098
10.6217 2.91698
10.7158 2.89255
10.7626 2.84496
10.8329 2.79716
10.9034 2.77295
10.9738 2.72515
11.091 2.65335
11.1614 2.60555
11.2319 2.58133
11.2787 2.53374
11.3256 2.50974
11.3724 2.46215
11.4427 2.41435
11.4892 2.34318
11.536 2.29559
11.5825 2.22442
11.6524 2.12945
11.6756 2.08207
11.6986 2.01111
11.6979 1.94035
11.7209 1.86939
11.7432 1.72768
11.7424 1.63334
11.7651 1.53879
11.7645 1.46804
11.7874 1.39708
11.7866 1.30274
11.7855 1.18482
11.7849 1.11407
11.8081 1.06669
11.8074 0.995938
11.8066 0.901602
11.806 0.83085
11.8053 0.760097
11.8043 0.642176
11.8036 0.571424
11.8028 0.477088
11.8017 0.359167
11.8011 0.288414
11.8005 0.217662
11.7998 0.14691
11.7992 0.0761571
11.7992 -0.0761
11.7998 -0.146852
11.8005 -0.217605
11.8011 -0.288357
11.8017 -0.35911
11.8028 -0.47703
11.8036 -0.571367
11.8043 -0.642119
11.8053 -0.76004
11.8059 -0.830792
11.8066 -0.901545
11.8074 -0.995881
11.8081 -1.06663
11.7849 -1.11401
11.7855 -1.18476
11.7866 -1.30269
11.7874 -1.39702
11.7645 -1.46798
11.7651 -1.53874
11.7423 -1.63328
11.7432 -1.72762
11.7209 -1.86934
11.6979 -1.9403
11.6985 -2.01105
11.6756 -2.08201
11.6524 -2.12939
11.5825 -2.22436
11.536 -2.29553
11.4892 -2.34312
11.4427 -2.41429
11.3724 -2.46209
11.3256 -2.50968
11.2787 -2.53369
11.2319 -2.58128
11.1614 -2.60549
11.091 -2.65329
10.9737 -2.7251
10.9034 -2.77289
10.8329 -2.79711
10.7625 -2.84491
10.7158 -2.8925
10.6217 -2.91692
10.5747 -2.94093
10.5277 -2.96493
10.4808 -2.98894
10.4338 -3.01294
10.3869 -3.03695
10.3165 -3.08475
10.2226 -3.13276
10.1757 -3.15676
10.1289 -3.20435
10.0584 -3.22857
10.0114 -3.25257
9.94088 -3.27679
9.89392 -3.30079
9.84696 -3.3248
9.8 -3.3488
9.75304 -3.37281
9.6825 -3.39702
9.63554 -3.42103
9.51804 -3.46925
9.4475 -3.49346
9.37697 -3.51768
9.30642 -3.54189
9.21229 -3.56632
9.14175 -3.59053
9.071 -3.59116
9.00046 -3.61538
8.92991 -3.6396
8.83558 -3.64044
8.74124 -3.64128
8.6469 -3.64212
8.50561 -3.66697
8.38769 -3.66802
8.26977 -3.66907
8.17543 -3.66991
8.10468 -3.67054
8.01034 -3.67138
7.9158 -3.64864
7.82146 -3.64948
7.65616 -3.62737
7.49086 -3.60526
7.34914 -3.58294
7.20722 -3.53703
7.11288 -3.53787
7.01834 -3.51513
6.94737 -3.49218
6.8762 -3.44564
6.80524 -3.42269
6.71048 -3.37636
6.63952 -3.35341
6.59214 -3.33024
6.52096 -3.2837
6.44979 -3.23717
6.35483 -3.16726
6.30745 -3.14409
6.25986 -3.09735
6.21227 -3.0506
6.14089 -2.98048
6.11688 -2.93352
6.09288 -2.88656
6.04529 -2.83981
5.99728 -2.7459
5.94948 -2.67557
5.87789 -2.58186
5.85367 -2.51132
5.80608 -2.46457
5.78187 -2.39403
5.75765 -2.32349
5.70985 -2.25316
5.68543 -2.15903
5.63763 -2.0887
5.61341 -2.01816
5.58941 -1.9712
5.5652 -1.90066
5.54119 -1.8537
5.49297 -1.7362
5.46875 -1.66566
5.42096 -1.59532
5.42032 -1.52457
5.37252 -1.45424
5.3719 -1.38349
5.32388 -1.28957
5.29967 -1.21903
5.27546 -1.14849
5.25103 -1.05436
5.22681 -0.98382
5.17902 -0.913489
5.15438 -0.795778
5.10637 -0.701862
5.08215 -0.631321
5.05773 -0.537194
5.01014 -0.490447
4.98614 -0.443489
4.96213 -0.396531
4.93813 -0.349573
4.89054 -0.302825
4.84274 -0.232494
4.74777 -0.162583
4.65281 -0.0926719
4.58163 -0.0461347
4.51088 -0.0467658
4.44013 -0.0473969
4.39317 -0.0714017
4.37001 -0.11878
4.34684 -0.166159
4.32389 -0.237122
4.27714 -0.284711
4.27777 -0.355463
4.25482 -0.426426
4.23187 -0.497389
4.2087 -0.544767
4.18596 -0.639314
4.18659 -0.710066
4.18743 -0.804403
4.18806 -0.875156
4.1889 -0.969492
4.18953 -1.04024
4.16658 -1.11121
4.14342 -1.15859
4.14405 -1.22934
4.12109 -1.3003
4.07477 -1.39506
4.05161 -1.44244
4.02844 -1.48982
3.9819 -1.56099
3.95874 -1.60837
3.8882 -1.63258
3.86504 -1.67996
3.81808 -1.70397
3.74775 -1.75177
3.67741 -1.79956
3.60687 -1.82378
3.58371 -1.87116
3.51316 -1.89537
3.44262 -1.91959
3.37208 -1.9438
3.32512 -1.96781
3.27816 -1.99181
3.20762 -2.01603
3.13708 -2.04024
3.06654 -2.06446
2.99579 -2.06509
2.90145 -2.06593
2.78353 -2.06698
2.71277 -2.06761
2.64202 -2.06825
2.54769 -2.06909
2.47694 -2.06972
2.3826 -2.07056
2.28826 -2.0714
2.2173 -2.04845
2.09938 -2.0495
1.98125 -2.02697
1.86312 -2.00444
1.76878 -2.00528
1.65065 -1.98274
1.60327 -1.95958
1.53231 -1.93663
1.46135 -1.91367
1.39038 -1.89072
1.31921 -1.84419
1.22445 -1.79786
1.1297 -1.75153
1.03473 -1.68162
0.93997 -1.63529
0.868587 -1.56517
0.797414 -1.51863
0.702237 -1.42514
0.654438 -1.35481
0.606639 -1.28448
0.55884 -1.21415
0.487665 -1.16761
0.463451 -1.09707
0.415863 -1.05032
0.368063 -0.979987
0.320053 -0.886071
0.272464 -0.839323
0.24825 -0.768781
0.224034 -0.69824
0.176025 -0.604324
0.15181 -0.533782
BezierPoints 40
0.151813 0.533782
0.677219 2.06439
2.73139 2.54612
3.95875 1.60839
4.30839 1.34125
4.0202 0.135306
4.44013 0.0474184
4.78957 -0.0257162
4.99955 0.458637
5.10638 0.701887
5.43791 1.45679
5.6054 2.32323
6.1409 2.98051
7.40053 4.52658
9.9247 3.38161
11.2319 2.58133
12.0037 2.10883
11.8014 0.853749
11.7992 0.0761571
11.7975 -0.512345
11.9841 -1.62216
11.6524 -2.12939
10.8652 -3.33336
8.24701 -4.12759
6.94737 -3.49218
6.07273 -3.06455
5.68032 -2.35094
5.37252 -1.45424
5.22826 -1.03397
5.09473 -0.212095
4.58163 -0.0461347
4.10692 0.107407
4.24419 -1.39028
3.95874 -1.60837
2.73137 -2.54611
0.677209 -2.06438
0.15181 -0.533782
0.0651598 -0.281349
0.0651611 0.281349
0.151813 0.533782
