HeaderParameters 1
PlaneSketch 5
P 0 3 0
T 0 0 1
N 0 1 0
B 1 0 0
SketchPoints 444
-5.0125 -1.95
-5.0125 -1.8875
-5 -1.8125
-4.9875 -1.7625
-4.9875 -1.7
-4.9625 -1.625
-4.95 -1.55
-4.9375 -1.475
-4.9125 -1.4125
-4.875 -1.3
-4.8625 -1.2375
-4.85 -1.1
-4.8375 -1.0375
-4.825 -0.9625
-4.8125 -0.9125
-4.7875 -0.85
-4.7875 -0.7375
-4.775 -0.675
-4.775 -0.6
-4.775 -0.5
-4.775 -0.4375
-4.775 -0.375
-4.775 -0.3125
-4.775 -0.2375
-4.775 -0.175
-4.775 -0.1125
-4.775 -0.05
-4.775 0
-4.775 0.0625
-4.775 0.1625
-4.775 0.225
-4.775 0.275
-4.775 0.35
-4.775 0.4375
-4.775 0.55
-4.7875 0.6125
-4.7875 0.6875
-4.7875 0.7625
-4.7875 0.85
-4.7875 0.9625
-4.7875 1.025
-4.7875 1.1125
-4.7875 1.175
-4.7875 1.25
-4.7875 1.3125
-4.7875 1.4125
-4.8 1.4625
-4.8125 1.5625
-4.825 1.675
-4.8375 1.725
-4.85 1.8
-4.8625 1.875
-4.875 1.925
-4.8875 2
-4.85 2.0375
-4.7875 2.0375
-4.6875 2.0375
-4.6125 2.0375
-4.525 2.0375
-4.4375 2.0375
-4.3625 2.0375
-4.2875 2.0375
-4.2125 2.0375
-4.15 2.0375
-4.0875 2.0375
-3.9875 2.0375
-3.925 2.0375
-3.8375 2.05
-3.75 2.05
-3.675 2.05
-3.5875 2.05
-3.5 2.05
-3.4 2.05
-3.2375 2.05
-3.0625 2.05
-2.925 2.05
-2.7875 2.05
-2.65 2.05
-2.525 2.075
-2.325 2.075
-2.1875 2.075
-2.075 2.075
-2 2.075
-1.8875 2.075
-1.8125 2.075
-1.725 2.075
-1.6375 2.075
-1.55 2.075
-1.4875 2.075
-1.4125 2.075
-1.35 2.075
-1.2375 2.075
-1.175 2.075
-1.1 2.075
-1.0125 2.075
-0.925 2.075
-0.8625 2.075
-0.8125 2.075
-0.75 2.075
-0.6875 2.075
-0.625 2.075
-0.55 2.075
-0.4875 2.075
-0.4375 2.075
-0.3875 2.0625
-0.325 2.0375
-0.275 2
-0.25 1.95
-0.225 1.8875
-0.175 1.8125
-0.1625 1.75
-0.15 1.6875
-0.15 1.6375
-0.1375 1.5625
-0.125 1.4875
-0.125 1.375
-0.125 1.325
-0.125 1.2375
-0.125 1.175
-0.125 1.075
-0.125 1.0125
-0.125 0.925
-0.125 0.875
-0.125 0.775
-0.125 0.725
-0.125 0.6375
-0.125 0.5625
-0.125 0.4875
-0.125 0.4
-0.125 0.325
-0.125 0.2375
-0.125 0.175
-0.125 0.1
-0.125 0.0375
-0.1 -0.025
-0.075 -0.075
-0.025 -0.0875
0.0375 -0.0875
0.0875 -0.0875
0.1375 -0.075
0.1875 -0.05
0.2375 0
0.2625 0.1
0.275 0.15
0.2875 0.2
0.2875 0.275
0.2875 0.3625
0.2875 0.425
0.2875 0.4875
0.2875 0.55
0.2875 0.65
0.2875 0.725
0.2875 0.775
0.2875 0.825
0.2875 0.875
0.275 0.9625
0.275 1.0375
0.275 1.125
0.275 1.25
0.275 1.325
0.2875 1.4125
0.2875 1.4875
0.2875 1.55
0.2875 1.6125
0.2875 1.6625
0.2875 1.725
0.2875 1.7875
0.2875 1.8625
0.2875 1.925
0.2875 1.9875
0.3125 2.0375
0.35 2.075
0.4 2.0875
0.45 2.1125
0.5125 2.1125
0.575 2.125
0.6375 2.125
0.7375 2.1125
0.8 2.1125
0.8625 2.1125
0.9375 2.1125
1 2.1125
1.0625 2.1125
1.1375 2.1125
1.2125 2.1125
1.2875 2.1125
1.3625 2.1125
1.425 2.1125
1.4875 2.1125
1.5875 2.1125
1.725 2.1125
1.8 2.1125
1.8625 2.1
1.925 2.1
2.0125 2.1
2.1125 2.1
2.2125 2.1
2.3375 2.1
2.5 2.1
2.675 2.1
2.8625 2.1
3.0375 2.075
3.2625 2.075
3.3875 2.075
3.4875 2.075
3.5875 2.075
3.6875 2.075
3.75 2.075
3.85 2.075
3.9625 2.075
4.025 2.075
4.0875 2.075
4.1625 2.075
4.2125 2.0875
4.2625 2.0875
4.3125 2.1
4.375 2.0875
4.45 2.0875
4.5 2.1
4.6 2.1
4.6625 2.1
4.7125 2.0875
4.7625 2.0875
4.825 2.075
4.875 2.0625
4.925 2.05
4.975 2.025
5.0125 1.9875
5.0375 1.9125
5.0375 1.825
5.0375 1.7375
5.0375 1.6625
5.0375 1.5875
5.0375 1.4875
5.0375 1.4
5.0375 1.2875
5.0375 1.2375
5.0375 1.175
5.05 1.1
5.05 1.0125
5.05 0.9375
5.05 0.8875
5.05 0.8375
5.05 0.7875
5.05 0.725
5.05 0.6625
5.0375 0.6125
5.0375 0.55
5.0375 0.5
5.0375 0.45
5.0375 0.3875
5.0375 0.325
5.025 0.2125
5.025 0.15
5.025 0.0625
5.025 0.0125
5.025 -0.0875
5.025 -0.1375
5.0125 -0.2375
5.0125 -0.3125
5.0125 -0.4
5 -0.45
5 -0.525
5 -0.575
5 -0.625
5 -0.7125
4.9875 -0.8
4.975 -0.875
4.9625 -0.9375
4.9625 -0.9875
4.95 -1.05
4.95 -1.1
4.9375 -1.175
4.925 -1.2375
4.925 -1.3125
4.9125 -1.3875
4.9125 -1.45
4.9125 -1.5
4.9125 -1.5875
4.9125 -1.65
4.9125 -1.7125
4.9125 -1.775
4.9125 -1.85
4.925 -1.925
4.9375 -1.975
4.9375 -2.0375
4.925 -2.0875
4.8625 -2.1375
4.8125 -2.1625
4.75 -2.175
4.6375 -2.1875
4.575 -2.1625
4.5125 -2.1625
4.4375 -2.1625
4.3625 -2.1625
4.2375 -2.1625
3.9125 -2.1625
3.475 -2.1125
2.85 -2.0375
2.475 -2.0125
2.175 -1.9625
1.9875 -1.9625
1.9 -1.95
1.8 -1.95
1.7125 -1.95
1.6125 -1.95
1.5375 -1.95
1.475 -1.95
1.4125 -1.95
1.325 -1.95
1.2625 -1.95
1.1875 -1.95
1.125 -1.95
1.0625 -1.95
1.0125 -1.95
0.9375 -1.95
0.8875 -1.95
0.8125 -1.9625
0.75 -1.9625
0.675 -1.9625
0.625 -1.9625
0.5625 -1.9625
0.5 -1.9625
0.4125 -1.9625
0.3625 -1.975
0.3125 -1.975
0.275 -1.9125
0.2625 -1.85
0.2625 -1.7875
0.25 -1.7375
0.25 -1.6375
0.25 -1.5375
0.25 -1.4625
0.2625 -1.4125
0.2625 -1.35
0.275 -1.3
0.2875 -1.2125
0.2875 -1.1375
0.2875 -1.05
0.2875 -0.975
0.275 -0.9
0.275 -0.825
0.275 -0.7625
0.2625 -0.7
0.2625 -0.6375
0.25 -0.5625
0.2375 -0.5125
0.225 -0.4625
0.2125 -0.4
0.2 -0.3375
0.1875 -0.2875
0.175 -0.2375
0.1625 -0.175
0.1375 -0.125
0.125 -0.075
0.1 -0.025
0.0375 -0.025
-0.025 -0.0375
-0.075 -0.0625
-0.1125 -0.1
-0.15 -0.1375
-0.2 -0.1875
-0.225 -0.2375
-0.2375 -0.2875
-0.2375 -0.35
-0.2375 -0.4125
-0.2375 -0.475
-0.2375 -0.55
-0.2375 -0.625
-0.2375 -0.7
-0.2375 -0.775
-0.2375 -0.8375
-0.2375 -0.8875
-0.25 -0.9625
-0.25 -1.0375
-0.2375 -1.0875
-0.2375 -1.2
-0.2375 -1.25
-0.2375 -1.325
-0.2375 -1.4
-0.2375 -1.475
-0.2375 -1.5375
-0.2375 -1.6125
-0.2375 -1.6625
-0.2375 -1.725
-0.2375 -1.8
-0.2375 -1.85
-0.25 -1.9125
-0.25 -1.9875
-0.2625 -2.0375
-0.325 -2.025
-0.4 -2.025
-0.4875 -2.025
-0.5625 -2.025
-0.625 -2.025
-0.6875 -2.025
-0.7375 -2.025
-0.825 -2.025
-0.8875 -2.025
-0.9875 -2.025
-1.0875 -2.025
-1.15 -2.025
-1.25 -2.025
-1.3 -2.025
-1.4125 -2.025
-1.4875 -2.025
-1.6125 -2.025
-1.675 -2.0125
-1.725 -2.025
-1.8 -2.025
-1.875 -2.025
-1.95 -2.025
-2.025 -2.025
-2.1 -2.025
-2.1875 -2.0125
-2.275 -2.0125
-2.3875 -2.0125
-2.4625 -2.0125
-2.525 -2.0125
-2.5875 -2.0125
-2.65 -2.0125
-2.725 -2.0125
-2.7875 -2.0125
-2.875 -2.0125
-2.95 -2.0125
-3.0625 -2.0125
-3.1125 -2.0125
-3.225 -2.0125
-3.2875 -2.0125
-3.35 -2.025
-3.4125 -2.025
-3.5 -2.025
-3.575 -2.025
-3.65 -2.0125
-3.7125 -2.0125
-3.7875 -2.0125
-3.875 -2.0125
-3.95 -2.0125
-4.05 -2.0125
-4.1 -2.0125
-4.1875 -2.0125
-4.25 -2.0125
-4.3125 -2.0125
-4.375 -2.0125
BezierPoints 31
-4.8625 -1.8875
-4.8625 -1.10405
-4.8875 1.625
-4.8875 2
-4.2 2.0375
-0.400516 2.05099
-0.0544295 2.05873
-0.0544295 1.67123
-0.0276083 0.505793
0.0925241 0.0967102
0.225158 0.509832
0.229074 1.62914
0.241574 2.05414
0.541574 2.05414
4.6 2.05
5.0125 1.9875
5.025 1.675
5.025 -1.6625
5 -1.975
4.675 -1.975
0.842599 -1.96659
0.317599 -1.95409
0.313637 -1.5382
0.205797 -0.452049
0.0903168 0.0513115
-0.0251536 -0.428917
-0.122443 -1.53333
-0.153411 -1.93384
-0.565911 -1.93384
-4.3375 -1.9
-4.8625 -1.8875
P 0.0322616 3 3.14606
T 0 -1 0
N -1 0 -0.000360433
B -0.000360433 0 1
SketchPoints 107
-0.433903 -0.0746703
-0.493751 -0.0746703
-0.5536 -0.0896335
-0.613448 -0.0896335
-0.628411 -0.0148227
-0.628411 0.0450258
-0.628411 0.104876
-0.628411 0.224572
-0.628411 0.34427
-0.628411 0.463966
-0.628411 0.598627
-0.613448 0.748248
-0.583524 0.927792
-0.583524 1.09238
-0.613448 1.242
-0.613448 1.3617
-0.613448 1.46643
-0.613448 1.52628
-0.613448 1.60109
-0.613448 1.69086
-0.613448 1.7956
-0.613448 1.90033
-0.628411 2.00507
-0.613448 2.09484
-0.613448 2.21454
-0.613448 2.39408
-0.613448 2.57363
-0.613448 2.67837
-0.628411 2.73821
-0.643373 2.79806
-0.643373 2.85791
-0.643373 2.93272
-0.643373 3.02249
-0.643373 3.08234
-0.643373 3.14219
-0.658335 3.23197
-0.658335 3.29181
-0.658335 3.35166
-0.658335 3.41151
-0.673297 3.48632
-0.673297 3.56113
-0.673297 3.62098
-0.673297 3.68083
-0.643373 3.72572
-0.583524 3.74068
-0.508713 3.75564
-0.433903 3.75564
-0.359092 3.75564
-0.254357 3.75564
-0.194508 3.75564
-0.119697 3.75564
-0.0598485 3.75564
0.0149622 3.74068
0.0748107 3.74068
0.164584 3.74068
0.239394 3.74068
0.299243 3.74068
0.374054 3.74068
0.433903 3.74068
0.508713 3.74068
0.583524 3.74068
0.643373 3.72572
0.643373 3.65091
0.658335 3.5761
0.658335 3.48632
0.658335 3.36662
0.658335 3.23197
0.658335 3.12723
0.658335 3.03746
0.658335 2.97761
0.658335 2.91776
0.658335 2.82799
0.658335 2.75318
0.658335 2.6634
0.658335 2.57363
0.658335 2.49882
0.658335 2.43897
0.658335 2.36416
0.658335 2.28935
0.658335 2.19958
0.658335 2.09484
0.658335 1.99011
0.658335 1.88537
0.658335 1.75071
0.658335 1.66094
0.658335 1.58613
0.658335 1.51132
0.658335 1.45147
0.658335 1.39162
0.658335 1.28689
0.658335 1.21208
0.658335 1.13726
0.673297 1.07741
0.658335 0.957718
0.658335 0.852983
0.658335 0.778171
0.658335 0.703361
0.658335 0.62855
0.658335 0.538777
0.658335 0.463966
0.658335 0.389155
0.658335 0.329308
0.658335 0.254497
0.658335 0.194649
0.673297 0.134799
0.673297 0.0749502
0.673297 0.0151026
BezierPoints 13
-0.598486 -0.119558
-0.613448 0.299382
-0.613449 3.27685
-0.643373 3.71075
-0.20947 3.74068
0.119697 3.75564
0.583524 3.72572
0.613448 3.24693
0.613448 0.443508
0.613448 -0.104596
0.20947 -0.119558
-0.164584 -0.119558
-0.598486 -0.119558
P 0.031311 3.28028 5.81263
T 1 0 0.000360433
N 0.000227785 -0.774988 -0.631976
B -0.000282097 -0.631976 0.774988
SketchPoints 288
0.269304 1.70796
0.374039 1.87253
0.508699 1.99223
0.553585 2.06705
0.613433 2.14186
0.643358 2.18675
0.688244 2.27653
0.763055 2.35134
0.792979 2.41119
0.837865 2.45608
0.882752 2.51591
0.957562 2.62067
1.00245 2.68049
1.04733 2.72538
1.09222 2.78523
1.13711 2.8451
1.19696 2.96478
1.27177 3.05453
1.31665 3.12937
1.3765 3.20418
1.42139 3.279
1.45131 3.33882
1.4962 3.38372
1.52612 3.44355
1.57101 3.51838
1.6159 3.59321
1.66078 3.65303
1.69071 3.69792
1.76552 3.77275
1.8104 3.84754
1.84033 3.90738
1.88521 3.98221
1.9301 4.04206
1.98995 4.16175
2.03483 4.20663
2.07972 4.28145
2.12461 4.35628
2.16949 4.43105
2.19942 4.49093
2.2443 4.55077
2.27423 4.59566
2.30415 4.64054
2.34904 4.71535
2.37896 4.76024
2.40889 4.80512
2.43881 4.86498
2.4837 4.92483
2.51362 4.98467
2.55851 5.07446
2.58843 5.13428
2.61836 5.19413
2.64828 5.25398
2.66324 5.31382
2.67821 5.37369
2.75302 5.38864
2.9176 5.38864
3.20188 5.38863
3.38143 5.38864
3.51609 5.38865
3.5909 5.38864
3.65075 5.38864
3.71059 5.38862
3.77044 5.38863
3.84525 5.38864
3.92006 5.38862
3.96495 5.35871
3.93503 5.26894
3.9051 5.22405
3.89014 5.16419
3.87518 5.10436
3.84525 5.05947
3.81533 5.01457
3.7854 4.96968
3.75548 4.92481
3.72556 4.86497
3.69563 4.80511
3.63578 4.74528
3.60586 4.68542
3.57594 4.64056
3.54601 4.58069
3.50112 4.50587
3.4712 4.44605
3.41135 4.35628
3.3515 4.26646
3.30662 4.17673
3.26173 4.1019
3.21684 4.04203
3.18692 3.99714
3.11211 3.9074
3.06722 3.84752
3.00738 3.75775
2.94753 3.668
2.87272 3.56327
2.81287 3.47351
2.75302 3.36873
2.69317 3.27899
2.63332 3.21911
2.57347 3.1593
2.52859 3.08448
2.4837 3.00966
2.42385 2.90492
2.37897 2.8451
2.34904 2.7553
2.28919 2.66553
2.24431 2.56079
2.18446 2.45608
2.12461 2.29148
2.06476 2.14186
2.01988 2.0072
1.96003 1.8875
1.91514 1.76781
1.88522 1.67805
1.82537 1.58824
1.76552 1.48353
1.72063 1.42368
1.67575 1.34886
1.63086 1.27403
1.58597 1.21421
1.55605 1.15436
1.51116 1.09452
1.48124 1.04963
1.43635 0.974805
1.39147 0.929918
1.36154 0.885032
1.31666 0.825183
1.25681 0.765346
1.21192 0.720437
1.182 0.675575
1.12215 0.615701
1.07726 0.570827
1.03238 0.525939
0.972528 0.481067
0.912679 0.436192
0.867793 0.391295
0.822906 0.361369
0.77802 0.331432
0.703209 0.286555
0.658323 0.256634
0.583512 0.211759
0.523663 0.196774
0.463815 0.151885
0.403966 0.136938
0.35908 0.106986
0.284269 0.0771024
-0.284269 0.0771024
-0.35908 0.106986
-0.403966 0.136938
-0.463815 0.151885
-0.523663 0.196774
-0.583512 0.211759
-0.658323 0.256634
-0.703209 0.286555
-0.77802 0.331432
-0.822906 0.361369
-0.867793 0.391295
-0.912679 0.436192
-0.972528 0.481067
-1.03238 0.525939
-1.07726 0.570827
-1.12215 0.615701
-1.182 0.675575
-1.21192 0.720437
-1.25681 0.765346
-1.31666 0.825183
-1.36154 0.885032
-1.39147 0.929918
-1.43635 0.974805
-1.48124 1.04963
-1.51116 1.09452
-1.55605 1.15436
-1.58597 1.21421
-1.63086 1.27403
-1.67575 1.34886
-1.72063 1.42368
-1.76552 1.48353
-1.82537 1.58824
-1.88522 1.67805
-1.91514 1.76781
-1.96003 1.8875
-2.01988 2.0072
-2.06476 2.14186
-2.12461 2.29148
-2.18446 2.45608
-2.24431 2.56079
-2.28919 2.66553
-2.34904 2.7553
-2.37897 2.8451
-2.42385 2.90492
-2.4837 3.00966
-2.52859 3.08448
-2.57347 3.1593
-2.63332 3.21911
-2.69317 3.27899
-2.75302 3.36873
-2.81287 3.47351
-2.87272 3.56327
-2.94753 3.668
-3.00738 3.75775
-3.06722 3.84752
-3.11211 3.9074
-3.18692 3.99714
-3.21684 4.04203
-3.26173 4.1019
-3.30662 4.17673
-3.3515 4.26646
-3.41135 4.35628
-3.4712 4.44605
-3.50112 4.50587
-3.54601 4.58069
-3.57594 4.64056
-3.60586 4.68542
-3.63578 4.74528
-3.69563 4.80511
-3.72556 4.86497
-3.75548 4.92481
-3.7854 4.96968
-3.81533 5.01457
-3.84525 5.05947
-3.87518 5.10436
-3.89014 5.16419
-3.9051 5.22405
-3.93503 5.26894
-3.96495 5.35871
-3.92006 5.38862
-3.84525 5.38864
-3.77044 5.38863
-3.71059 5.38862
-3.65075 5.38864
-3.5909 5.38864
-3.51609 5.38865
-3.38143 5.38864
-3.20188 5.38863
-2.9176 5.38864
-2.75302 5.38864
-2.67821 5.37369
-2.66324 5.31382
-2.64828 5.25398
-2.61836 5.19413
-2.58843 5.13428
-2.55851 5.07446
-2.51362 4.98467
-2.4837 4.92483
-2.43881 4.86498
-2.40889 4.80512
-2.37896 4.76024
-2.34904 4.71535
-2.30415 4.64054
-2.27423 4.59566
-2.2443 4.55077
-2.19942 4.49093
-2.16949 4.43105
-2.12461 4.35628
-2.07972 4.28145
-2.03483 4.20663
-1.98995 4.16175
-1.9301 4.04206
-1.88521 3.98221
-1.84033 3.90738
-1.8104 3.84754
-1.76552 3.77275
-1.69071 3.69792
-1.66078 3.65303
-1.6159 3.59321
-1.57101 3.51838
-1.52612 3.44355
-1.4962 3.38372
-1.45131 3.33882
-1.42139 3.279
-1.3765 3.20418
-1.31665 3.12937
-1.27177 3.05453
-1.19696 2.96478
-1.13711 2.8451
-1.09222 2.78523
-1.04733 2.72538
-1.00245 2.68049
-0.957562 2.62067
-0.882752 2.51591
-0.837865 2.45608
-0.792979 2.41119
-0.763055 2.35134
-0.688244 2.27653
-0.643358 2.18675
-0.613433 2.14186
-0.553585 2.06705
-0.508699 1.99223
-0.374039 1.87253
-0.269304 1.70796
BezierPoints 49
0.269304 1.70796
0.801115 2.54361
1.43765 3.41038
2.03483 4.20663
2.25071 4.49446
2.42998 5.1668
2.67821 5.1955
2.80188 5.1955
3.22655 5.1955
3.38143 5.1955
3.4325 5.1955
3.9573 5.1955
3.96495 5.1955
3.98674 5.18439
3.73212 4.87372
3.63578 4.74528
3.21334 4.18205
2.69115 3.46947
2.37897 2.8451
1.86526 1.81768
0.795828 -0.995284
-0.867793 0.391295
-1.07675 0.565454
-1.27287 0.756806
-1.43635 0.974805
-1.86468 1.54598
-2.06444 2.21604
-2.37897 2.8451
-2.69115 3.46947
-3.21334 4.18205
-3.63578 4.74528
-3.73212 4.87372
-3.98674 5.18439
-3.96495 5.19552
-3.9573 5.19552
-3.4325 5.19552
-3.38143 5.19552
-3.22655 5.19552
-2.80188 5.19552
-2.67821 5.19552
-2.42998 5.1668
-2.25071 4.49446
-2.03483 4.20663
-1.43765 3.41038
-0.801115 2.54361
-0.269304 1.70796
-0.19701 1.59436
0.19701 1.59436
0.269304 1.70796
P 0.0322616 3 -3.14606
T -0.000360433 0 -1
N -1 0 0.000360433
B 0 -1 0
SketchPoints 107
-0.0746703 -0.433903
-0.0746703 -0.493751
-0.0896335 -0.5536
-0.0896335 -0.613448
-0.0148227 -0.628411
0.0450258 -0.628411
0.104876 -0.628411
0.224572 -0.628411
0.34427 -0.628411
0.463966 -0.628411
0.598627 -0.628411
0.748248 -0.613448
0.927792 -0.583524
1.09238 -0.583524
1.242 -0.613448
1.3617 -0.613448
1.46643 -0.613448
1.52628 -0.613448
1.60109 -0.613448
1.69086 -0.613448
1.7956 -0.613448
1.90033 -0.613448
2.00507 -0.628411
2.09484 -0.613448
2.21454 -0.613448
2.39408 -0.613448
2.57363 -0.613448
2.67837 -0.613448
2.73821 -0.628411
2.79806 -0.643373
2.85791 -0.643373
2.93272 -0.643373
3.02249 -0.643373
3.08234 -0.643373
3.14219 -0.643373
3.23197 -0.658335
3.29181 -0.658335
3.35166 -0.658335
3.41151 -0.658335
3.48632 -0.673297
3.56113 -0.673297
3.62098 -0.673297
3.68083 -0.673297
3.72572 -0.643373
3.74068 -0.583524
3.75564 -0.508713
3.75564 -0.433903
3.75564 -0.359092
3.75564 -0.254357
3.75564 -0.194508
3.75564 -0.119697
3.75564 -0.0598485
3.74068 0.0149622
3.74068 0.0748107
3.74068 0.164584
3.74068 0.239394
3.74068 0.299243
3.74068 0.374054
3.74068 0.433903
3.74068 0.508713
3.74068 0.583524
3.72572 0.643373
3.65091 0.643373
3.5761 0.658335
3.48632 0.658335
3.36662 0.658335
3.23197 0.658335
3.12723 0.658335
3.03746 0.658335
2.97761 0.658335
2.91776 0.658335
2.82799 0.658335
2.75318 0.658335
2.6634 0.658335
2.57363 0.658335
2.49882 0.658335
2.43897 0.658335
2.36416 0.658335
2.28935 0.658335
2.19958 0.658335
2.09484 0.658335
1.99011 0.658335
1.88537 0.658335
1.75071 0.658335
1.66094 0.658335
1.58613 0.658335
1.51132 0.658335
1.45147 0.658335
1.39162 0.658335
1.28689 0.658335
1.21208 0.658335
1.13726 0.658335
1.07741 0.673297
0.957718 0.658335
0.852983 0.658335
0.778171 0.658335
0.703361 0.658335
0.62855 0.658335
0.538777 0.658335
0.463966 0.658335
0.389155 0.658335
0.329308 0.658335
0.254497 0.658335
0.194649 0.658335
0.134799 0.673297
0.0749502 0.673297
0.0151026 0.673297
BezierPoints 13
-0.119558 -0.598486
0.299382 -0.613448
3.27685 -0.613449
3.71075 -0.643373
3.74068 -0.20947
3.75564 0.119697
3.72572 0.583524
3.24693 0.613448
0.443508 0.613448
-0.104596 0.613448
-0.119558 0.20947
-0.119558 -0.164584
-0.119558 -0.598486
P 0.031311 3.28028 -5.81263
T -0.000282097 -0.631976 -0.774988
N 0.000227785 -0.774988 0.631976
B 1 0 -0.000360433
SketchPoints 288
1.70796 0.2693
1.87253 0.374034
1.99223 0.508693
2.06705 0.553579
2.14186 0.613427
2.18675 0.643351
2.27652 0.688238
2.35133 0.763048
2.41119 0.792972
2.45608 0.837858
2.51591 0.882745
2.62066 0.957555
2.68049 1.00244
2.72538 1.04733
2.78522 1.09221
2.8451 1.1371
2.96478 1.19695
3.05453 1.27176
3.12936 1.31664
3.20417 1.37649
3.279 1.42138
3.33882 1.4513
3.38372 1.49619
3.44354 1.52611
3.51838 1.571
3.5932 1.61589
3.65303 1.66077
3.69791 1.6907
3.77275 1.76551
3.84753 1.81039
3.90738 1.84032
3.9822 1.8852
4.04205 1.93009
4.16175 1.98994
4.20662 2.03482
4.28145 2.07971
4.35627 2.1246
4.43104 2.16948
4.49093 2.19941
4.55076 2.24429
4.59565 2.27422
4.64054 2.30414
4.71535 2.34903
4.76023 2.37895
4.80511 2.40887
4.86497 2.4388
4.92482 2.48368
4.98466 2.51361
5.07445 2.55849
5.13427 2.58842
5.19413 2.61834
5.25397 2.64827
5.31381 2.66323
5.37368 2.67819
5.38863 2.753
5.38863 2.91758
5.38862 3.20187
5.38863 3.38141
5.38864 3.51607
5.38863 3.59088
5.38863 3.65073
5.38861 3.71058
5.38861 3.77043
5.38863 3.84524
5.38861 3.92005
5.3587 3.96494
5.26893 3.93501
5.22404 3.90509
5.16418 3.89013
5.10435 3.87516
5.05946 3.84524
5.01456 3.81532
4.96967 3.78539
4.9248 3.75547
4.86496 3.72554
4.8051 3.69562
4.74527 3.63577
4.68541 3.60585
4.64055 3.57592
4.58068 3.546
4.50586 3.50111
4.44604 3.47119
4.35627 3.41134
4.26645 3.35149
4.17672 3.30661
4.10189 3.26172
4.04202 3.21683
3.99713 3.18691
3.90739 3.1121
3.84751 3.06721
3.75774 3.00736
3.668 2.94752
3.56326 2.87271
3.4735 2.81286
3.36873 2.75301
3.27898 2.69316
3.21911 2.63331
3.1593 2.57346
3.08447 2.52858
3.00965 2.48369
2.90491 2.42384
2.84509 2.37896
2.75529 2.34903
2.66552 2.28919
2.56078 2.2443
2.45608 2.18445
2.29148 2.1246
2.14186 2.06476
2.0072 2.01987
1.88749 1.96002
1.7678 1.91514
1.67804 1.88521
1.58824 1.82536
1.48353 1.76552
1.42368 1.72063
1.34885 1.67574
1.27403 1.63086
1.2142 1.58597
1.15436 1.55605
1.09451 1.51116
1.04963 1.48124
0.974801 1.43635
0.929914 1.39146
0.885028 1.36154
0.825179 1.31665
0.765343 1.25681
0.720434 1.21192
0.675572 1.182
0.615698 1.12215
0.570824 1.07726
0.525937 1.03237
0.481064 0.972526
0.43619 0.912678
0.391293 0.867792
0.361367 0.822905
0.331429 0.778019
0.286554 0.703209
0.256632 0.658322
0.211758 0.583511
0.196773 0.523663
0.151883 0.463814
0.136937 0.403966
0.106985 0.35908
0.0771016 0.284269
0.0771031 -0.28427
0.106987 -0.35908
0.136939 -0.403967
0.151886 -0.463815
0.196775 -0.523664
0.211761 -0.583513
0.256636 -0.658323
0.286557 -0.70321
0.331434 -0.778021
0.361371 -0.822907
0.391298 -0.867794
0.436195 -0.91268
0.481069 -0.972529
0.525942 -1.03238
0.57083 -1.07726
0.615704 -1.12215
0.675578 -1.182
0.72044 -1.21192
0.76535 -1.25681
0.825187 -1.31666
0.885035 -1.36154
0.929922 -1.39147
0.974808 -1.43636
1.04963 -1.48124
1.09452 -1.51117
1.15437 -1.55605
1.21421 -1.58598
1.27404 -1.63086
1.34886 -1.67575
1.42369 -1.72064
1.48354 -1.76552
1.58825 -1.82537
1.67805 -1.88522
1.76781 -1.91515
1.8875 -1.96003
2.00721 -2.01988
2.14187 -2.06477
2.29149 -2.12462
2.45609 -2.18447
2.5608 -2.24431
2.66553 -2.2892
2.75531 -2.34905
2.8451 -2.37897
2.90493 -2.42386
3.00966 -2.48371
3.08449 -2.5286
3.15931 -2.57348
3.21912 -2.63333
3.279 -2.69318
3.36874 -2.75303
3.47351 -2.81288
3.56328 -2.87273
3.66801 -2.94754
3.75776 -3.00739
3.84753 -3.06723
3.9074 -3.11212
3.99715 -3.18693
4.04204 -3.21686
4.10191 -3.26174
4.17674 -3.30663
4.26647 -3.35151
4.35628 -3.41136
4.44606 -3.47121
4.50588 -3.50114
4.5807 -3.54602
4.64056 -3.57595
4.68544 -3.60587
4.74529 -3.6358
4.80512 -3.69565
4.86498 -3.72557
4.92482 -3.7555
4.96969 -3.78542
5.01458 -3.81534
5.05948 -3.84527
5.10437 -3.87519
5.1642 -3.89015
5.22406 -3.90512
5.26895 -3.93504
5.35872 -3.96497
5.38863 -3.92008
5.38865 -3.84527
5.38864 -3.77046
5.38863 -3.71061
5.38865 -3.65076
5.38865 -3.59091
5.38866 -3.5161
5.38865 -3.38144
5.38864 -3.2019
5.38865 -2.91761
5.38865 -2.75303
5.3737 -2.67822
5.31382 -2.66326
5.25399 -2.64829
5.19414 -2.61837
5.13429 -2.58845
5.07446 -2.55852
4.98468 -2.51363
4.92483 -2.48371
4.86498 -2.43882
4.80512 -2.4089
4.76025 -2.37898
4.71536 -2.34905
4.64055 -2.30416
4.59566 -2.27424
4.55078 -2.24432
4.49094 -2.19943
4.43105 -2.16951
4.35628 -2.12462
4.28146 -2.07973
4.20664 -2.03485
4.16176 -1.98996
4.04206 -1.93011
3.98221 -1.88522
3.90739 -1.84034
3.84754 -1.81041
3.77276 -1.76553
3.69792 -1.69072
3.65304 -1.66079
3.59321 -1.61591
3.51839 -1.57102
3.44355 -1.52613
3.38373 -1.49621
3.33883 -1.45132
3.27901 -1.4214
3.20418 -1.37651
3.12937 -1.31666
3.05453 -1.27177
2.96478 -1.19696
2.8451 -1.13712
2.78523 -1.09223
2.72538 -1.04734
2.68049 -1.00246
2.62067 -0.957569
2.51591 -0.882758
2.45609 -0.837872
2.41119 -0.792985
2.35134 -0.763061
2.27653 -0.68825
2.18675 -0.643363
2.14187 -0.613439
2.06706 -0.55359
1.99223 -0.508704
1.87254 -0.374044
1.70796 -0.269309
BezierPoints 49
1.70796 0.2693
2.54361 0.801108
3.41037 1.43764
4.20662 2.03482
4.49445 2.25069
5.16679 2.42996
5.19549 2.67819
5.19549 2.80186
5.19549 3.22653
5.19549 3.38141
5.19549 3.43248
5.19549 3.95728
5.19549 3.96494
5.18437 3.98673
4.87371 3.73211
4.74527 3.63577
4.18204 3.21333
3.46946 2.69114
2.84509 2.37896
1.81768 1.86525
-0.995287 0.795831
0.391298 -0.867794
0.565456 -1.07675
0.756809 -1.27288
0.974808 -1.43636
1.54598 -1.86469
2.21604 -2.06444
2.8451 -2.37897
3.46948 -2.69116
4.18206 -3.21335
4.74529 -3.6358
4.87373 -3.73213
5.1844 -3.98676
5.19553 -3.96497
5.19553 -3.95731
5.19553 -3.43251
5.19553 -3.38144
5.19553 -3.22656
5.19553 -2.80189
5.19553 -2.67822
5.1668 -2.42999
4.49447 -2.25072
4.20664 -2.03485
3.41038 -1.43766
2.54362 -0.801122
1.70796 -0.269309
1.59436 -0.197014
1.59436 0.197005
1.70796 0.2693
