HeaderParameters 1
PlaneSketch 32
P 0 3 0
T 1 0 0
N 0 0 1
B 0 1 0
SketchPoints 340
-3.18526 -0.0567107
-3.24197 -0.0661626
-3.29868 -0.0661626
-3.36484 -0.0756145
-3.42155 -0.0756145
-3.47826 -0.0850661
-3.53497 -0.10397
-3.60113 -0.122873
-3.6673 -0.151229
-3.72401 -0.179584
-3.78072 -0.207939
-3.83743 -0.236295
-3.88469 -0.26465
-3.9225 -0.302458
-3.96975 -0.340265
-4.01701 -0.387524
-4.04537 -0.434783
-4.07372 -0.491493
-4.10208 -0.538752
-4.12098 -0.604915
-4.13989 -0.652174
-4.14934 -0.718337
-4.15879 -0.784499
-4.14934 -0.84121
-4.13989 -0.897921
-4.12098 -0.945179
-4.10208 -0.992439
-4.08318 -1.0397
-4.06427 -1.08696
-4.03592 -1.13422
-3.99811 -1.17202
-3.9603 -1.21928
-3.9225 -1.25709
-3.87524 -1.28544
-3.82798 -1.3138
-3.78072 -1.3327
-3.72401 -1.36106
-3.67675 -1.37996
-3.62949 -1.39887
-3.58223 -1.41777
-3.53497 -1.43667
-3.47826 -1.45558
-3.42155 -1.47448
-3.36484 -1.49338
-3.31758 -1.51229
-3.27032 -1.53119
-3.22306 -1.55009
-3.1758 -1.569
-3.12854 -1.5879
-3.08129 -1.60681
-3.03403 -1.62571
-2.97732 -1.64461
-2.93006 -1.66352
-2.8828 -1.68242
-2.81664 -1.70132
-2.75992 -1.71078
-2.70321 -1.72023
-2.6465 -1.72023
-2.58979 -1.72023
-2.53308 -1.72968
-2.47637 -1.72968
-2.41966 -1.72968
-2.36295 -1.73913
-2.30624 -1.73913
-2.24953 -1.72968
-2.19282 -1.72968
-2.13611 -1.72023
-2.0794 -1.72968
-2.02268 -1.72968
-1.97543 -1.71078
-1.91871 -1.71078
-1.862 -1.71078
-1.80529 -1.71078
-1.74858 -1.72023
-1.69187 -1.72968
-1.63516 -1.72968
-1.57845 -1.73913
-1.52174 -1.73913
-1.45558 -1.73913
-1.38941 -1.73913
-1.3327 -1.73913
-1.27599 -1.73913
-1.21928 -1.73913
-1.16257 -1.72968
-1.10586 -1.72968
-1.0397 -1.72023
-0.973535 -1.72023
-0.916824 -1.72023
-0.860113 -1.72023
-0.803403 -1.72023
-0.73724 -1.72023
-0.661626 -1.72023
-0.586011 -1.72023
-0.510397 -1.72023
-0.434783 -1.72968
-0.359168 -1.72968
-0.302457 -1.72968
-0.245747 -1.72968
-0.189036 -1.72968
-0.132325 -1.72968
-0.0567108 -1.72968
0.0094518 -1.72968
0.0661626 -1.72968
0.132325 -1.72968
0.189036 -1.72023
0.245747 -1.72023
0.302457 -1.72023
0.378072 -1.72023
0.434783 -1.72023
0.510397 -1.71078
0.57656 -1.71078
0.642722 -1.71078
0.699433 -1.71078
0.756144 -1.71078
0.822306 -1.70132
0.879017 -1.70132
0.94518 -1.70132
1.00189 -1.69187
1.0586 -1.69187
1.12476 -1.68242
1.19093 -1.68242
1.25709 -1.67297
1.3138 -1.67297
1.37996 -1.66352
1.43667 -1.65406
1.50284 -1.64461
1.55955 -1.64461
1.62571 -1.63516
1.69187 -1.62571
1.74858 -1.61626
1.80529 -1.60681
1.862 -1.59735
1.91871 -1.5879
1.97543 -1.57845
2.04159 -1.569
2.0983 -1.55955
2.16446 -1.55009
2.22117 -1.54064
2.27788 -1.54064
2.33459 -1.53119
2.40076 -1.51229
2.45747 -1.50284
2.51418 -1.48393
2.56144 -1.46503
2.61815 -1.44612
2.67486 -1.42722
2.72212 -1.40832
2.77883 -1.37996
2.82609 -1.36106
2.87335 -1.3327
2.92061 -1.30435
2.96786 -1.27599
3.00567 -1.23819
3.05293 -1.20038
3.10019 -1.16257
3.138 -1.12476
3.18526 -1.08696
3.22306 -1.0397
3.26087 -1.00189
3.28923 -0.954631
3.31758 -0.907372
3.34594 -0.860113
3.37429 -0.812855
3.39319 -0.765595
3.42155 -0.718337
3.44991 -0.671077
3.46881 -0.623818
3.48771 -0.57656
3.51607 -0.5293
3.53497 -0.482042
3.56333 -0.434783
3.58223 -0.387524
3.61059 -0.340265
3.62949 -0.293006
3.6673 -0.245747
3.69565 -0.198488
3.72401 -0.151229
3.75236 -0.10397
3.78072 -0.0567107
3.79017 0
3.80907 0.0472591
3.82798 0.0945179
3.83743 0.151229
3.84688 0.207939
3.85633 0.26465
3.86578 0.321361
3.87524 0.378072
3.88469 0.434783
3.89414 0.491493
3.89414 0.548204
3.89414 0.604915
3.89414 0.661626
3.89414 0.718337
3.90359 0.775047
3.90359 0.831758
3.91304 0.888469
3.9225 0.945179
3.9225 1.00189
3.9225 1.0586
3.93195 1.11531
3.9414 1.17202
3.9414 1.22873
3.9414 1.28544
3.93195 1.34215
3.91304 1.38941
3.85633 1.39887
3.80907 1.41777
3.76181 1.43667
3.7051 1.44612
3.64839 1.44612
3.59168 1.45558
3.53497 1.45558
3.46881 1.46503
3.40265 1.46503
3.34594 1.46503
3.27032 1.47448
3.19471 1.48393
3.138 1.48393
3.07183 1.49338
3.01512 1.50284
2.95841 1.51229
2.89225 1.52174
2.83554 1.52174
2.77883 1.52174
2.72212 1.52174
2.66541 1.52174
2.6087 1.51229
2.55199 1.50284
2.50473 1.48393
2.47637 1.43667
2.43856 1.39887
2.42911 1.34215
2.42911 1.28544
2.42911 1.22873
2.42911 1.17202
2.42911 1.11531
2.41966 1.0586
2.40076 1.01134
2.3724 0.964083
2.3535 0.916824
2.32514 0.869565
2.27788 0.84121
2.24008 0.803403
2.22117 0.756144
2.22117 0.699433
2.20227 0.652174
2.18336 0.604915
2.16446 0.557656
2.13611 0.510397
2.0983 0.47259
2.06994 0.425331
2.03214 0.378072
1.98488 0.340265
1.93762 0.311909
1.89036 0.283554
1.8431 0.255198
1.79584 0.226843
1.74858 0.207939
1.70132 0.189036
1.65406 0.170132
1.60681 0.151229
1.55955 0.132325
1.51229 0.113421
1.45558 0.10397
1.39887 0.0945179
1.34216 0.0850661
1.28544 0.0756145
1.22873 0.0661626
1.17202 0.0567107
1.10586 0.0567107
1.0397 0.0472591
0.982987 0.0472591
0.926276 0.0472591
0.869565 0.0378072
0.803403 0.0378072
0.746692 0.0472591
0.689981 0.0472591
0.623819 0.0472591
0.557656 0.0472591
0.500945 0.0472591
0.444234 0.0378072
0.387524 0.0378072
0.330813 0.0378072
0.274102 0.0378072
0.20794 0.0378072
0.141777 0.0378072
0.0850662 0.0378072
0.0283554 0.0378072
-0.0283554 0.0378072
-0.0850662 0.0378072
-0.141777 0.0283554
-0.20794 0.0283554
-0.26465 0.0189035
-0.321361 0.0189035
-0.387524 0.00945187
-0.453686 0
-0.510397 -0.00945187
-0.57656 -0.00945187
-0.642722 -0.0189035
-0.708885 -0.0189035
-0.775047 -0.0283554
-0.850662 -0.0378072
-0.916824 -0.0378072
-0.982987 -0.0472591
-1.04915 -0.0472591
-1.11531 -0.0472591
-1.18147 -0.0472591
-1.23819 -0.0472591
-1.2949 -0.0567107
-1.36106 -0.0567107
-1.42722 -0.0661626
-1.48393 -0.0661626
-1.54064 -0.0661626
-1.59735 -0.0661626
-1.65406 -0.0756145
-1.72023 -0.0756145
-1.78639 -0.0756145
-1.8431 -0.0756145
-1.89981 -0.0756145
-1.95652 -0.0756145
-2.01323 -0.0756145
-2.06994 -0.0756145
-2.12665 -0.0850661
-2.19282 -0.0850661
-2.25898 -0.0945179
-2.31569 -0.0945179
-2.3724 -0.0945179
-2.42911 -0.10397
-2.48582 -0.10397
-2.54253 -0.10397
-2.59924 -0.10397
-2.65595 -0.10397
-2.71267 -0.113421
-2.76938 -0.113421
-2.82609 -0.113421
-2.8828 -0.113421
-2.93951 -0.122873
-2.99622 -0.122873
-2.96786 -0.0756145
-2.91115 -0.0661626
BezierPoints 37
-3.27328 -0.0617571
-3.80915 -0.125809
-5.0078 -0.337381
-4.05947 -1.01215
-3.41461 -1.47098
-2.56205 -1.78415
-1.83105 -1.78719
-1.34657 -1.7892
0.580207 -1.89825
1.73048 -1.67226
2.75307 -1.47136
4.1257 -0.808432
4.26801 -0.691221
4.32974 -0.640374
3.59059 -0.331199
3.63363 -0.2736
3.69044 -0.19756
3.73375 -0.173628
3.75672 -0.0163155
3.77968 0.140997
4.04783 1.10072
4.08811 1.37809
4.09388 1.41784
3.26585 1.38145
3.24542 1.33821
3.17273 1.18435
2.7055 0.44558
2.53537 0.190382
2.41207 0.00543289
1.65297 0.0624432
1.45558 0.0472591
1.08696 0.0189036
-0.207033 0.121852
-1.23883 0.0605717
-2.33485 -0.00452328
-3.10245 -0.0413385
-3.27328 -0.0617571
P 0.229233 2.27528 7.62939e-06
T 0 0 -1
N 0.999657 -0.0262003 0
B 0.0262003 0.999657 -1.04052e-05
SketchPoints 146
-0.00944418 0.997951
-0.00944418 1.05466
-0.00944417 1.16808
-0.018896 1.22479
-0.018896 1.28151
-0.0283478 1.33822
-0.0472514 1.38547
-0.0661549 1.43273
-0.113414 1.46109
-0.160673 1.43273
-0.207932 1.40438
-0.245739 1.36657
-0.274094 1.31931
-0.30245 1.27205
-0.311902 1.21534
-0.321353 1.15863
-0.330805 1.10192
-0.349709 1.05466
-0.359161 0.997948
-0.387516 0.950689
-0.406419 0.90343
-0.434775 0.856171
-0.46313 0.808911
-0.500937 0.771103
-0.529293 0.723844
-0.576552 0.695488
-0.623811 0.667132
-0.67107 0.638777
-0.708877 0.600969
-0.756136 0.572613
-0.803395 0.534806
-0.850654 0.496998
-0.888461 0.45919
-0.926268 0.421382
-0.964076 0.374123
-1.00188 0.336315
-1.03024 0.289056
-1.06805 0.251249
-1.0964 0.20399
-1.13421 0.15673
-1.16256 0.10947
-1.18147 0.0622118
-1.20037 0.0149526
-1.20982 -0.0417582
-1.21927 -0.0984699
-1.21927 -0.155181
-1.21927 -0.211891
-1.20982 -0.268601
-1.20037 -0.325313
-1.19092 -0.382024
-1.17201 -0.429282
-1.15311 -0.485993
-1.13421 -0.542703
-1.1153 -0.599413
-1.0964 -0.646672
-1.0775 -0.693932
-1.05859 -0.74119
-1.03024 -0.788448
-1.00188 -0.835708
-0.964076 -0.882965
-0.926268 -0.920773
-0.888461 -0.968031
-0.841202 -0.996386
-0.793943 -1.01529
-0.746684 -1.03419
-0.689974 -1.04364
-0.633263 -1.04364
-0.576552 -1.05309
-0.519841 -1.05309
-0.46313 -1.06255
-0.40642 -1.06254
-0.349709 -1.06254
-0.292998 -1.06254
0.292998 -1.06254
0.349709 -1.06254
0.40642 -1.06254
0.46313 -1.06255
0.519841 -1.05309
0.576552 -1.05309
0.633263 -1.04364
0.689974 -1.04364
0.746684 -1.03419
0.793943 -1.01529
0.841202 -0.996386
0.888461 -0.968031
0.926268 -0.920773
0.964076 -0.882965
1.00188 -0.835708
1.03024 -0.788448
1.05859 -0.74119
1.0775 -0.693932
1.0964 -0.646672
1.1153 -0.599413
1.13421 -0.542703
1.15311 -0.485993
1.17201 -0.429282
1.19092 -0.382024
1.20037 -0.325313
1.20982 -0.268601
1.21927 -0.211891
1.21927 -0.155181
1.21927 -0.0984699
1.20982 -0.0417582
1.20037 0.0149526
1.18147 0.0622118
1.16256 0.10947
1.13421 0.15673
1.0964 0.20399
1.06805 0.251249
1.03024 0.289056
1.00188 0.336315
0.964076 0.374123
0.926268 0.421382
0.888461 0.45919
0.850654 0.496998
0.803395 0.534806
0.756136 0.572613
0.708877 0.600969
0.67107 0.638777
0.623811 0.667132
0.576552 0.695488
0.529293 0.723844
0.500937 0.771103
0.46313 0.808911
0.434775 0.856171
0.406419 0.90343
0.387516 0.950689
0.359161 0.997948
0.349709 1.05466
0.330805 1.10192
0.321353 1.15863
0.311902 1.21534
0.30245 1.27205
0.274094 1.31931
0.245739 1.36657
0.207932 1.40438
0.160673 1.43273
0.113414 1.46109
0.0661549 1.43273
0.0472514 1.38547
0.0283478 1.33822
0.018896 1.28151
0.018896 1.22479
0.00944417 1.16808
0.00944418 1.05466
0.00944418 0.997951
BezierPoints 28
-0.19674 1.31817
-0.424212 1.2562
-0.404191 0.871452
-0.556297 0.745482
-0.715642 0.613517
-0.874422 0.562953
-0.915794 0.271164
-0.957167 -0.0206257
-0.874741 -0.518703
-0.436 -0.791757
-0.299223 -0.876881
-0.142758 -0.941054
0.0823592 -0.927632
0.307476 -0.91421
0.398061 -0.872448
0.530053 -0.799612
0.858921 -0.618136
0.980254 -0.0762106
0.918209 0.209287
0.856792 0.491893
0.653869 0.644677
0.502877 0.753572
0.363385 0.854172
0.333389 1.25914
0.0920238 1.31212
0.027801 1.32622
-0.1333 1.33545
-0.19674 1.31817
P 3.30708 3.37821 0
T 0 0 -1
N 0.0177041 -0.999843 0
B 0.999843 0.0177041 0
SketchPoints 78
-0.26465 0.456759
-0.330813 0.456759
-0.396975 0.447307
-0.463138 0.447307
-0.519849 0.437855
-0.57656 0.428403
-0.63327 0.428403
-0.689981 0.428403
-0.746692 0.418951
-0.803403 0.418951
-0.860114 0.409499
-0.916824 0.400047
-0.973535 0.400047
-1.02079 0.381144
-1.06805 0.36224
-1.0775 0.30553
-1.06805 0.248819
-1.06805 0.192109
-1.06805 0.135399
-1.0586 0.0692342
-1.04915 0.0125241
-1.0397 -0.044187
-1.04915 -0.100897
-1.04915 -0.157609
-1.00189 -0.176512
-0.94518 -0.176512
-0.888469 -0.176512
-0.831758 -0.16706
-0.775047 -0.16706
-0.718337 -0.16706
-0.661626 -0.16706
-0.604915 -0.176512
-0.548204 -0.185964
-0.491493 -0.195416
-0.434783 -0.195416
-0.378072 -0.195416
-0.321361 -0.185964
-0.26465 -0.176512
-0.207939 -0.16706
0.207939 -0.16706
0.26465 -0.176512
0.321361 -0.185964
0.378072 -0.195416
0.434783 -0.195416
0.491493 -0.195416
0.548204 -0.185964
0.604915 -0.176512
0.661626 -0.16706
0.718337 -0.16706
0.775047 -0.16706
0.831758 -0.16706
0.888469 -0.176512
0.94518 -0.176512
1.00189 -0.176512
1.04915 -0.157609
1.04915 -0.100897
1.0397 -0.044187
1.04915 0.0125241
1.0586 0.0692342
1.06805 0.135399
1.06805 0.192109
1.06805 0.248819
1.0775 0.30553
1.06805 0.36224
1.02079 0.381144
0.973535 0.400047
0.916824 0.400047
0.860114 0.409499
0.803403 0.418951
0.746692 0.418951
0.689981 0.428403
0.63327 0.428403
0.57656 0.428403
0.519849 0.437855
0.463138 0.447307
0.396975 0.447307
0.330813 0.456759
0.26465 0.456759
BezierPoints 22
-1.08846 0.893619
-1.13258 0.619179
-1.05443 0.304018
-0.93681 -5.01276e-05
-0.912146 -0.0638076
-0.487175 -0.305395
-0.0321198 -0.302193
0.422936 -0.29899
0.908076 -0.0509959
0.966789 0.0415747
0.997087 0.0893441
1.05253 0.281585
1.08411 0.472692
1.11569 0.663798
1.12341 0.853769
1.05825 0.896999
0.993099 0.940228
0.403849 0.65923
-0.110859 0.682926
-0.625567 0.706622
-1.06573 1.03501
-1.08846 0.893619
P 0.233765 2.4482 0.423824
T -0.999657 0.0262003 0
N 0.0260753 0.994887 -0.0975692
B 0.0025597 0.0975356 0.995229
SketchPoints 175
0.255339 0.551344
0.312073 0.560653
0.368807 0.569958
0.416114 0.588741
0.47285 0.598043
0.529585 0.607355
0.586319 0.616658
0.64303 0.616513
0.69974 0.616366
0.756475 0.625675
0.822637 0.625507
0.888824 0.634789
0.955011 0.644072
1.0212 0.653354
1.07793 0.662657
1.13464 0.662519
1.19138 0.671818
1.25754 0.671651
1.32373 0.680933
1.38989 0.680761
1.45607 0.690044
1.52224 0.689877
1.57897 0.699183
1.63571 0.708488
1.70189 0.71777
1.7586 0.717627
1.81534 0.726932
1.8815 0.726765
1.93824 0.736071
2.0044 0.735899
2.06111 0.735761
2.11782 0.735611
2.17453 0.735463
2.24072 0.744745
2.2974 0.735148
2.36357 0.734981
2.42028 0.734836
2.47699 0.734693
2.53367 0.725092
2.59981 0.715475
2.6565 0.705878
2.71321 0.705731
2.76042 0.686704
2.81708 0.667657
2.88322 0.658036
2.93043 0.639009
2.97764 0.619989
3.02485 0.600963
3.07206 0.581936
3.12875 0.572339
3.17596 0.553319
3.23264 0.543722
3.28931 0.524671
3.34599 0.515074
3.39318 0.486598
3.44039 0.467571
3.48758 0.439095
3.53474 0.401169
3.58192 0.372692
3.62909 0.334762
3.6668 0.296862
3.71398 0.268386
3.75169 0.230481
3.7894 0.192577
3.80819 0.145271
3.80804 0.0885562
3.8079 0.0318478
3.78887 -0.0153573
3.7604 -0.0625462
3.71309 -0.081331
3.67519 -0.119039
3.61845 -0.128348
3.56172 -0.137654
3.50501 -0.137509
3.43884 -0.13734
3.38213 -0.137195
3.32545 -0.127598
3.26876 -0.118001
3.20262 -0.10838
3.14591 -0.108237
3.07034 -0.0891392
3.01366 -0.0795422
2.9475 -0.0793706
2.88136 -0.0697493
2.8152 -0.0695795
2.74906 -0.0599565
2.6829 -0.0597883
2.61673 -0.0596205
2.56002 -0.0594698
2.49388 -0.0498563
2.42772 -0.0496847
2.36156 -0.0495175
2.30485 -0.0493701
2.23869 -0.0492028
2.18198 -0.0490554
2.11581 -0.0488882
2.05908 -0.0581901
1.98346 -0.0579989
1.92675 -0.0578482
1.85114 -0.0576602
1.79443 -0.057517
1.72827 -0.0573455
1.65268 -0.0477022
1.58651 -0.0475302
1.52983 -0.0379332
1.46369 -0.0283121
1.40698 -0.0281694
1.35027 -0.0280215
1.29356 -0.0278769
1.2274 -0.0277068
1.17068 -0.0275622
1.10455 -0.0179392
1.03843 0.00113241
0.981746 0.0107294
0.92506 0.0203264
0.868374 0.0299235
0.811687 0.0395205
0.754977 0.0396651
0.698266 0.0398082
0.641555 0.0399556
0.584845 0.0401007
0.528135 0.0402472
0.471424 0.040392
0.414688 0.0310825
0.357954 0.0217799
0.301219 0.0124715
0.244485 0.00316507
0.18775 -0.00614042
0.13104 -0.00599561
0.0743048 -0.0153051
0.0175931 -0.0151572
-0.0391165 -0.0150107
-0.095827 -0.0148695
-0.152539 -0.014722
-0.209273 -0.0240313
-0.266007 -0.0333368
-0.322743 -0.0426414
-0.379477 -0.0519478
-0.436211 -0.0612571
-0.492947 -0.0705597
-0.559109 -0.070392
-0.625271 -0.0702248
-0.691433 -0.0700532
-0.75762 -0.0793355
-0.81433 -0.0791886
-0.871041 -0.079044
-0.937203 -0.0788739
-1.00339 -0.0881582
-1.0601 -0.0880117
-1.11681 -0.0878669
-1.17352 -0.0877202
-1.23023 -0.0875793
-1.28694 -0.0874315
-1.34365 -0.087285
-1.40036 -0.0871437
-1.45708 -0.0869963
-1.51379 -0.0868494
-1.5705 -0.0867048
-1.62718 -0.0771078
-1.68389 -0.0769629
-1.74061 -0.0768162
-1.79731 -0.0766754
-1.854 -0.0670784
-1.91071 -0.0669305
-1.96742 -0.0667859
-2.02413 -0.0666428
-2.08084 -0.0664954
-2.12805 -0.0474691
-2.16576 -0.00956959
-2.20347 0.028337
-2.18469 -0.0189686
-2.194 0.0377696
-2.21278 0.0850724
-2.20347 0.028337
-2.22226 0.0756462
BezierPoints 22
0.255339 0.551344
0.732428 0.629621
1.21796 0.681783
1.70189 0.71777
2.27695 0.760534
2.80372 0.71384
3.34599 0.515074
3.55644 0.437936
4.29298 0.0937304
3.91275 -0.0951703
3.61806 -0.241571
2.75437 -0.050521
2.42772 -0.0496847
1.25684 -0.046687
0.106637 -0.0910084
-1.0601 -0.0880117
-1.53143 -0.0868011
-2.1544 -0.0952658
-2.22226 0.0756462
-2.45499 0.661849
-0.367052 0.449227
0.255339 0.551344
P 0.214264 1.70416 0.319207
T -0.999657 0.0262003 0
N 0.0261271 0.996862 -0.0747249
B 0.00195192 0.0746995 0.997204
SketchPoints 201
-0.255093 0.445774
-0.311804 0.445883
-0.368514 0.445998
-0.425225 0.446107
-0.491387 0.446236
-0.548097 0.446346
-0.604807 0.44646
-0.661518 0.446568
-0.718229 0.446678
-0.77494 0.446788
-0.83165 0.4469
-0.88838 0.437559
-0.954543 0.437689
-1.02072 0.428365
-1.08689 0.428494
-1.15307 0.419173
-1.2098 0.409834
-1.26651 0.409942
-1.33267 0.410071
-1.39883 0.410201
-1.45556 0.400862
-1.52174 0.391537
-1.58792 0.382216
-1.64467 0.36342
-1.7014 0.354083
-1.7487 0.335269
-1.79599 0.316457
-1.84331 0.288195
-1.89062 0.25993
-1.93792 0.24112
-1.9758 0.203388
-2.01368 0.165654
-2.02324 0.108961
-2.00443 0.0616661
-1.95725 0.0237667
-1.90053 0.023655
-1.84382 0.0235449
-1.79662 -0.00490028
-1.74942 -0.0333525
-1.70221 -0.0617977
-1.65501 -0.0902461
-1.5983 -0.0903561
-1.54157 -0.0810156
-1.48484 -0.0716719
-1.43755 -0.052863
-1.38082 -0.0435212
-1.32409 -0.0341827
-1.26736 -0.0248395
-1.21067 -0.0344022
-1.15395 -0.0345127
-1.09726 -0.0440753
-1.04053 -0.0347345
-0.983824 -0.0348449
-0.927113 -0.0349558
-0.870403 -0.0350667
-0.813674 -0.0257278
-0.756963 -0.0258364
-0.700271 -0.0354009
-0.643559 -0.0355071
-0.586849 -0.0356204
-0.520687 -0.0357496
-0.454505 -0.0264269
-0.397776 -0.017088
-0.341047 -0.00774515
-0.274884 -0.00787431
-0.227588 0.0109374
-0.17084 0.0297282
-0.114129 0.029622
-0.0574006 0.0389605
-0.000672441 0.0483014
0.056039 0.0481932
0.103335 0.0670014
0.160065 0.0763432
0.20736 0.0951545
0.264108 0.113947
0.320856 0.13274
0.377585 0.142081
0.443765 0.151404
0.500494 0.160745
0.566656 0.160614
0.623368 0.160507
0.680078 0.160394
0.74624 0.160265
0.802971 0.169609
0.869151 0.178926
0.935332 0.188253
1.00151 0.197574
1.06767 0.197444
1.13386 0.20677
1.20002 0.206641
1.25675 0.215979
1.32293 0.225301
1.38913 0.244079
1.44586 0.253417
1.51206 0.272191
1.57824 0.281516
1.63497 0.290853
1.68226 0.309666
1.74844 0.318989
1.81463 0.328312
1.87135 0.337653
1.93752 0.337526
2.00368 0.337397
2.06986 0.346717
2.13602 0.346587
2.20218 0.346458
2.25891 0.355799
2.31562 0.355689
2.38181 0.365013
2.43852 0.3649
2.49523 0.36479
2.55192 0.355227
2.61808 0.355098
2.67479 0.35499
2.7315 0.354877
2.77872 0.33588
2.8354 0.316866
2.90152 0.297834
2.94875 0.278838
2.99597 0.259842
3.06211 0.250261
3.12824 0.231226
3.18493 0.221666
3.24162 0.212103
3.29831 0.202539
3.34553 0.183545
3.40221 0.164531
3.45888 0.145516
3.5061 0.12652
3.55331 0.0980731
3.59104 0.060192
3.63824 0.0317445
3.68547 0.0127478
3.74218 0.0126378
3.74229 0.0693489
3.70455 0.107229
3.66682 0.14511
3.6196 0.164106
3.57238 0.183102
3.52516 0.202096
3.47793 0.221096
3.43071 0.240092
3.38351 0.268537
3.32685 0.297003
3.27963 0.315999
3.23243 0.344444
3.18521 0.363443
3.11906 0.373023
3.07184 0.392019
3.0057 0.4016
2.94902 0.420615
2.88288 0.430198
2.83566 0.449191
2.78844 0.468187
2.74121 0.487181
2.68452 0.496746
2.6184 0.515778
2.56172 0.534793
2.5145 0.55379
2.45781 0.563354
2.41059 0.582346
2.35389 0.591909
2.30667 0.610905
2.24998 0.620468
2.19329 0.63003
2.12714 0.639613
2.07045 0.649176
2.00431 0.658754
1.9476 0.658865
1.88145 0.668446
1.82474 0.668559
1.75858 0.668689
1.70187 0.668797
1.63571 0.668926
1.579 0.669036
1.51282 0.659714
1.4561 0.659823
1.38994 0.659952
1.33321 0.650613
1.2765 0.650724
1.21979 0.650837
1.15361 0.64151
1.08745 0.641639
1.02127 0.632321
0.955106 0.63245
0.898395 0.632558
0.832232 0.632688
0.775503 0.623347
0.718792 0.623455
0.662081 0.623568
0.605352 0.614227
0.548623 0.604884
0.482442 0.595563
0.416261 0.586241
0.359533 0.5769
0.2839 0.567598
0.217719 0.558271
0.160971 0.53948
0.0947719 0.520706
0.0380428 0.511365
-0.00925324 0.492554
BezierPoints 22
-0.255093 0.445774
-0.725977 0.446672
-1.24514 0.477552
-1.7014 0.354083
-1.7823 0.332189
-2.19915 0.112269
-1.95725 0.0237667
-0.751904 -0.417219
1.09733 0.268732
2.38181 0.365013
2.56188 0.378511
3.23802 0.0884567
3.32756 0.125438
3.46693 0.183001
2.82941 0.462942
2.74121 0.487181
1.93132 0.709762
0.797538 0.813442
-0.00925324 0.492554
-0.0673866 0.469432
-0.19253 0.445655
-0.255093 0.445774
P -0.734383 1.76024 0.735678
T -0.0261271 -0.996862 0.0747249
N -0.99962 0.0267099 0.00681063
B 0.00878497 0.0745117 0.997181
SketchPoints 144
-0.228587 0.382676
-0.233785 0.439934
-0.229558 0.496487
-0.215905 0.552336
-0.211677 0.608889
-0.20745 0.665441
-0.212648 0.722699
-0.20842 0.779252
-0.212914 0.845935
-0.217407 0.912619
-0.212475 0.978597
-0.217671 1.03586
-0.222871 1.09311
-0.218643 1.14966
-0.223841 1.20692
-0.218909 1.2729
-0.232124 1.34971
-0.235912 1.42582
-0.24111 1.48308
-0.245604 1.54976
-0.250803 1.60702
-0.255998 1.66428
-0.261198 1.72154
-0.266396 1.77879
-0.28102 1.83676
-0.284808 1.91286
-0.290006 1.97012
-0.295204 2.02738
-0.298993 2.10349
-0.294765 2.16004
-0.299961 2.2173
-0.305161 2.27456
-0.310359 2.33181
-0.315557 2.38907
-0.320756 2.44633
-0.325953 2.50359
-0.331151 2.56084
-0.33494 2.63695
-0.339433 2.70364
-0.344629 2.76089
-0.349125 2.82758
-0.344193 2.89355
-0.348686 2.96024
-0.353884 3.01749
-0.359082 3.07475
-0.354855 3.1313
-0.360052 3.18856
-0.364546 3.25524
-0.369744 3.3125
-0.374237 3.37919
-0.378729 3.44587
-0.383224 3.51255
-0.378996 3.56911
-0.38349 3.63579
-0.388688 3.69305
-0.393181 3.75973
-0.388955 3.81628
-0.394151 3.87354
-0.389924 3.93009
-0.395122 3.98735
-0.390894 4.0439
-0.386667 4.10046
-0.381735 4.16644
-0.368082 4.22228
-0.310824 4.22748
-0.254272 4.22325
-0.209258 4.19145
-0.164244 4.15966
-0.130065 4.10971
-0.0951814 4.06919
-0.0602978 4.02867
-0.0261186 3.97873
-0.0013633 3.92948
0.0233885 3.88024
0.0387164 3.83171
0.05334 3.77374
0.077389 3.71508
0.0920127 3.65712
0.107341 3.60858
0.122669 3.56004
0.137291 3.50208
0.151916 3.44412
0.166538 3.38616
0.181164 3.3282
0.186361 3.27094
0.200983 3.21298
0.206183 3.15572
0.201955 3.09916
0.207153 3.04191
0.20222 2.97593
0.206714 2.90925
0.211911 2.85199
0.206979 2.78601
0.212178 2.72875
0.207246 2.66277
0.211035 2.58666
0.214823 2.51056
0.210596 2.454
0.215794 2.39674
0.211566 2.34019
0.216059 2.27351
0.21183 2.21696
0.206899 2.15098
0.212099 2.09372
0.207166 2.02774
0.211659 1.96106
0.206727 1.89508
0.201795 1.8291
0.206288 1.76242
0.202061 1.70586
0.197129 1.63989
0.192901 1.58333
0.188674 1.52678
0.184446 1.47023
0.180219 1.41367
0.174582 1.33827
0.178371 1.26216
0.173439 1.19618
0.169211 1.13963
0.164984 1.08308
0.160756 1.02652
0.156529 0.969971
0.152301 0.913418
0.156795 0.846735
0.161994 0.789478
0.16719 0.73222
0.162963 0.675667
0.168161 0.618409
0.163933 0.561857
0.159706 0.505304
0.164903 0.448047
0.160675 0.391493
0.165875 0.334236
0.161648 0.277683
0.147993 0.221834
0.143765 0.165281
0.148965 0.108023
0.144737 0.0514705
0.14051 -0.00508202
0.0912687 -0.0298359
0.0340106 -0.0350343
-0.0225427 -0.0308076
-0.06826 -0.00843411
-0.113979 0.0139396
BezierPoints 19
-0.228587 0.382676
-0.20785 0.63276
-0.0209556 1.63849
-0.0694589 2.51683
-0.142677 3.84275
-0.268093 4.42485
-0.186258 4.4712
-0.0597557 4.54285
0.0237302 4.1139
0.0848941 3.59799
0.173785 2.84819
0.209651 1.74502
0.219933 0.960975
0.223774 0.668071
0.317927 -0.197426
-0.113979 0.0139396
-0.200687 0.0563727
-0.236565 0.286472
-0.228587 0.382676
P 0.249245 3.03897 0.329306
T -0.999657 0.0262003 0
N -0.000165718 -0.00632285 -0.99998
B 0.0261906 0.999637 -0.00632502
SketchPoints 111
-0.234232 0.528227
-0.29117 0.520266
-0.348109 0.512302
-0.404801 0.513788
-0.46174 0.505825
-0.518679 0.497861
-0.575618 0.489898
-0.632309 0.491384
-0.689248 0.483419
-0.745939 0.484904
-0.802878 0.476941
-0.859569 0.478426
-0.916509 0.470463
-0.973199 0.471949
-1.03014 0.463985
-1.08708 0.456022
-1.14402 0.448059
-1.20096 0.440096
-1.25789 0.432134
-1.31508 0.414722
-1.38147 0.407007
-1.43841 0.399043
-1.49535 0.391079
-1.54308 0.373419
-1.60002 0.365456
-1.65721 0.348044
-1.71415 0.340082
-1.76214 0.312975
-1.81012 0.285866
-1.85811 0.258758
-1.90609 0.231651
-1.95383 0.213992
-2.00157 0.196331
-2.04931 0.178672
-2.09704 0.161013
-2.11718 0.114266
-2.12811 0.0578209
-2.12015 0.000883371
-2.10274 -0.0563042
-2.08508 -0.104041
-2.04828 -0.142827
-2.01147 -0.18161
-1.97467 -0.220394
-1.92792 -0.24053
-1.88117 -0.260665
-1.82498 -0.281048
-1.76854 -0.291981
-1.71209 -0.302914
-1.66534 -0.323049
-1.60915 -0.343432
-1.5527 -0.354366
-1.49626 -0.365301
-1.43957 -0.366786
-1.38288 -0.368271
-1.32619 -0.369757
-1.26925 -0.361793
-1.21256 -0.363279
-1.15587 -0.364764
-1.09917 -0.366249
-1.04224 -0.358285
-0.985544 -0.359771
-0.928605 -0.351807
-0.871913 -0.353292
-0.814974 -0.345329
-0.758036 -0.337366
-0.691896 -0.339099
-0.625508 -0.331383
-0.57777 -0.313725
-0.521079 -0.315211
-0.46414 -0.307247
-0.397753 -0.299532
-0.340814 -0.291568
-0.284122 -0.293054
-0.227431 -0.294539
-0.170492 -0.286576
-0.113553 -0.278613
-0.0563665 -0.2612
0.000324811 -0.262685
0.0570161 -0.264171
0.113955 -0.256207
0.170646 -0.257693
0.227585 -0.24973
0.284524 -0.241766
0.341463 -0.233804
0.398155 -0.23529
0.454846 -0.236775
0.511537 -0.23826
0.568476 -0.230297
0.625167 -0.231782
0.681859 -0.233268
0.73855 -0.234753
0.795241 -0.236238
0.851933 -0.237724
0.908872 -0.229761
0.965563 -0.231246
1.02201 -0.24218
1.0787 -0.243665
1.13539 -0.245151
1.19208 -0.246636
1.24877 -0.248121
1.30522 -0.259055
1.36191 -0.260541
1.4186 -0.262026
1.47529 -0.263511
1.53198 -0.264996
1.58842 -0.275929
1.64487 -0.286863
1.70156 -0.288349
1.75825 -0.289834
1.80624 -0.262727
1.85397 -0.245068
BezierPoints 16
-0.234232 0.528227
-0.49851 0.491274
-0.767147 0.500766
-1.03014 0.463985
-1.66036 0.375846
-2.74051 -0.228712
-1.49626 -0.365301
-0.824803 -0.43901
-0.102688 -0.268558
0.568476 -0.230297
0.964372 -0.207728
1.49069 -0.379453
1.85397 -0.245068
2.37609 -0.0519247
0.317102 0.605318
-0.234232 0.528227
P 0.249245 3.03897 -0.329306
T 0.0261906 0.999637 0.00632502
N -0.000165718 -0.00632285 0.99998
B -0.999657 0.0262003 0
SketchPoints 111
0.528225 -0.234227
0.520263 -0.291166
0.512299 -0.348105
0.513784 -0.404796
0.50582 -0.461735
0.497856 -0.518674
0.489893 -0.575613
0.491378 -0.632304
0.483413 -0.689243
0.484897 -0.745935
0.476934 -0.802874
0.478419 -0.859565
0.470455 -0.916504
0.47194 -0.973195
0.463976 -1.03013
0.456012 -1.08707
0.448049 -1.14401
0.440085 -1.20095
0.432122 -1.25789
0.41471 -1.31508
0.406994 -1.38147
0.39903 -1.4384
0.391065 -1.49534
0.373405 -1.54308
0.365441 -1.60002
0.348029 -1.65721
0.340067 -1.71415
0.312958 -1.76213
0.285849 -1.81012
0.25874 -1.8581
0.231633 -1.90609
0.213974 -1.95383
0.196312 -2.00157
0.178653 -2.0493
0.160993 -2.09704
0.114246 -2.11718
0.0578011 -2.12811
0.00086382 -2.12015
-0.0563237 -2.10274
-0.10406 -2.08508
-0.142845 -2.04828
-0.181628 -2.01148
-0.220412 -1.97467
-0.240548 -1.92793
-0.260683 -1.88118
-0.281065 -1.82498
-0.291997 -1.76854
-0.30293 -1.71209
-0.323065 -1.66535
-0.343447 -1.60915
-0.354381 -1.55271
-0.365314 -1.49626
-0.366799 -1.43957
-0.368284 -1.38288
-0.369769 -1.32619
-0.361805 -1.26925
-0.36329 -1.21256
-0.364775 -1.15587
-0.366259 -1.09918
-0.358295 -1.04224
-0.35978 -0.985547
-0.351816 -0.928609
-0.3533 -0.871917
-0.345337 -0.814978
-0.337373 -0.758039
-0.339106 -0.691899
-0.331389 -0.625512
-0.313731 -0.577773
-0.315215 -0.521082
-0.307252 -0.464143
-0.299535 -0.397755
-0.291572 -0.340816
-0.293056 -0.284125
-0.294541 -0.227434
-0.286577 -0.170495
-0.278614 -0.113556
-0.261201 -0.0563689
-0.262685 0.000322383
-0.26417 0.0570137
-0.256206 0.113953
-0.257691 0.170644
-0.249727 0.227583
-0.241764 0.284522
-0.233801 0.341461
-0.235286 0.398152
-0.236771 0.454844
-0.238255 0.511535
-0.230292 0.568474
-0.231777 0.625165
-0.233262 0.681857
-0.234746 0.738548
-0.236231 0.795239
-0.237716 0.851931
-0.229752 0.90887
-0.231237 0.965561
-0.24217 1.022
-0.243655 1.0787
-0.24514 1.13539
-0.246625 1.19208
-0.24811 1.24877
-0.259043 1.30521
-0.260528 1.3619
-0.262013 1.4186
-0.263498 1.47529
-0.264982 1.53198
-0.275914 1.58842
-0.286848 1.64487
-0.288333 1.70156
-0.289818 1.75825
-0.26271 1.80623
-0.245051 1.85397
BezierPoints 16
0.528225 -0.234227
0.49127 -0.498505
0.500759 -0.767142
0.463976 -1.03013
0.37583 -1.66035
-0.228738 -2.74051
-0.365314 -1.49626
-0.439018 -0.824807
-0.268559 -0.102691
-0.230292 0.568474
-0.20772 0.96437
-0.379439 1.49069
-0.245051 1.85397
-0.0519027 2.37609
0.605321 0.317108
0.528225 -0.234227
P 0.233765 2.4482 -0.423824
T 0.0025597 0.0975356 -0.995229
N 0.0260753 0.994887 0.0975692
B -0.999657 0.0262003 0
SketchPoints 175
0.551343 0.255337
0.560652 0.312071
0.569957 0.368805
0.588739 0.416112
0.598042 0.472848
0.607353 0.529583
0.616657 0.586317
0.616511 0.643028
0.616364 0.699738
0.625673 0.756473
0.625504 0.822635
0.634786 0.888822
0.644069 0.955009
0.653351 1.02119
0.662653 1.07793
0.662515 1.13464
0.671814 1.19137
0.671647 1.25754
0.680929 1.32372
0.680757 1.38989
0.690039 1.45607
0.689872 1.52224
0.699178 1.57897
0.708482 1.6357
0.717764 1.70189
0.717621 1.7586
0.726926 1.81534
0.726758 1.8815
0.736065 1.93823
0.735893 2.0044
0.735754 2.06111
0.735604 2.11782
0.735456 2.17453
0.744738 2.24071
0.735141 2.2974
0.734973 2.36356
0.734828 2.42027
0.734684 2.47698
0.725084 2.53367
0.715466 2.59981
0.705869 2.6565
0.705722 2.71321
0.686695 2.76042
0.667648 2.81708
0.658027 2.88322
0.639 2.93043
0.619979 2.97764
0.600953 3.02485
0.581926 3.07206
0.572328 3.12875
0.553308 3.17596
0.543711 3.23264
0.52466 3.2893
0.515063 3.34599
0.486586 3.39318
0.467559 3.44039
0.439083 3.48757
0.401157 3.53474
0.37268 3.58192
0.33475 3.62909
0.29685 3.6668
0.268373 3.71398
0.230468 3.75169
0.192564 3.7894
0.145258 3.80819
0.0885434 3.80804
0.031835 3.8079
-0.01537 3.78887
-0.0625588 3.7604
-0.0813435 3.71309
-0.119052 3.67519
-0.12836 3.61845
-0.137666 3.56172
-0.137521 3.50501
-0.137351 3.43884
-0.137206 3.38213
-0.127609 3.32545
-0.118012 3.26876
-0.10839 3.20262
-0.108247 3.14591
-0.0891495 3.07034
-0.0795523 3.01366
-0.0793805 2.9475
-0.069759 2.88136
-0.0695889 2.8152
-0.0599657 2.74906
-0.0597973 2.6829
-0.0596293 2.61673
-0.0594784 2.56002
-0.0498647 2.49388
-0.0496929 2.42772
-0.0495254 2.36156
-0.0493778 2.30485
-0.0492103 2.23869
-0.0490627 2.18198
-0.0488953 2.11581
-0.058197 2.05908
-0.0580056 1.98346
-0.0578547 1.92675
-0.0576664 1.85114
-0.0575231 1.79443
-0.0573513 1.72827
-0.0477077 1.65268
-0.0475355 1.58651
-0.0379383 1.52983
-0.028317 1.46369
-0.0281741 1.40698
-0.028026 1.35027
-0.0278812 1.29356
-0.0277109 1.2274
-0.0275661 1.17068
-0.0179429 1.10455
0.00112892 1.03843
0.0107261 0.981746
0.0203233 0.92506
0.0299205 0.868374
0.0395178 0.811687
0.0396626 0.754977
0.0398058 0.698265
0.0399535 0.641555
0.0400987 0.584845
0.0402454 0.528135
0.0403904 0.471424
0.0310811 0.414688
0.0217787 0.357954
0.0124705 0.301219
0.00316424 0.244485
-0.00614105 0.18775
-0.00599605 0.13104
-0.0153054 0.0743048
-0.0151573 0.0175931
-0.0150106 -0.0391165
-0.0148692 -0.095827
-0.0147215 -0.152539
-0.0240306 -0.209272
-0.0333359 -0.266007
-0.0426403 -0.322743
-0.0519465 -0.379477
-0.0612556 -0.436211
-0.0705581 -0.492947
-0.0703901 -0.559108
-0.0702227 -0.625271
-0.0700509 -0.691433
-0.079333 -0.75762
-0.0791859 -0.81433
-0.0790411 -0.871041
-0.0788708 -0.937203
-0.0881548 -1.00339
-0.0880081 -1.0601
-0.0878631 -1.11681
-0.0877162 -1.17352
-0.0875752 -1.23023
-0.0874272 -1.28694
-0.0872805 -1.34365
-0.0871391 -1.40036
-0.0869914 -1.45708
-0.0868443 -1.51379
-0.0866995 -1.5705
-0.0771023 -1.62718
-0.0769573 -1.68389
-0.0768104 -1.74061
-0.0766694 -1.79731
-0.0670722 -1.854
-0.0669241 -1.91071
-0.0667793 -1.96742
-0.066636 -2.02413
-0.0664884 -2.08084
-0.047462 -2.12805
-0.00956231 -2.16576
0.0283444 -2.20347
-0.0189613 -2.18469
0.037777 -2.194
0.0850798 -2.21278
0.0283444 -2.20347
0.0756536 -2.22226
BezierPoints 22
0.551343 0.255337
0.629618 0.732426
0.681779 1.21796
0.717764 1.70189
0.760526 2.27695
0.71383 2.80372
0.515063 3.34599
0.437925 3.55644
0.093716 4.29298
-0.0951834 3.91275
-0.241583 3.61806
-0.0505303 2.75437
-0.0496929 2.42772
-0.0466913 1.25684
-0.0910087 0.106637
-0.0880081 -1.0601
-0.086796 -1.53143
-0.0952586 -2.1544
0.0756536 -2.22226
0.661858 -2.45499
0.449229 -0.367054
0.551343 0.255337
P -2.16658 2.54639 0.783613
T -0.0260753 -0.994887 0.0975692
N 0.999637 -0.0266176 -0.00426002
B -0.00683516 -0.0974172 -0.99522
SketchPoints 51
-0.222612 0.559927
-0.279053 0.5544
-0.336416 0.55828
-0.391936 0.543347
-0.447456 0.528414
-0.503896 0.522887
-0.560337 0.517361
-0.617698 0.521241
-0.673218 0.506308
-0.71841 0.482888
-0.732617 0.434012
-0.709199 0.38882
-0.667887 0.354877
-0.626575 0.320935
-0.576777 0.29732
-0.535466 0.263377
-0.484747 0.230355
-0.435871 0.216147
-0.386073 0.192532
-0.336276 0.168917
-0.286478 0.145302
-0.263059 0.10011
-0.23964 0.0549182
-0.198328 0.0209756
-0.157016 -0.0129672
-0.107218 -0.0365822
-0.0583422 -0.0507902
-0.00946666 -0.0649986
0.0469742 -0.059472
0.103415 -0.0539454
0.158934 -0.0390123
0.215376 -0.0334855
0.271817 -0.0279589
0.327337 -0.0130254
0.382855 0.00190779
0.439297 0.00743452
0.494816 0.0223677
0.540008 0.0457869
0.595528 0.0607203
0.639798 0.0935461
0.684069 0.126372
0.718011 0.167683
0.762283 0.20051
0.796225 0.241821
0.819839 0.291618
0.853782 0.33293
0.887724 0.374242
0.91134 0.424039
0.934955 0.473836
0.949162 0.522712
0.96337 0.571589
BezierPoints 7
-0.222612 0.559927
-1.28764 0.45564
0.604062 -0.664405
0.96337 0.571589
1.04614 0.856312
0.0724861 0.588823
-0.222612 0.559927
P -2.16658 2.54639 -0.783613
T -0.00683516 -0.0974172 0.99522
N 0.999637 -0.0266176 0.00426002
B -0.0260753 -0.994887 -0.0975692
SketchPoints 51
0.559928 -0.222616
0.554402 -0.279056
0.558282 -0.336419
0.543349 -0.391939
0.528416 -0.447459
0.52289 -0.503899
0.517364 -0.56034
0.521244 -0.617701
0.506311 -0.67322
0.482892 -0.718413
0.434016 -0.73262
0.388824 -0.709201
0.354881 -0.667889
0.320938 -0.626576
0.297323 -0.576779
0.26338 -0.535467
0.230358 -0.484748
0.216149 -0.435872
0.192534 -0.386074
0.168919 -0.336277
0.145304 -0.286479
0.100112 -0.263059
0.0549195 -0.23964
0.0209767 -0.198328
-0.0129664 -0.157016
-0.0365816 -0.107218
-0.0507899 -0.058342
-0.0649985 -0.00946624
-0.0594722 0.0469746
-0.053946 0.103415
-0.0390131 0.158935
-0.0334866 0.215376
-0.0279604 0.271817
-0.0130271 0.327337
0.00190567 0.382855
0.00743213 0.439297
0.022365 0.494816
0.0457839 0.540008
0.060717 0.595528
0.0935426 0.639798
0.126368 0.684068
0.16768 0.71801
0.200505 0.762282
0.241817 0.796224
0.291614 0.819838
0.332925 0.85378
0.374237 0.887722
0.424034 0.911338
0.473831 0.934952
0.522707 0.949159
0.571584 0.963367
BezierPoints 7
0.559928 -0.222616
0.455647 -1.28764
-0.664409 0.604066
0.571584 0.963367
0.856306 1.04614
0.588823 0.0724829
0.559928 -0.222616
P -3.47917 2.54072 0.375036
T -0.0260753 -0.994887 0.0975692
N -0.999535 0.0274926 0.0132093
B 0.0158248 0.0972022 0.995139
SketchPoints 54
-0.26459 0.113283
-0.321951 0.109393
-0.379314 0.105503
-0.434837 0.120427
-0.49128 0.125945
-0.525232 0.167249
-0.539456 0.216123
-0.524538 0.271646
-0.519028 0.328088
-0.504109 0.38361
-0.489192 0.439131
-0.45638 0.483409
-0.432971 0.528604
-0.391672 0.562554
-0.350367 0.596504
-0.309067 0.630453
-0.267762 0.664403
-0.226463 0.698354
-0.185161 0.732302
-0.135371 0.755927
-0.0855803 0.77955
-0.0282194 0.783439
0.0206538 0.797656
0.0780145 0.801546
0.135375 0.805435
0.190898 0.790511
0.247344 0.784994
0.29254 0.761582
0.348066 0.746658
0.403589 0.731735
0.448788 0.708323
0.504313 0.693398
0.559835 0.678475
0.605035 0.655064
0.650232 0.631652
0.69543 0.608241
0.739709 0.575422
0.784908 0.552011
0.829189 0.519191
0.87347 0.486373
0.918668 0.462962
0.963866 0.43955
0.997821 0.398244
1.0421 0.365426
1.07606 0.324121
1.11001 0.282814
1.14396 0.241508
1.177 0.190796
1.19122 0.141922
1.20544 0.0930487
1.21967 0.0441744
1.23389 -0.00469947
1.23779 -0.0620613
1.24168 -0.119422
BezierPoints 10
-0.211859 0.0484935
-0.723164 0.0824772
-0.295214 0.390854
-0.0301376 0.489579
0.468029 0.675115
0.945758 0.363074
0.981305 -0.160392
1.00712 -0.540548
0.102349 0.0276098
-0.211859 0.0484935
P 0.214264 1.70416 -0.319207
T 0.00195192 0.0746995 -0.997204
N 0.0261271 0.996862 0.0747249
B -0.999657 0.0262003 0
SketchPoints 201
0.445773 -0.25509
0.445881 -0.311801
0.445996 -0.368511
0.446104 -0.425222
0.446233 -0.491385
0.446343 -0.548095
0.446456 -0.604804
0.446564 -0.661516
0.446674 -0.718227
0.446783 -0.774937
0.446895 -0.831648
0.437554 -0.888377
0.437683 -0.954541
0.428359 -1.02072
0.428488 -1.08688
0.419166 -1.15306
0.409827 -1.20979
0.409935 -1.2665
0.410064 -1.33267
0.410192 -1.39883
0.400853 -1.45556
0.391528 -1.52174
0.382207 -1.58792
0.36341 -1.64467
0.354073 -1.7014
0.335259 -1.74869
0.316447 -1.79599
0.288184 -1.8433
0.259919 -1.89062
0.241109 -1.93792
0.203376 -1.9758
0.165642 -2.01368
0.108949 -2.02324
0.0616543 -2.00443
0.0237551 -1.95725
0.0236437 -1.90053
0.023534 -1.84382
-0.00491088 -1.79662
-0.0333628 -1.74942
-0.0618078 -1.70221
-0.0902558 -1.65501
-0.0903655 -1.5983
-0.0810247 -1.54157
-0.0716807 -1.48484
-0.0528715 -1.43755
-0.0435294 -1.38082
-0.0341905 -1.32409
-0.0248469 -1.26736
-0.0344093 -1.21067
-0.0345195 -1.15396
-0.0440818 -1.09726
-0.0347406 -1.04053
-0.0348507 -0.983824
-0.0349613 -0.927114
-0.0350719 -0.870403
-0.0257326 -0.813674
-0.0258409 -0.756963
-0.035405 -0.700271
-0.0355109 -0.643559
-0.0356239 -0.58685
-0.0357526 -0.520687
-0.0264296 -0.454505
-0.0170903 -0.397776
-0.00774718 -0.341047
-0.00787592 -0.274884
0.010936 -0.227588
0.0297272 -0.17084
0.0296213 -0.114129
0.0389602 -0.0574004
0.0483014 -0.000672151
0.0481936 0.0560393
0.067002 0.103335
0.0763441 0.160066
0.0951557 0.207361
0.113949 0.264109
0.132742 0.320856
0.142083 0.377586
0.151406 0.443766
0.160748 0.500495
0.160617 0.566657
0.160511 0.623369
0.160398 0.680079
0.160269 0.746241
0.169613 0.802972
0.178932 0.869152
0.188259 0.935334
0.197579 1.00151
0.197451 1.06768
0.206776 1.13386
0.206648 1.20002
0.215987 1.25675
0.225309 1.32293
0.244087 1.38913
0.253426 1.44586
0.2722 1.51206
0.281526 1.57824
0.290863 1.63497
0.309676 1.68226
0.318999 1.74845
0.328323 1.81463
0.337664 1.87136
0.337537 1.93752
0.337409 2.00368
0.346729 2.06986
0.3466 2.13602
0.346471 2.20219
0.355812 2.25892
0.355702 2.31563
0.365027 2.38181
0.364915 2.43852
0.364805 2.49523
0.355242 2.55192
0.355113 2.61808
0.355005 2.6748
0.354893 2.7315
0.335896 2.77873
0.316883 2.8354
0.297851 2.90153
0.278856 2.94875
0.25986 2.99597
0.250279 3.06211
0.231245 3.12824
0.221685 3.18493
0.212122 3.24162
0.202558 3.29831
0.183565 3.34554
0.164551 3.40221
0.145537 3.45888
0.126541 3.5061
0.098094 3.55331
0.0602133 3.59104
0.0317659 3.63824
0.0127696 3.68547
0.0126599 3.74218
0.069371 3.74229
0.107251 3.70456
0.145131 3.66682
0.164128 3.6196
0.183123 3.57238
0.202117 3.52516
0.221117 3.47794
0.240112 3.43071
0.268557 3.38351
0.297023 3.32686
0.316019 3.27963
0.344463 3.23243
0.363461 3.18521
0.373042 3.11907
0.392037 3.07184
0.401618 3.0057
0.420632 2.94903
0.430215 2.88288
0.449208 2.83566
0.468204 2.78844
0.487197 2.74122
0.496761 2.68452
0.515794 2.6184
0.534808 2.56173
0.553805 2.5145
0.563368 2.45781
0.582361 2.41059
0.591923 2.3539
0.610919 2.30668
0.620481 2.24998
0.630043 2.19329
0.639626 2.12715
0.649189 2.07046
0.658766 2.00431
0.658877 1.9476
0.668457 1.88146
0.66857 1.82475
0.668699 1.75859
0.668807 1.70187
0.668936 1.63571
0.669046 1.579
0.659723 1.51282
0.659831 1.45611
0.65996 1.38995
0.650621 1.33322
0.650731 1.27651
0.650844 1.2198
0.641517 1.15361
0.641645 1.08745
0.632327 1.02127
0.632456 0.95511
0.632564 0.898398
0.632692 0.832236
0.623351 0.775506
0.62346 0.718796
0.623572 0.662085
0.614231 0.605356
0.604887 0.548626
0.595566 0.482446
0.586244 0.416265
0.576902 0.359536
0.5676 0.283903
0.558272 0.217722
0.539481 0.160974
0.520706 0.094775
0.511365 0.0380459
0.492554 -0.00925033
BezierPoints 22
0.445773 -0.25509
0.446668 -0.725974
0.477545 -1.24514
0.354073 -1.7014
0.332178 -1.7823
0.112256 -2.19915
0.0237551 -1.95725
-0.417224 -0.751907
0.268738 1.09733
0.365027 2.38181
0.378526 2.56188
0.0884758 3.23802
0.125458 3.32756
0.183022 3.46693
0.462959 2.82941
0.487197 2.74122
0.709773 1.93132
0.813447 0.797542
0.492554 -0.00925033
0.469432 -0.0673838
0.445654 -0.192528
0.445773 -0.25509
P -3.47917 2.54072 -0.375036
T 0.0158248 0.0972022 -0.995139
N -0.999535 0.0274926 -0.0132093
B -0.0260753 -0.994887 -0.0975692
SketchPoints 54
0.113289 -0.264593
0.1094 -0.321954
0.105512 -0.379317
0.120437 -0.43484
0.125956 -0.491283
0.167261 -0.525236
0.216136 -0.539461
0.271658 -0.524545
0.3281 -0.519036
0.383622 -0.504118
0.439143 -0.489203
0.483419 -0.456391
0.528614 -0.432983
0.562563 -0.391685
0.596512 -0.35038
0.63046 -0.309082
0.66441 -0.267777
0.698359 -0.226479
0.732307 -0.185178
0.75593 -0.135388
0.779552 -0.0855983
0.78344 -0.0282376
0.797656 0.0206356
0.801544 0.0779961
0.805432 0.135357
0.790507 0.19088
0.784989 0.247326
0.761575 0.292523
0.74665 0.348049
0.731726 0.403572
0.708312 0.448771
0.693387 0.504297
0.678463 0.559819
0.65505 0.60502
0.631637 0.650217
0.608225 0.695416
0.575405 0.739696
0.551993 0.784895
0.519172 0.829177
0.486353 0.873458
0.462941 0.918658
0.439528 0.963856
0.398221 0.997812
0.365402 1.04209
0.324096 1.07605
0.282789 1.11
0.241482 1.14396
0.190769 1.17699
0.141894 1.19122
0.0930209 1.20544
0.0441464 1.21966
-0.00472788 1.23389
-0.0620898 1.23779
-0.119451 1.24168
BezierPoints 10
0.0484984 -0.211861
0.0824939 -0.723166
0.390861 -0.295223
0.489579 -0.0301489
0.675104 0.468013
0.363053 0.945749
-0.160414 0.981309
-0.540572 1.00713
0.0276074 0.102349
0.0484984 -0.211861
P -4.07687 2.4754 0
T 0 0 -1
N 1 -6.93128e-06 0
B 6.93128e-06 1 0
SketchPoints 30
-0.245747 0.369739
-0.283554 0.331931
-0.321361 0.294123
-0.359168 0.246866
-0.387524 0.199605
-0.406427 0.152348
-0.406427 0.0956357
-0.406427 0.0389249
-0.387524 -0.00833297
-0.359168 -0.055593
-0.330813 -0.102851
-0.293006 -0.140658
-0.245747 -0.169014
-0.189036 -0.178466
-0.141777 -0.159563
0.141777 -0.159563
0.189036 -0.178466
0.245747 -0.169014
0.293006 -0.140658
0.330813 -0.102851
0.359168 -0.055593
0.387524 -0.00833297
0.406427 0.0389249
0.406427 0.0956357
0.406427 0.152348
0.387524 0.199605
0.359168 0.246866
0.321361 0.294123
0.283554 0.331931
0.245747 0.369739
BezierPoints 7
-0.275423 0.4389
-0.905867 -0.349322
0.950889 -0.336346
0.253955 0.423538
0.156548 0.529743
-0.203653 0.528631
-0.275423 0.4389
P -4.07687 2.56135 -0.170515
T -1 6.93128e-06 0
N -5.24664e-06 -0.756951 0.653472
B 0 -0.653472 -0.756951
SketchPoints 14
0.264652 0.0547036
0.311908 0.0925357
0.330813 0.139775
0.330813 0.196502
0.302457 0.243763
0.264649 0.281569
0.21739 0.309925
-0.21739 0.309925
-0.264649 0.281569
-0.302457 0.243763
-0.330813 0.196502
-0.330813 0.139775
-0.311908 0.0925357
-0.264652 0.0547036
BezierPoints 7
0.228421 0.108123
0.404287 0.793196
-0.449661 0.682533
-0.254855 0.117613
-0.211716 -0.00748352
0.195518 -0.0200468
0.228421 0.108123
P -4.0674 2.33932 -0.427719
T 5.24664e-06 0.756951 -0.653472
N -0.98925 0.0955637 0.110689
B -0.146234 -0.646481 -0.748784
SketchPoints 56
0.262625 0.150116
0.292263 0.199374
0.308582 0.247596
0.310523 0.30808
0.306323 0.361385
0.314406 0.429054
0.310205 0.482359
0.306009 0.535662
0.294624 0.595103
0.290427 0.648406
0.272907 0.700668
0.26152 0.760101
0.243999 0.812364
0.2398 0.865657
0.222277 0.917917
0.218083 0.971217
0.213885 1.02452
0.209688 1.07783
0.20549 1.13112
0.201292 1.18442
0.197097 1.23773
0.185713 1.29717
0.168189 1.34943
0.150666 1.40168
0.133142 1.45394
0.109482 1.499
0.0663577 1.53583
0.0109587 1.55829
-0.0109587 1.55829
-0.0663577 1.53583
-0.109482 1.499
-0.133142 1.45394
-0.150666 1.40168
-0.168189 1.34943
-0.185713 1.29717
-0.197097 1.23773
-0.201292 1.18442
-0.20549 1.13112
-0.209688 1.07783
-0.213885 1.02452
-0.218083 0.971217
-0.222277 0.917917
-0.2398 0.865657
-0.243999 0.812364
-0.26152 0.760101
-0.272907 0.700668
-0.290427 0.648406
-0.294624 0.595103
-0.306009 0.535662
-0.310205 0.482359
-0.314406 0.429054
-0.306323 0.361385
-0.310523 0.30808
-0.308582 0.247596
-0.292263 0.199374
-0.262625 0.150116
BezierPoints 10
0.270511 0.100374
0.393622 0.30498
0.279156 1.15646
0.0210743 1.23143
-0.210639 1.29874
-0.345969 0.234364
-0.248814 0.0728947
-0.181114 -0.0396205
0.202811 -0.0121413
0.270511 0.100374
P -4.07687 2.65099 0.189139
T -1 6.93128e-06 0
N 6.92071e-06 0.998475 -0.0552049
B 0 0.0552049 0.998475
SketchPoints 20
-0.255191 0.0194795
-0.283546 0.0667385
-0.292998 0.123451
-0.292998 0.18016
-0.283546 0.236869
-0.264643 0.284129
-0.226836 0.321939
-0.189028 0.359743
-0.14177 0.388099
-0.0945106 0.407004
0.0945106 0.407004
0.14177 0.388099
0.189028 0.359743
0.226836 0.321939
0.264643 0.284129
0.283546 0.236869
0.292998 0.18016
0.292998 0.123451
0.283546 0.0667385
0.255191 0.0194795
BezierPoints 7
-0.231797 0.0743966
-0.339932 0.62465
0.392866 0.560208
0.255191 0.0194795
0.223709 -0.104171
-0.207193 -0.0508044
-0.231797 0.0743966
P -4.08636 2.66452 0.43369
T -6.92071e-06 -0.998475 0.0552049
N -0.946777 -0.0177633 -0.321399
B -0.321889 0.0522407 0.945335
SketchPoints 50
-0.263745 0.00252053
-0.299525 0.0422399
-0.335304 0.0819841
-0.35171 0.130167
-0.377557 0.178839
-0.384031 0.235957
-0.400438 0.284148
-0.397474 0.340785
-0.394509 0.397416
-0.391545 0.454039
-0.37914 0.510189
-0.357792 0.556393
-0.33595 0.612041
-0.314601 0.65825
-0.283814 0.70395
-0.253027 0.749673
-0.240624 0.805815
-0.219275 0.85202
-0.197928 0.898229
-0.176579 0.944433
-0.15523 0.990629
-0.133882 1.03685
-0.112534 1.08304
-0.0911855 1.12927
-0.0509593 1.17448
0.0509593 1.17448
0.0911855 1.12927
0.112534 1.08304
0.133882 1.03685
0.15523 0.990629
0.176579 0.944433
0.197928 0.898229
0.219275 0.85202
0.240624 0.805815
0.253027 0.749673
0.283814 0.70395
0.314601 0.65825
0.33595 0.612041
0.357792 0.556393
0.37914 0.510189
0.391545 0.454039
0.394509 0.397416
0.397474 0.340785
0.400438 0.284148
0.384031 0.235957
0.377557 0.178839
0.35171 0.130167
0.335304 0.0819841
0.299525 0.0422399
0.263745 0.00252053
BezierPoints 10
-0.286316 0.103375
-0.483005 0.321724
-0.127271 1.26679
0.0832836 1.27467
0.283335 1.28216
0.442312 0.244367
0.258063 0.039829
0.169802 -0.0581521
-0.198054 0.00539409
-0.286316 0.103375
P -4.07687 2.83247 -0.0800738
T -1 6.93128e-06 0
N -3.07375e-06 -0.443461 -0.896294
B 0 0.896294 -0.443461
SketchPoints 20
-0.236293 0.259351
-0.293003 0.2499
-0.321361 0.202641
-0.330813 0.145916
-0.330812 0.0892189
-0.321362 0.032508
-0.293006 -0.0147516
-0.245747 -0.0431053
-0.198488 -0.071476
-0.151229 -0.0903649
0.151229 -0.0903649
0.198488 -0.071476
0.245747 -0.0431053
0.293006 -0.0147516
0.321362 0.032508
0.330812 0.0892189
0.330813 0.145916
0.321361 0.202641
0.293003 0.2499
0.236293 0.259351
BezierPoints 10
-0.236293 0.259351
-0.627687 0.194123
0.00355136 -0.0983412
0.151229 -0.0903649
0.320936 -0.0811987
0.426408 0.227667
0.236293 0.259351
0.119754 0.278773
-0.119754 0.278773
-0.236293 0.259351
P -4.06316 3.00424 -0.165054
T 3.07375e-06 0.443461 0.896294
N -0.996932 0.0701613 -0.0347104
B 0.0782779 0.893516 -0.442156
SketchPoints 46
0.262083 0.0741597
0.308489 0.10388
0.333701 0.154676
0.358913 0.205476
0.384123 0.256274
0.409334 0.307068
0.434546 0.357865
0.438623 0.408607
0.442698 0.459336
0.446776 0.510077
0.442384 0.565014
0.437997 0.619952
0.433604 0.674887
0.429216 0.729831
0.424824 0.784763
0.420435 0.839707
0.407577 0.898844
0.394723 0.957989
0.381865 1.01712
0.364806 1.0678
0.335081 1.11421
0.305355 1.16062
0.258757 1.1943
-0.258757 1.1943
-0.305355 1.16062
-0.335081 1.11421
-0.364806 1.0678
-0.381865 1.01712
-0.394723 0.957989
-0.407577 0.898844
-0.420435 0.839707
-0.424824 0.784763
-0.429216 0.729831
-0.433604 0.674887
-0.437997 0.619952
-0.442384 0.565014
-0.446776 0.510077
-0.442698 0.459336
-0.438623 0.408607
-0.434546 0.357865
-0.409334 0.307068
-0.384123 0.256274
-0.358913 0.205476
-0.333701 0.154676
-0.308489 0.10388
-0.262083 0.0741597
BezierPoints 10
0.258516 0.0752365
0.359932 0.443196
0.28247 1.24867
0.00323926 1.26767
-0.159318 1.27873
-0.464017 0.167315
-0.271083 0.0437553
-0.160732 -0.0269163
0.223697 -0.0510942
0.258516 0.0752365
P 0.984673 1.70108 0.547531
T -0.0261271 -0.996862 0.0747249
N -0.991278 0.0161769 -0.130787
B -0.129168 0.0774817 0.988591
SketchPoints 147
-0.256004 0.115481
-0.25161 0.172017
-0.247215 0.228557
-0.24282 0.285098
-0.229001 0.340906
-0.224606 0.397446
-0.210787 0.453258
-0.196969 0.509061
-0.192575 0.565597
-0.188178 0.622146
-0.183783 0.678682
-0.179389 0.735218
-0.174993 0.791762
-0.170598 0.848303
-0.175627 0.905575
-0.171231 0.962116
-0.166836 1.01866
-0.162441 1.0752
-0.167469 1.13247
-0.172498 1.18974
-0.168103 1.24628
-0.173131 1.30355
-0.168003 1.36952
-0.163609 1.42605
-0.168636 1.48333
-0.173665 1.5406
-0.169269 1.59714
-0.164874 1.65369
-0.169904 1.71095
-0.164775 1.77692
-0.169803 1.83419
-0.165409 1.89073
-0.16028 1.9567
-0.164576 2.02339
-0.160181 2.07994
-0.165209 2.13721
-0.160814 2.19375
-0.156419 2.25029
-0.152024 2.30683
-0.157052 2.3641
-0.161348 2.4308
-0.156953 2.48734
-0.161982 2.5446
-0.165543 2.62073
-0.169107 2.69685
-0.174136 2.75412
-0.169741 2.81066
-0.174769 2.86793
-0.179797 2.92521
-0.184093 2.9919
-0.189121 3.04917
-0.193418 3.11587
-0.198445 3.17314
-0.203474 3.23041
-0.208502 3.28769
-0.221489 3.36454
-0.225784 3.43124
-0.230081 3.49793
-0.235108 3.55521
-0.239404 3.6219
-0.253855 3.67991
-0.258884 3.73718
-0.263912 3.79445
-0.26894 3.85173
-0.284124 3.90031
-0.299308 3.94889
-0.314491 3.99747
-0.328944 4.05548
-0.333972 4.11275
-0.349157 4.16133
-0.364341 4.20991
-0.36937 4.26719
-0.374396 4.32446
-0.389581 4.37304
-0.333774 4.35922
-0.299744 4.30917
-0.265712 4.25913
-0.241104 4.20981
-0.196918 4.16846
-0.162888 4.11841
-0.128123 4.07779
-0.103516 4.02847
-0.0789092 3.97915
-0.0543008 3.92984
-0.0391168 3.88126
-0.0239324 3.83268
-0.00874841 3.7841
0.00643603 3.73552
0.0216198 3.68694
0.0266483 3.62966
0.0410998 3.57166
0.046128 3.51439
0.0504238 3.44769
0.0554519 3.39042
0.059747 3.32372
0.0647759 3.26645
0.0698045 3.20918
0.0748324 3.1519
0.0704373 3.09536
0.0754649 3.03809
0.0804938 2.98082
0.0855224 2.92355
0.0905503 2.86627
0.0948463 2.79958
0.109298 2.74157
0.113594 2.67488
0.127313 2.60745
0.130875 2.53132
0.144595 2.4639
0.148158 2.38778
0.161145 2.31093
0.164708 2.23481
0.179892 2.18623
0.175496 2.12968
0.188484 2.05283
0.193512 1.99556
0.19854 1.93829
0.202103 1.86217
0.205666 1.78605
0.209963 1.71936
0.21499 1.66208
0.219286 1.59538
0.224314 1.53811
0.238765 1.4801
0.234371 1.42357
0.238667 1.35687
0.242964 1.29017
0.247991 1.2329
0.251554 1.15678
0.256583 1.09951
0.26161 1.04223
0.266639 0.984964
0.271668 0.927696
0.266539 0.861727
0.270835 0.795032
0.275863 0.737758
0.280892 0.68049
0.276497 0.623946
0.272101 0.567405
0.27713 0.510137
0.272735 0.453593
0.268339 0.397052
0.263944 0.340512
0.268973 0.28324
0.264578 0.226703
0.250759 0.170891
0.210135 0.136128
BezierPoints 16
-0.209809 0.23242
0.0622922 1.27998
0.0130762 2.2501
-0.0940766 3.29935
-0.104686 3.40324
-0.241179 4.34322
-0.178208 4.55734
-0.0874452 4.86597
0.1579 3.11463
0.165444 3.0287
0.206849 2.55709
0.433053 0.65004
0.210135 0.136128
0.163715 0.0291126
-0.235929 0.131861
-0.209809 0.23242
P -0.730484 1.73884 1.39244
T 0.99962 -0.0267099 -0.00681063
N 0.00385504 -0.109184 0.994014
B 0.0273083 0.993662 0.109039
SketchPoints 42
-0.258716 0.0408197
-0.278882 0.0875559
-0.280406 0.144242
-0.262779 0.191994
-0.235704 0.240001
-0.19918 0.288258
-0.1527 0.317874
-0.10622 0.34749
-0.0597401 0.377101
-0.0132601 0.406717
0.0334737 0.426887
0.0799539 0.456499
0.126688 0.476672
0.183124 0.487639
0.23956 0.49862
0.296251 0.500144
0.352687 0.511112
0.418826 0.512895
0.475262 0.523862
0.531698 0.534842
0.588134 0.545814
0.644825 0.547334
0.701261 0.558309
0.757951 0.559834
0.814642 0.561358
0.871332 0.56288
0.928023 0.564404
0.984713 0.565933
1.0414 0.567457
1.09835 0.559536
1.15529 0.551614
1.21198 0.553139
1.26893 0.545211
1.31668 0.527588
1.37337 0.52911
1.43031 0.521182
1.48726 0.513264
1.535 0.495636
1.58301 0.468561
1.62207 0.422334
1.64224 0.375601
1.64376 0.318915
BezierPoints 7
-0.258716 0.0408197
-0.494309 0.574439
2.04539 0.333326
1.5469 0.242666
0.984396 0.140361
-0.123884 -0.264576
-0.258716 0.0408197
P -0.720909 1.81323 2.50584
T 0.99962 -0.0267099 -0.00681063
N 0.00684035 0.00102151 0.999976
B 0.0266831 0.999643 -0.0012037
SketchPoints 36
-0.262035 0.0497241
-0.282194 0.0964617
-0.283709 0.153152
-0.256626 0.201152
-0.219842 0.239955
-0.173357 0.269561
-0.126872 0.299168
-0.0803875 0.328775
-0.0341552 0.36783
0.0125821 0.387988
0.0690201 0.39895
0.125458 0.409911
0.182149 0.411425
0.238587 0.422387
0.295277 0.4239
0.351716 0.434864
0.408406 0.436377
0.465097 0.437891
0.521787 0.439404
0.578477 0.440918
0.635168 0.442432
0.691858 0.443945
0.748549 0.445459
0.80524 0.446973
0.86193 0.448486
0.918873 0.440551
0.975817 0.432616
1.03276 0.424682
1.0897 0.416747
1.14665 0.408811
1.20359 0.400878
1.25134 0.383241
1.30828 0.375306
1.35603 0.357671
1.40377 0.340036
1.44258 0.303251
BezierPoints 7
-0.262035 0.0497241
-0.519906 0.48242
1.76812 0.37629
1.44258 0.303251
0.283106 0.0431089
-0.0831979 -0.250356
-0.262035 0.0497241
P -0.705772 1.98735 4.04465
T 0.99962 -0.0267099 -0.00681063
N 0.00823116 0.0534397 0.998537
B 0.0263134 0.998214 -0.0536393
SketchPoints 35
-0.20248 -0.00527818
-0.240329 0.0305983
-0.256456 0.0818147
-0.235719 0.134014
-0.200039 0.179238
-0.156789 0.217282
-0.106167 0.255529
-0.0553472 0.2864
0.00284562 0.317469
0.0540596 0.333597
0.105077 0.357098
0.156291 0.373224
0.207505 0.389351
0.258917 0.398103
0.317503 0.414425
0.376288 0.423378
0.427699 0.43213
0.486484 0.441085
0.537895 0.449838
0.589307 0.458593
0.640718 0.467346
0.692327 0.468728
0.744133 0.462737
0.795939 0.456744
0.847745 0.450753
0.899749 0.437388
0.951949 0.416651
1.00395 0.403289
1.05635 0.375178
1.10855 0.354441
1.16095 0.326332
1.20597 0.298025
1.24382 0.262148
1.28885 0.233843
1.34085 0.220477
BezierPoints 10
-0.143647 0.0289952
-0.327633 0.20339
0.0344009 0.307046
0.165555 0.327105
0.709925 0.410361
1.69999 0.284149
1.22331 0.227604
0.495917 0.141318
0.13936 -0.239258
-0.143647 0.0289952
P -0.693428 2.19594 5.03847
T 0.99962 -0.0267099 -0.00681063
N 0.00683581 0.00085185 0.999976
B 0.0267169 0.999642 -0.0010342
SketchPoints 34
-0.203281 -0.0275801
-0.248502 0.00810088
-0.249881 0.0597087
-0.2142 0.10493
-0.170948 0.142977
-0.1275 0.17365
-0.084052 0.204324
-0.0330342 0.227822
0.0181806 0.243946
0.0693956 0.260071
0.120807 0.268824
0.172219 0.277576
0.223631 0.286328
0.275043 0.295081
0.333631 0.311402
0.392218 0.327725
0.450806 0.344048
0.502218 0.3528
0.553629 0.361551
0.605041 0.370305
0.65665 0.371684
0.708259 0.373064
0.759868 0.374444
0.811674 0.368449
0.864071 0.340339
0.91627 0.319601
0.968273 0.306234
1.02047 0.285496
1.07248 0.27213
1.12448 0.258765
1.17648 0.2454
1.2217 0.209718
1.2739 0.188979
1.31893 0.160672
BezierPoints 10
-0.172791 0.0297578
-0.382378 0.148578
0.131245 0.237992
0.2338 0.250297
0.685949 0.304548
1.5768 0.220128
1.11272 0.166714
0.244728 0.0668107
0.0966465 -0.122992
-0.172791 0.0297578
P -0.734383 1.76024 -0.735678
T 0.00878497 0.0745117 -0.997181
N -0.99962 0.0267099 -0.00681063
B -0.0261271 -0.996862 -0.0747249
SketchPoints 144
0.382675 -0.228585
0.439932 -0.233782
0.496485 -0.229554
0.552335 -0.215901
0.608887 -0.211673
0.66544 -0.207445
0.722698 -0.212643
0.779251 -0.208415
0.845934 -0.212908
0.912618 -0.217401
0.978595 -0.212469
1.03585 -0.217664
1.09311 -0.222863
1.14966 -0.218635
1.20692 -0.223833
1.2729 -0.218901
1.34971 -0.232114
1.42582 -0.235902
1.48308 -0.2411
1.54976 -0.245593
1.60702 -0.250792
1.66428 -0.255986
1.72153 -0.261186
1.77879 -0.266383
1.83675 -0.281008
1.91286 -0.284795
1.97012 -0.289992
2.02738 -0.29519
2.10349 -0.298978
2.16004 -0.29475
2.2173 -0.299946
2.27455 -0.305145
2.33181 -0.310343
2.38907 -0.315541
2.44633 -0.320739
2.50358 -0.325936
2.56084 -0.331133
2.63695 -0.334922
2.70363 -0.339415
2.76089 -0.34461
2.82757 -0.349105
2.89355 -0.344173
2.96024 -0.348665
3.01749 -0.353863
3.07475 -0.359061
3.1313 -0.354833
3.18856 -0.36003
3.25524 -0.364523
3.3125 -0.369721
3.37918 -0.374214
3.44587 -0.378705
3.51255 -0.383199
3.5691 -0.378972
3.63579 -0.383465
3.69304 -0.388662
3.75973 -0.393155
3.81628 -0.388929
3.87354 -0.394125
3.93009 -0.389897
3.98735 -0.395095
4.0439 -0.390866
4.10045 -0.386639
4.16643 -0.381706
4.22228 -0.368052
4.22748 -0.310795
4.22325 -0.254242
4.19145 -0.209229
4.15966 -0.164215
4.10971 -0.130036
4.06919 -0.0951532
4.02867 -0.06027
3.97873 -0.0260911
3.92948 -0.00133617
3.88024 0.0234153
3.83171 0.0387431
3.77374 0.0533661
3.71508 0.0774148
3.65712 0.0920381
3.60858 0.107366
3.56004 0.122693
3.50208 0.137315
3.44412 0.151939
3.38616 0.166562
3.3282 0.181187
3.27094 0.186383
3.21298 0.201005
3.15572 0.206205
3.09917 0.201977
3.04191 0.207174
2.97593 0.202241
2.90925 0.206734
2.85199 0.21193
2.78601 0.206998
2.72875 0.212197
2.66278 0.207265
2.58666 0.211053
2.51056 0.214841
2.454 0.210612
2.39675 0.21581
2.34019 0.211582
2.27351 0.216074
2.21696 0.211845
2.15098 0.206914
2.09372 0.212113
2.02774 0.20718
1.96106 0.211673
1.89508 0.20674
1.8291 0.201808
1.76242 0.206301
1.70587 0.202073
1.63989 0.19714
1.58333 0.192912
1.52678 0.188684
1.47023 0.184456
1.41368 0.180228
1.33827 0.174591
1.26216 0.17838
1.19618 0.173447
1.13963 0.169219
1.08308 0.164991
1.02653 0.160763
0.969972 0.156535
0.913419 0.152308
0.846736 0.156801
0.789479 0.161999
0.732221 0.167195
0.675668 0.162968
0.61841 0.168165
0.561858 0.163937
0.505305 0.15971
0.448048 0.164906
0.391494 0.160678
0.334237 0.165877
0.277684 0.16165
0.221835 0.147994
0.165282 0.143766
0.108024 0.148966
0.0514715 0.144738
-0.00508106 0.14051
-0.0298353 0.0912685
-0.035034 0.0340103
-0.0308078 -0.0225429
-0.00843458 -0.0682601
0.0139387 -0.113978
BezierPoints 19
0.382675 -0.228585
0.632758 -0.207846
1.63849 -0.0209442
2.51683 -0.0694415
3.84274 -0.142651
4.42485 -0.268062
4.4712 -0.186227
4.54285 -0.0597241
4.1139 0.0237587
3.59799 0.084919
2.8482 0.173805
1.74503 0.209663
0.960977 0.21994
0.668072 0.223779
-0.197424 0.317926
0.0139387 -0.113978
0.0563713 -0.200686
0.286471 -0.236563
0.382675 -0.228585
P 0.984673 1.70108 -0.547531
T -0.129168 0.0774817 -0.988591
N -0.991278 0.0161769 0.130787
B -0.0261271 -0.996862 -0.0747249
SketchPoints 147
0.115479 -0.256003
0.172015 -0.251608
0.228555 -0.247213
0.285096 -0.242817
0.340904 -0.228998
0.397444 -0.224602
0.453256 -0.210783
0.509059 -0.196964
0.565596 -0.19257
0.622145 -0.188173
0.67868 -0.183778
0.735217 -0.179383
0.791761 -0.174986
0.848301 -0.170591
0.905574 -0.175619
0.962114 -0.171223
1.01865 -0.166827
1.0752 -0.162432
1.13247 -0.167459
1.18974 -0.172487
1.24628 -0.168093
1.30355 -0.173119
1.36952 -0.167991
1.42605 -0.163596
1.48333 -0.168623
1.5406 -0.173652
1.59714 -0.169255
1.65369 -0.16486
1.71095 -0.169889
1.77692 -0.164759
1.83419 -0.169787
1.89073 -0.165393
1.9567 -0.160263
2.02339 -0.164559
2.07993 -0.160163
2.1372 -0.165191
2.19375 -0.160795
2.25029 -0.156399
2.30683 -0.152004
2.3641 -0.157032
2.43079 -0.161327
2.48734 -0.156931
2.5446 -0.16196
2.62073 -0.165521
2.69685 -0.169084
2.75412 -0.174112
2.81066 -0.169717
2.86793 -0.174744
2.9252 -0.179772
2.9919 -0.184067
3.04917 -0.189095
3.11587 -0.19339
3.17314 -0.198418
3.23041 -0.203446
3.28769 -0.208473
3.36454 -0.22146
3.43123 -0.225754
3.49793 -0.23005
3.5552 -0.235077
3.6219 -0.239372
3.6799 -0.253824
3.73718 -0.258851
3.79445 -0.263879
3.85172 -0.268907
3.90031 -0.28409
3.94889 -0.299274
3.99747 -0.314457
4.05547 -0.328909
4.11275 -0.333937
4.16133 -0.34912
4.20991 -0.364304
4.26718 -0.369333
4.32445 -0.374359
4.37303 -0.389544
4.35922 -0.333736
4.30917 -0.299706
4.25912 -0.265675
4.20981 -0.241068
4.16845 -0.196882
4.11841 -0.162852
4.07779 -0.128088
4.02847 -0.103481
3.97915 -0.0788746
3.92984 -0.0542667
3.88126 -0.0390831
3.83268 -0.0238992
3.7841 -0.00871562
3.73552 0.0064684
3.68694 0.0216517
3.62967 0.0266798
3.57166 0.0411307
3.51439 0.0461584
3.44769 0.0504536
3.39042 0.0554812
3.32372 0.0597758
3.26645 0.0648041
3.20918 0.0698322
3.1519 0.0748597
3.09536 0.0704641
3.03809 0.0754912
2.98082 0.0805197
2.92355 0.0855477
2.86627 0.0905751
2.79958 0.0948706
2.74157 0.109322
2.67488 0.113617
2.60745 0.127335
2.53132 0.130897
2.4639 0.144616
2.38778 0.148178
2.31093 0.161165
2.23481 0.164727
2.18623 0.179911
2.12968 0.175515
2.05284 0.188501
1.99556 0.193529
1.93829 0.198557
1.86217 0.202119
1.78605 0.205682
1.71936 0.209977
1.66208 0.215005
1.59539 0.2193
1.53811 0.224328
1.4801 0.238778
1.42357 0.234384
1.35687 0.238679
1.29018 0.242975
1.2329 0.248001
1.15678 0.251564
1.09952 0.256592
1.04223 0.261619
0.984966 0.266647
0.927698 0.271675
0.861729 0.266547
0.795034 0.270842
0.737761 0.27587
0.680493 0.280898
0.623949 0.276502
0.567407 0.272106
0.51014 0.277135
0.453595 0.272739
0.397054 0.268343
0.340515 0.263947
0.283242 0.268975
0.226705 0.26458
0.170894 0.250761
0.136129 0.210136
BezierPoints 16
0.232418 -0.209808
1.27999 0.0623033
2.2501 0.0130957
3.29935 -0.0940479
3.40324 -0.104656
4.34322 -0.241141
4.55734 -0.178169
4.86597 -0.0874032
3.11463 0.157927
3.0287 0.16547
2.55709 0.206871
0.650044 0.433059
0.136129 0.210136
0.0291139 0.163716
0.131859 -0.235928
0.232418 -0.209808
P -0.720909 1.81323 -2.50584
T 0.0266831 0.999643 0.0012037
N 0.00684035 0.00102151 -0.999976
B 0.99962 -0.0267099 0.00681063
SketchPoints 36
0.0497292 -0.262036
0.0964672 -0.282196
0.153157 -0.283711
0.201157 -0.25663
0.239959 -0.219846
0.269565 -0.173362
0.29917 -0.126878
0.328776 -0.0803938
0.36783 -0.0341622
0.387988 0.0125746
0.398949 0.0690125
0.409909 0.12545
0.411421 0.182141
0.422382 0.238579
0.423895 0.295269
0.434857 0.351707
0.436369 0.408398
0.437882 0.465088
0.439394 0.521779
0.440907 0.578469
0.44242 0.635159
0.443932 0.69185
0.445445 0.748541
0.446957 0.805231
0.44847 0.861922
0.440533 0.918865
0.432597 0.975808
0.424662 1.03275
0.416726 1.08969
0.408789 1.14664
0.400855 1.20358
0.383217 1.25133
0.375281 1.30827
0.357645 1.35602
0.340009 1.40377
0.303223 1.44257
BezierPoints 7
0.0497292 -0.262036
0.48243 -0.519916
0.376256 1.76811
0.303223 1.44257
0.0431034 0.283105
-0.250354 -0.0831931
0.0497292 -0.262036
P -0.730484 1.73884 -1.39244
T 0.0273083 0.993662 -0.109039
N 0.00385504 -0.109184 -0.994014
B 0.99962 -0.0267099 0.00681063
SketchPoints 42
0.0408159 -0.258715
0.0875518 -0.278881
0.144238 -0.280404
0.19199 -0.262776
0.239997 -0.235701
0.288256 -0.199176
0.317872 -0.152696
0.347489 -0.106215
0.3771 -0.0597346
0.406717 -0.0132541
0.426887 0.0334799
0.4565 0.0799606
0.476674 0.126695
0.487642 0.183131
0.498623 0.239568
0.500149 0.296258
0.511117 0.352695
0.512901 0.418833
0.523869 0.47527
0.53485 0.531706
0.545822 0.588143
0.547344 0.644833
0.558319 0.70127
0.559845 0.75796
0.56137 0.81465
0.562893 0.871341
0.564418 0.928031
0.565947 0.984721
0.567473 1.04141
0.559552 1.09836
0.551631 1.1553
0.553156 1.21199
0.54523 1.26893
0.527608 1.31668
0.529131 1.37337
0.521204 1.43032
0.513286 1.48726
0.495659 1.53501
0.468585 1.58302
0.422358 1.62208
0.375625 1.64224
0.318939 1.64377
BezierPoints 7
0.0408159 -0.258715
0.574431 -0.4943
0.333356 2.04539
0.242688 1.54691
0.140376 0.984398
-0.264577 -0.123888
0.0408159 -0.258715
P -0.705772 1.98735 -4.04465
T 0.0263134 0.998214 0.0536393
N 0.00823116 0.0534397 -0.998537
B 0.99962 -0.0267099 0.00681063
SketchPoints 35
-0.00527949 -0.20248
0.0305967 -0.240329
0.081813 -0.256455
0.134013 -0.235718
0.179237 -0.200038
0.217281 -0.156788
0.255528 -0.106165
0.2864 -0.0553453
0.31747 0.00284768
0.333597 0.0540617
0.357098 0.105079
0.373225 0.156293
0.389352 0.207508
0.398105 0.258919
0.414427 0.317506
0.42338 0.376291
0.432133 0.427702
0.441089 0.486487
0.449841 0.537898
0.458597 0.58931
0.46735 0.640721
0.468733 0.69233
0.462742 0.744136
0.456749 0.795942
0.450758 0.847748
0.437394 0.899751
0.416658 0.951952
0.403296 1.00396
0.375185 1.05635
0.354448 1.10855
0.326339 1.16095
0.298033 1.20598
0.262156 1.24383
0.233851 1.28885
0.220486 1.34085
BezierPoints 10
0.0289942 -0.143647
0.203387 -0.327632
0.307046 0.0344029
0.327106 0.165557
0.410366 0.709927
0.28416 1.7
0.227612 1.22332
0.141322 0.495918
-0.239257 0.139358
0.0289942 -0.143647
P -0.693428 2.19594 -5.03847
T 0.0267169 0.999642 0.0010342
N 0.00683581 0.00085185 -0.999976
B 0.99962 -0.0267099 0.00681063
SketchPoints 34
-0.0275827 -0.203281
0.00809755 -0.248502
0.0597054 -0.24988
0.104927 -0.214198
0.142975 -0.170947
0.173648 -0.127498
0.204323 -0.0840493
0.227821 -0.0330311
0.243946 0.0181839
0.260072 0.0693991
0.268826 0.120811
0.277579 0.172223
0.286331 0.223635
0.295085 0.275047
0.311407 0.333635
0.327731 0.392223
0.344054 0.45081
0.352807 0.502222
0.361559 0.553634
0.370313 0.605046
0.371693 0.656655
0.373073 0.708264
0.374454 0.759873
0.36846 0.811679
0.340351 0.864075
0.319613 0.916275
0.306247 0.968277
0.285509 1.02048
0.272144 1.07248
0.258781 1.12448
0.245415 1.17649
0.209734 1.22171
0.188996 1.2739
0.16069 1.31893
BezierPoints 10
0.0297554 -0.17279
0.148573 -0.382376
0.237994 0.131248
0.2503 0.233803
0.304557 0.685953
0.22015 1.57681
0.166729 1.11272
0.0668141 0.244729
-0.122991 0.0966449
0.0297554 -0.17279
