HeaderParameters 1
PlaneSketch 9
P 1.56092 3.03135 1.27032
T -0.679268 0 -0.733891
N -0.733891 0 0.679268
B 0 -1 0
BoundaryCurves 1
SketchPoints 285
1.43698 -0.27462
1.4938 -0.321969
1.55059 -0.378787
1.61691 -0.435606
1.67371 -0.492423
1.72107 -0.539772
1.77789 -0.58712
1.8347 -0.643939
1.88203 -0.691287
1.93888 -0.757575
1.99568 -0.823863
2.03357 -0.861742
2.06198 -0.90909
2.09986 -0.946969
2.16614 -1.0322
2.22296 -1.09848
2.26085 -1.13636
2.29871 -1.18371
2.33659 -1.23106
2.37447 -1.26894
2.40289 -1.31629
2.45021 -1.36364
2.48811 -1.40151
2.526 -1.44886
2.57333 -1.49621
2.63015 -1.55303
2.67751 -1.60038
2.71538 -1.6572
2.7722 -1.70455
2.81955 -1.76136
2.87635 -1.81818
2.91424 -1.86553
2.96159 -1.92235
2.99947 -1.9697
3.02791 -2.01705
3.07524 -2.06439
3.13203 -2.05492
3.16993 -2.01705
3.21727 -1.97917
3.26464 -1.95076
3.31198 -1.92235
3.34986 -1.875
3.40667 -1.82765
3.454 -1.7803
3.4919 -1.74242
3.57714 -1.64773
3.68132 -1.55303
3.77597 -1.45833
3.8612 -1.39205
3.93697 -1.31629
3.9938 -1.24053
4.03167 -1.20265
4.10741 -1.12689
4.18318 -1.05114
4.23055 -1.00379
4.28736 -0.92803
4.34418 -0.871211
4.38205 -0.823863
4.43887 -0.748106
4.48623 -0.691287
4.52409 -0.643939
4.562 -0.606061
4.59986 -0.558711
4.65668 -0.492423
4.74188 -0.397727
4.77978 -0.359848
4.83658 -0.28409
4.87448 -0.236742
4.91235 -0.189393
4.9597 -0.132576
4.99758 -0.0757577
5.03546 -0.0189385
5.09228 0.0662887
5.16803 0.142045
5.24379 0.217804
5.35743 0.293561
5.3953 0.35038
5.43318 0.397728
5.47108 0.435607
5.52789 0.501894
5.57524 0.558713
5.63206 0.63447
5.68887 0.700758
5.73622 0.748107
5.79305 0.823864
5.83092 0.861742
5.8688 0.909092
5.91615 0.95644
5.95403 0.994318
6.00137 1.05114
6.07713 1.11742
6.14341 1.18371
6.20024 1.24053
6.23812 1.28788
6.30438 1.36364
6.37068 1.43939
6.42752 1.49621
6.51275 1.59091
6.56009 1.63826
6.59797 1.69508
6.64531 1.76136
6.68319 1.79924
6.74948 1.88447
6.79682 1.94129
6.85364 2.00758
6.90098 2.07386
6.92941 2.12121
6.97676 2.16856
7.02409 2.23485
7.07146 2.30114
7.10932 2.36742
7.13775 2.41477
7.17561 2.47159
7.20401 2.51894
7.24191 2.56629
7.2703 2.61364
7.3082 2.67045
7.3366 2.7178
7.365 2.76515
7.4029 2.8125
7.43129 2.85985
7.45022 2.9072
7.46918 2.95455
7.47866 3.01136
7.45969 3.05871
7.4029 3.05871
7.34606 3.07765
7.28924 3.06818
7.23244 3.03977
7.17561 3.00189
7.11879 2.96402
7.08093 2.92614
7.04303 2.88826
7.00516 2.82197
6.96727 2.75568
6.91994 2.67992
6.89151 2.62311
6.86311 2.57576
6.83471 2.51894
6.8063 2.47159
6.78733 2.41477
6.75896 2.36742
6.73053 2.32008
6.70212 2.26326
6.66425 2.20644
6.63584 2.15909
6.5885 2.0928
6.55062 2.05492
6.51275 2.00758
6.46538 1.95076
6.42752 1.91288
6.38015 1.85606
6.34229 1.80871
6.30439 1.76136
6.276 1.71402
6.22865 1.66667
6.19077 1.61932
6.14341 1.57197
6.10555 1.52462
6.06766 1.48674
6.02032 1.43939
5.96349 1.39205
5.88773 1.33523
5.84039 1.29735
5.79305 1.25947
5.74569 1.21212
5.68887 1.16477
5.65098 1.12689
5.61312 1.07955
5.57524 1.0322
5.51842 0.96591
5.48053 0.928031
5.44266 0.880683
5.40477 0.833334
5.35743 0.767045
5.31008 0.710228
5.25327 0.65341
5.21539 0.615531
5.17751 0.558713
5.13017 0.501894
5.09228 0.454545
5.0544 0.407197
5.01652 0.369318
4.97865 0.33144
4.92183 0.265152
4.86501 0.208334
4.81767 0.142045
4.76085 0.0852282
4.71349 0.0378797
4.65668 -0.0284092
4.59986 -0.0852275
4.56199 -0.123106
4.52409 -0.170455
4.46728 -0.236742
4.42938 -0.27462
4.38205 -0.340909
4.32524 -0.407196
4.28736 -0.454545
4.25894 -0.501893
4.22108 -0.539772
4.18317 -0.577652
4.13584 -0.643939
4.08847 -0.691287
4.03167 -0.738636
3.9938 -0.785985
3.95592 -0.823863
3.89911 -0.880682
3.85174 -0.937499
3.79494 -0.984848
3.75705 -1.0322
3.70024 -1.09848
3.66236 -1.13636
3.62448 -1.18371
3.59608 -1.23106
3.55818 -1.26894
3.5203 -1.32576
3.48243 -1.37311
3.43508 -1.42992
3.39721 -1.47727
3.36879 -1.52462
3.3309 -1.57197
3.29303 -1.60985
3.2457 -1.63826
3.19833 -1.61932
3.14153 -1.59091
3.09417 -1.5625
3.0563 -1.52462
2.99947 -1.48674
2.96159 -1.44886
2.92374 -1.41098
2.88583 -1.36364
2.85744 -1.31629
2.81955 -1.27841
2.79112 -1.22159
2.76274 -1.16477
2.72486 -1.12689
2.70591 -1.07955
2.67751 -1.0322
2.63016 -0.975379
2.59229 -0.918561
2.56386 -0.861742
2.52599 -0.804923
2.48811 -0.748106
2.44077 -0.691287
2.39342 -0.634469
2.35556 -0.58712
2.31765 -0.549242
2.28924 -0.501893
2.25138 -0.454545
2.21349 -0.416666
2.16614 -0.359848
2.11877 -0.312499
2.08092 -0.27462
2.04303 -0.236742
1.99568 -0.198863
1.9578 -0.160985
1.91993 -0.123106
1.87256 -0.0852275
1.82523 -0.037879
1.78733 -2.38419e-07
1.74948 0.0378797
1.71159 0.0757585
1.66424 0.104167
1.62636 0.142045
1.56956 0.170455
1.52221 0.189394
1.47486 0.208334
1.40857 0.217804
1.35177 0.217804
1.29492 0.227273
1.23812 0.227273
1.17183 0.217804
1.10554 0.208334
1.04871 0.208334
0.991893 0.208334
0.935092 0.198864
0.887713 0.179924
0.830917 0.160986
0.78357 0.142045
0.745691 0.104167
0.717272 0.0473483
0.698365 -0.00946879
0.688874 -0.066287
0.688874 -0.123106
0.707818 -0.170455
BezierPoints 19
-0.203151 -0.504097
-0.81246 -0.582235
-1.6724 -2.02159
-1.79373 -2.03304
-1.92403 -2.04535
-6.34844 3.03635
-6.27268 3.03635
-6.07517 3.02486
-1.9759 -1.46292
-1.84165 -1.43841
-1.71273 -1.41487
-0.669445 0.0209179
-0.191705 0.392448
0.0293648 0.564369
0.719136 0.532129
0.696305 -0.0268025
0.672175 -0.617544
-0.0205007 -0.480675
-0.203151 -0.504097
P 1.95263 3 -0.0964457
T 0 1 0
N -0.0186209 0 -0.999827
B 0.999827 0 -0.0186209
BoundaryCurves 1
SketchPoints 148
-0.3125 -0.0414445
-0.375 -0.0414445
-0.4375 -0.0414445
-0.512499 -0.0414445
-0.5625 -0.0414445
-0.612501 -0.0414445
-0.6875 -0.0414445
-0.762499 -0.0414445
-0.824999 -0.0414445
-0.887499 -0.0539449
-0.949999 -0.0539449
-0.987499 -0.0164454
-0.962501 0.046056
-0.962501 0.108555
-0.9375 0.183554
-0.925001 0.233555
-0.9125 0.283555
-0.900001 0.333555
-0.900001 0.383556
-0.875 0.471056
-0.85 0.521056
-0.837501 0.571054
-0.824999 0.658555
-0.800001 0.708555
-0.775001 0.821055
-0.75 0.896055
-0.712501 0.971055
-0.6875 1.04605
-0.650001 1.13355
-0.612501 1.20855
-0.574999 1.30855
-0.5375 1.39605
-0.5 1.44605
-0.449999 1.50855
-0.400001 1.58355
-0.35 1.65855
-0.3125 1.69606
-0.262499 1.73355
-0.225 1.78356
-0.175001 1.82105
-0.112501 1.87106
-0.0625005 1.90855
0.0124993 1.94606
0.0749993 1.99606
0.162499 2.05855
0.262499 2.10855
0.3125 2.14605
0.375 2.17106
0.4375 2.19606
0.5 2.22106
0.5625 2.24606
0.625 2.27106
0.699999 2.29606
0.75 2.32105
0.824999 2.35856
0.900001 2.38356
1 2.42106
1.075 2.44606
1.125 2.47106
1.2 2.49605
1.2625 2.52106
1.3375 2.54606
1.4125 2.57105
1.475 2.59605
1.55 2.60855
1.6125 2.63356
1.7 2.64606
1.7625 2.65855
1.875 2.68355
1.9375 2.69606
2.0125 2.69606
2.0875 2.70855
2.1625 2.70855
2.25 2.70855
2.325 2.70855
2.4125 2.70855
2.4875 2.70855
2.55 2.70855
2.6125 2.70855
2.675 2.69606
2.775 2.69606
2.8375 2.69606
2.9125 2.69606
2.9875 2.68355
3.0625 2.67106
3.1375 2.64606
3.2 2.63355
3.2625 2.62106
3.325 2.59606
3.3875 2.58355
3.45 2.55856
3.5125 2.53355
3.6 2.49605
3.675 2.47106
3.75 2.44606
3.825 2.39606
3.9 2.35856
4.0125 2.28356
4.1375 2.18356
4.2625 2.14606
4.35 2.10856
4.3875 2.07105
4.425 2.03356
4.475 2.00856
4.5375 1.95856
4.575 1.90855
4.625 1.84606
4.675 1.78356
4.7375 1.70856
4.775 1.67106
4.8125 1.60855
4.85 1.55855
4.8875 1.48355
4.9375 1.39606
4.9625 1.34606
4.9875 1.28356
5.0125 1.23356
5.025 1.17106
5.05 1.10855
5.075 1.05856
5.1 1.00856
5.125 0.933555
5.1625 0.846056
5.2 0.758556
5.2125 0.696054
5.2375 0.646055
5.2625 0.571055
5.275 0.496056
5.2875 0.433555
5.2875 0.371056
5.3125 0.308554
5.325 0.246056
5.35 0.183554
5.3625 0.121056
5.375 0.0710562
5.325 0.0585545
5.225 0.0585545
5.175 0.0585545
5.125 0.0460551
5.0375 0.0460551
4.9375 0.0335556
4.875 0.0210561
4.8125 0.0210561
4.7625 0.00855448
4.7125 0.00855448
4.65 0.00855448
4.5875 0.00855448
4.525 0.00855448
BezierPoints 31
2.01365 3.59384
0.10288 3.57759
-0.74421 -0.584739
-0.13848 -0.546968
0.35794 -0.516014
0.31456 -0.172028
0.0826399 0.598631
-0.24764 1.69613
0.92734 3.34634
1.88095 3.37985
2.05772 3.38606
2.02565 1.9485
1.92177 1.75257
1.57865 1.10541
1.6684 0.782672
1.99226 0.778779
2.30584 0.775009
2.3351 1.09945
2.14329 1.75257
2.0829 1.95817
1.97409 3.3729
2.15231 3.3701
2.99605 3.35687
3.87709 2.30526
3.7349 1.69994
3.61268 1.1796
3.50859 0.788186
4.00075 0.778785
4.73664 0.764728
3.60186 3.60735
2.01365 3.59384
P -0.0750196 3 -2.23142
T 0 1 0
N -0.999985 0 0.00538842
B -0.00538842 0 -0.999985
BoundaryCurves 1
SketchPoints 0
BezierPoints 31
2.01365 3.59384
0.10288 3.57759
-0.74421 -0.584739
-0.13848 -0.546968
0.35794 -0.516014
0.31456 -0.172028
0.0826399 0.598631
-0.24764 1.69613
0.92734 3.34634
1.88095 3.37985
2.05772 3.38606
2.02565 1.9485
1.92177 1.75257
1.57865 1.10541
1.6684 0.782672
1.99226 0.778779
2.30584 0.775009
2.3351 1.09945
2.14329 1.75257
2.0829 1.95817
1.97409 3.3729
2.15231 3.3701
2.99605 3.35687
3.87709 2.30526
3.7349 1.69994
3.61268 1.1796
3.50859 0.788186
4.00075 0.778785
4.73664 0.764728
3.60186 3.60735
2.01365 3.59384
P -2.13976 3 -0.100372
T 0 1 0
N -0.00136353 0 0.999999
B -0.999999 0 -0.00136353
BoundaryCurves 1
SketchPoints 0
BezierPoints 31
2.01365 3.59384
0.10288 3.57759
-0.74421 -0.584739
-0.13848 -0.546968
0.35794 -0.516014
0.31456 -0.172028
0.0826399 0.598631
-0.24764 1.69613
0.92734 3.34634
1.88095 3.37985
2.05772 3.38606
2.02565 1.9485
1.92177 1.75257
1.57865 1.10541
1.6684 0.782672
1.99226 0.778779
2.30584 0.775009
2.3351 1.09945
2.14329 1.75257
2.0829 1.95817
1.97409 3.3729
2.15231 3.3701
2.99605 3.35687
3.87709 2.30526
3.7349 1.69994
3.61268 1.1796
3.50859 0.788186
4.00075 0.778785
4.73664 0.764728
3.60186 3.60735
2.01365 3.59384
P -0.143718 3 2.09887
T 0 1 0
N 0.999997 0 -0.00261946
B 0.00261946 0 0.999997
BoundaryCurves 1
SketchPoints 0
BezierPoints 31
2.01365 3.59384
0.10288 3.57759
-0.74421 -0.584739
-0.13848 -0.546968
0.35794 -0.516014
0.31456 -0.172028
0.0826399 0.598631
-0.24764 1.69613
0.92734 3.34634
1.88095 3.37985
2.05772 3.38606
2.02565 1.9485
1.92177 1.75257
1.57865 1.10541
1.6684 0.782672
1.99226 0.778779
2.30584 0.775009
2.3351 1.09945
2.14329 1.75257
2.0829 1.95817
1.97409 3.3729
2.15231 3.3701
2.99605 3.35687
3.87709 2.30526
3.7349 1.69994
3.61268 1.1796
3.50859 0.788186
4.00075 0.778785
4.73664 0.764728
3.60186 3.60735
2.01365 3.59384
P 1.54139 3.03089 1.27054
T -0.733891 0 0.679268
N 0.0234989 -0.999401 0.0253885
B -0.67885 -0.0345944 -0.733462
BoundaryCurves 1
SketchPoints 91
0.524973 0.014494
0.587473 0.0144908
0.724973 0.0144834
0.924973 0.0144731
1.02497 0.0144674
1.09997 0.0144634
1.17497 0.0394592
1.31247 0.0519525
1.42497 0.0644462
1.49998 0.0769411
1.54998 0.10194
1.61248 0.114435
1.63748 0.126935
1.68748 0.164431
1.77498 0.239428
1.82498 0.289424
1.86248 0.339422
1.89999 0.376921
1.93749 0.439419
1.98749 0.501915
2.04999 0.589412
2.0875 0.66441
2.125 0.739409
2.1625 0.814407
2.20001 0.926904
2.26252 1.1519
2.30002 1.3269
2.32503 1.5144
2.32504 1.7019
2.32504 1.8894
2.32505 2.0769
2.28756 2.2269
2.26256 2.4144
2.21257 2.6019
2.17508 2.77691
2.13758 2.92691
2.08759 3.06441
2.0376 3.23941
2.0001 3.33942
1.9501 3.45192
1.90011 3.57692
1.86261 3.66442
1.83761 3.71442
1.81262 3.75192
1.77512 3.77693
1.73762 3.80193
1.67512 3.83943
1.58762 3.86444
1.42512 3.88945
1.07512 3.91446
0.825121 3.91448
0.562621 3.88949
0.362619 3.8645
0.200118 3.83951
0.0376163 3.78952
-0.112384 3.77703
-0.262386 3.75203
-0.412387 3.70204
-0.56239 3.65205
-0.699889 3.63956
-0.79989 3.61456
-0.912392 3.60207
-0.974892 3.58957
-1.03739 3.56458
-1.08739 3.53958
-1.12489 3.52708
-1.1749 3.47708
-1.2374 3.41459
-1.2999 3.35209
-1.3499 3.28959
-1.39991 3.2146
-1.44991 3.1021
-1.46241 3.0521
-1.51242 2.8521
-1.56243 2.70211
-1.59993 2.56461
-1.64994 2.42711
-1.66244 2.28961
-1.68745 2.13961
-1.72495 2.02711
-1.74995 1.90211
-1.76246 1.81462
-1.77496 1.73962
-1.78746 1.67712
-1.78747 1.61462
-1.79997 1.48962
-1.79997 1.40212
-1.79998 1.31462
-1.81248 1.26462
-1.81248 1.22712
-1.81248 1.18962
BezierPoints 49
2.26366 1.98058
2.26643 2.24583
2.21462 2.50656
2.11035 2.75133
2.0114 2.99745
1.86376 3.21851
1.67375 3.40474
1.48815 3.59427
1.26716 3.74199
1.02034 3.84134
0.776337 3.94541
0.515633 3.99732
0.249586 3.99465
-0.0156686 3.99743
-0.276393 3.94562
-0.521167 3.84134
-0.767292 3.7424
-0.988344 3.59476
-1.17458 3.40475
-1.36411 3.21914
-1.51183 2.99815
-1.61118 2.75133
-1.71525 2.50733
-1.76716 2.24663
-1.76449 1.98058
-1.76727 1.71533
-1.71546 1.4546
-1.61118 1.20983
-1.51224 0.963703
-1.3646 0.74265
-1.17459 0.556413
-0.988986 0.366889
-0.767992 0.219162
-0.521177 0.119815
-0.277175 0.0157437
-0.0164703 -0.0361679
0.249576 -0.0335007
0.51483 -0.036274
0.775556 0.0155331
1.02033 0.119809
1.26645 0.218755
1.48751 0.366394
1.67374 0.556402
1.86327 0.742005
2.011 0.962998
2.11034 1.20981
2.21442 1.45382
2.26633 1.71452
2.26366 1.98058
P 1.27032 3.03135 -1.56092
T -0.733891 0 0.679268
N 0.679268 0 0.733891
B 0 -1 0
BoundaryCurves 1
SketchPoints 285
1.43698 -0.27462
1.4938 -0.321969
1.55059 -0.378787
1.61691 -0.435606
1.67371 -0.492423
1.72107 -0.539772
1.77789 -0.58712
1.8347 -0.643939
1.88203 -0.691287
1.93888 -0.757575
1.99568 -0.823863
2.03357 -0.861742
2.06198 -0.90909
2.09986 -0.946969
2.16614 -1.0322
2.22296 -1.09848
2.26085 -1.13636
2.29871 -1.18371
2.33659 -1.23106
2.37447 -1.26894
2.40289 -1.31629
2.45021 -1.36364
2.48811 -1.40151
2.526 -1.44886
2.57333 -1.49621
2.63015 -1.55303
2.67751 -1.60038
2.71538 -1.6572
2.7722 -1.70455
2.81955 -1.76136
2.87635 -1.81818
2.91424 -1.86553
2.96159 -1.92235
2.99947 -1.9697
3.02791 -2.01705
3.07524 -2.06439
3.13203 -2.05492
3.16993 -2.01705
3.21727 -1.97917
3.26464 -1.95076
3.31198 -1.92235
3.34986 -1.875
3.40667 -1.82765
3.454 -1.7803
3.4919 -1.74242
3.57714 -1.64773
3.68132 -1.55303
3.77597 -1.45833
3.8612 -1.39205
3.93697 -1.31629
3.9938 -1.24053
4.03167 -1.20265
4.10741 -1.12689
4.18318 -1.05114
4.23055 -1.00379
4.28736 -0.92803
4.34418 -0.871211
4.38205 -0.823863
4.43887 -0.748106
4.48623 -0.691287
4.52409 -0.643939
4.562 -0.606061
4.59986 -0.558711
4.65668 -0.492423
4.74188 -0.397727
4.77978 -0.359848
4.83658 -0.28409
4.87448 -0.236742
4.91235 -0.189393
4.9597 -0.132576
4.99758 -0.0757577
5.03546 -0.0189385
5.09228 0.0662887
5.16803 0.142045
5.24379 0.217804
5.35743 0.293561
5.3953 0.35038
5.43318 0.397728
5.47108 0.435607
5.52789 0.501894
5.57524 0.558713
5.63206 0.63447
5.68887 0.700758
5.73622 0.748107
5.79305 0.823864
5.83092 0.861742
5.8688 0.909092
5.91615 0.95644
5.95403 0.994318
6.00137 1.05114
6.07713 1.11742
6.14341 1.18371
6.20024 1.24053
6.23812 1.28788
6.30438 1.36364
6.37068 1.43939
6.42752 1.49621
6.51275 1.59091
6.56009 1.63826
6.59797 1.69508
6.64531 1.76136
6.68319 1.79924
6.74948 1.88447
6.79682 1.94129
6.85364 2.00758
6.90098 2.07386
6.92941 2.12121
6.97676 2.16856
7.02409 2.23485
7.07146 2.30114
7.10932 2.36742
7.13775 2.41477
7.17561 2.47159
7.20401 2.51894
7.24191 2.56629
7.2703 2.61364
7.3082 2.67045
7.3366 2.7178
7.365 2.76515
7.4029 2.8125
7.43129 2.85985
7.45022 2.9072
7.46918 2.95455
7.47866 3.01136
7.45969 3.05871
7.4029 3.05871
7.34606 3.07765
7.28924 3.06818
7.23244 3.03977
7.17561 3.00189
7.11879 2.96402
7.08093 2.92614
7.04303 2.88826
7.00516 2.82197
6.96727 2.75568
6.91994 2.67992
6.89151 2.62311
6.86311 2.57576
6.83471 2.51894
6.8063 2.47159
6.78733 2.41477
6.75896 2.36742
6.73053 2.32008
6.70212 2.26326
6.66425 2.20644
6.63584 2.15909
6.5885 2.0928
6.55062 2.05492
6.51275 2.00758
6.46538 1.95076
6.42752 1.91288
6.38015 1.85606
6.34229 1.80871
6.30439 1.76136
6.276 1.71402
6.22865 1.66667
6.19077 1.61932
6.14341 1.57197
6.10555 1.52462
6.06766 1.48674
6.02032 1.43939
5.96349 1.39205
5.88773 1.33523
5.84039 1.29735
5.79305 1.25947
5.74569 1.21212
5.68887 1.16477
5.65098 1.12689
5.61312 1.07955
5.57524 1.0322
5.51842 0.96591
5.48053 0.928031
5.44266 0.880683
5.40477 0.833334
5.35743 0.767045
5.31008 0.710228
5.25327 0.65341
5.21539 0.615531
5.17751 0.558713
5.13017 0.501894
5.09228 0.454545
5.0544 0.407197
5.01652 0.369318
4.97865 0.33144
4.92183 0.265152
4.86501 0.208334
4.81767 0.142045
4.76085 0.0852282
4.71349 0.0378797
4.65668 -0.0284092
4.59986 -0.0852275
4.56199 -0.123106
4.52409 -0.170455
4.46728 -0.236742
4.42938 -0.27462
4.38205 -0.340909
4.32524 -0.407196
4.28736 -0.454545
4.25894 -0.501893
4.22108 -0.539772
4.18317 -0.577652
4.13584 -0.643939
4.08847 -0.691287
4.03167 -0.738636
3.9938 -0.785985
3.95592 -0.823863
3.89911 -0.880682
3.85174 -0.937499
3.79494 -0.984848
3.75705 -1.0322
3.70024 -1.09848
3.66236 -1.13636
3.62448 -1.18371
3.59608 -1.23106
3.55818 -1.26894
3.5203 -1.32576
3.48243 -1.37311
3.43508 -1.42992
3.39721 -1.47727
3.36879 -1.52462
3.3309 -1.57197
3.29303 -1.60985
3.2457 -1.63826
3.19833 -1.61932
3.14153 -1.59091
3.09417 -1.5625
3.0563 -1.52462
2.99947 -1.48674
2.96159 -1.44886
2.92374 -1.41098
2.88583 -1.36364
2.85744 -1.31629
2.81955 -1.27841
2.79112 -1.22159
2.76274 -1.16477
2.72486 -1.12689
2.70591 -1.07955
2.67751 -1.0322
2.63016 -0.975379
2.59229 -0.918561
2.56386 -0.861742
2.52599 -0.804923
2.48811 -0.748106
2.44077 -0.691287
2.39342 -0.634469
2.35556 -0.58712
2.31765 -0.549242
2.28924 -0.501893
2.25138 -0.454545
2.21349 -0.416666
2.16614 -0.359848
2.11877 -0.312499
2.08092 -0.27462
2.04303 -0.236742
1.99568 -0.198863
1.9578 -0.160985
1.91993 -0.123106
1.87256 -0.0852275
1.82523 -0.037879
1.78733 -2.38419e-07
1.74948 0.0378797
1.71159 0.0757585
1.66424 0.104167
1.62636 0.142045
1.56956 0.170455
1.52221 0.189394
1.47486 0.208334
1.40857 0.217804
1.35177 0.217804
1.29492 0.227273
1.23812 0.227273
1.17183 0.217804
1.10554 0.208334
1.04871 0.208334
0.991893 0.208334
0.935092 0.198864
0.887713 0.179924
0.830917 0.160986
0.78357 0.142045
0.745691 0.104167
0.717272 0.0473483
0.698365 -0.00946879
0.688874 -0.066287
0.688874 -0.123106
0.707818 -0.170455
BezierPoints 19
-0.203151 -0.504097
-0.81246 -0.582235
-1.6724 -2.02159
-1.79373 -2.03304
-1.92403 -2.04535
-6.34844 3.03635
-6.27268 3.03635
-6.07517 3.02486
-1.9759 -1.46292
-1.84165 -1.43841
-1.71273 -1.41487
-0.669445 0.0209179
-0.191705 0.392448
0.0293648 0.564369
0.719136 0.532129
0.696305 -0.0268025
0.672175 -0.617544
-0.0205007 -0.480675
-0.203151 -0.504097
P -1.56092 3.03135 -1.27032
T 0.679268 0 0.733891
N 0.733891 0 -0.679268
B 0 -1 0
BoundaryCurves 1
SketchPoints 285
1.43698 -0.27462
1.4938 -0.321969
1.55059 -0.378787
1.61691 -0.435606
1.67371 -0.492423
1.72107 -0.539772
1.77789 -0.58712
1.8347 -0.643939
1.88203 -0.691287
1.93888 -0.757575
1.99568 -0.823863
2.03357 -0.861742
2.06198 -0.90909
2.09986 -0.946969
2.16614 -1.0322
2.22296 -1.09848
2.26085 -1.13636
2.29871 -1.18371
2.33659 -1.23106
2.37447 -1.26894
2.40289 -1.31629
2.45021 -1.36364
2.48811 -1.40151
2.526 -1.44886
2.57333 -1.49621
2.63015 -1.55303
2.67751 -1.60038
2.71538 -1.6572
2.7722 -1.70455
2.81955 -1.76136
2.87635 -1.81818
2.91424 -1.86553
2.96159 -1.92235
2.99947 -1.9697
3.02791 -2.01705
3.07524 -2.06439
3.13203 -2.05492
3.16993 -2.01705
3.21727 -1.97917
3.26464 -1.95076
3.31198 -1.92235
3.34986 -1.875
3.40667 -1.82765
3.454 -1.7803
3.4919 -1.74242
3.57714 -1.64773
3.68132 -1.55303
3.77597 -1.45833
3.8612 -1.39205
3.93697 -1.31629
3.9938 -1.24053
4.03167 -1.20265
4.10741 -1.12689
4.18318 -1.05114
4.23055 -1.00379
4.28736 -0.92803
4.34418 -0.871211
4.38205 -0.823863
4.43887 -0.748106
4.48623 -0.691287
4.52409 -0.643939
4.562 -0.606061
4.59986 -0.558711
4.65668 -0.492423
4.74188 -0.397727
4.77978 -0.359848
4.83658 -0.28409
4.87448 -0.236742
4.91235 -0.189393
4.9597 -0.132576
4.99758 -0.0757577
5.03546 -0.0189385
5.09228 0.0662887
5.16803 0.142045
5.24379 0.217804
5.35743 0.293561
5.3953 0.35038
5.43318 0.397728
5.47108 0.435607
5.52789 0.501894
5.57524 0.558713
5.63206 0.63447
5.68887 0.700758
5.73622 0.748107
5.79305 0.823864
5.83092 0.861742
5.8688 0.909092
5.91615 0.95644
5.95403 0.994318
6.00137 1.05114
6.07713 1.11742
6.14341 1.18371
6.20024 1.24053
6.23812 1.28788
6.30438 1.36364
6.37068 1.43939
6.42752 1.49621
6.51275 1.59091
6.56009 1.63826
6.59797 1.69508
6.64531 1.76136
6.68319 1.79924
6.74948 1.88447
6.79682 1.94129
6.85364 2.00758
6.90098 2.07386
6.92941 2.12121
6.97676 2.16856
7.02409 2.23485
7.07146 2.30114
7.10932 2.36742
7.13775 2.41477
7.17561 2.47159
7.20401 2.51894
7.24191 2.56629
7.2703 2.61364
7.3082 2.67045
7.3366 2.7178
7.365 2.76515
7.4029 2.8125
7.43129 2.85985
7.45022 2.9072
7.46918 2.95455
7.47866 3.01136
7.45969 3.05871
7.4029 3.05871
7.34606 3.07765
7.28924 3.06818
7.23244 3.03977
7.17561 3.00189
7.11879 2.96402
7.08093 2.92614
7.04303 2.88826
7.00516 2.82197
6.96727 2.75568
6.91994 2.67992
6.89151 2.62311
6.86311 2.57576
6.83471 2.51894
6.8063 2.47159
6.78733 2.41477
6.75896 2.36742
6.73053 2.32008
6.70212 2.26326
6.66425 2.20644
6.63584 2.15909
6.5885 2.0928
6.55062 2.05492
6.51275 2.00758
6.46538 1.95076
6.42752 1.91288
6.38015 1.85606
6.34229 1.80871
6.30439 1.76136
6.276 1.71402
6.22865 1.66667
6.19077 1.61932
6.14341 1.57197
6.10555 1.52462
6.06766 1.48674
6.02032 1.43939
5.96349 1.39205
5.88773 1.33523
5.84039 1.29735
5.79305 1.25947
5.74569 1.21212
5.68887 1.16477
5.65098 1.12689
5.61312 1.07955
5.57524 1.0322
5.51842 0.96591
5.48053 0.928031
5.44266 0.880683
5.40477 0.833334
5.35743 0.767045
5.31008 0.710228
5.25327 0.65341
5.21539 0.615531
5.17751 0.558713
5.13017 0.501894
5.09228 0.454545
5.0544 0.407197
5.01652 0.369318
4.97865 0.33144
4.92183 0.265152
4.86501 0.208334
4.81767 0.142045
4.76085 0.0852282
4.71349 0.0378797
4.65668 -0.0284092
4.59986 -0.0852275
4.56199 -0.123106
4.52409 -0.170455
4.46728 -0.236742
4.42938 -0.27462
4.38205 -0.340909
4.32524 -0.407196
4.28736 -0.454545
4.25894 -0.501893
4.22108 -0.539772
4.18317 -0.577652
4.13584 -0.643939
4.08847 -0.691287
4.03167 -0.738636
3.9938 -0.785985
3.95592 -0.823863
3.89911 -0.880682
3.85174 -0.937499
3.79494 -0.984848
3.75705 -1.0322
3.70024 -1.09848
3.66236 -1.13636
3.62448 -1.18371
3.59608 -1.23106
3.55818 -1.26894
3.5203 -1.32576
3.48243 -1.37311
3.43508 -1.42992
3.39721 -1.47727
3.36879 -1.52462
3.3309 -1.57197
3.29303 -1.60985
3.2457 -1.63826
3.19833 -1.61932
3.14153 -1.59091
3.09417 -1.5625
3.0563 -1.52462
2.99947 -1.48674
2.96159 -1.44886
2.92374 -1.41098
2.88583 -1.36364
2.85744 -1.31629
2.81955 -1.27841
2.79112 -1.22159
2.76274 -1.16477
2.72486 -1.12689
2.70591 -1.07955
2.67751 -1.0322
2.63016 -0.975379
2.59229 -0.918561
2.56386 -0.861742
2.52599 -0.804923
2.48811 -0.748106
2.44077 -0.691287
2.39342 -0.634469
2.35556 -0.58712
2.31765 -0.549242
2.28924 -0.501893
2.25138 -0.454545
2.21349 -0.416666
2.16614 -0.359848
2.11877 -0.312499
2.08092 -0.27462
2.04303 -0.236742
1.99568 -0.198863
1.9578 -0.160985
1.91993 -0.123106
1.87256 -0.0852275
1.82523 -0.037879
1.78733 -2.38419e-07
1.74948 0.0378797
1.71159 0.0757585
1.66424 0.104167
1.62636 0.142045
1.56956 0.170455
1.52221 0.189394
1.47486 0.208334
1.40857 0.217804
1.35177 0.217804
1.29492 0.227273
1.23812 0.227273
1.17183 0.217804
1.10554 0.208334
1.04871 0.208334
0.991893 0.208334
0.935092 0.198864
0.887713 0.179924
0.830917 0.160986
0.78357 0.142045
0.745691 0.104167
0.717272 0.0473483
0.698365 -0.00946879
0.688874 -0.066287
0.688874 -0.123106
0.707818 -0.170455
BezierPoints 19
-0.203151 -0.504097
-0.81246 -0.582235
-1.6724 -2.02159
-1.79373 -2.03304
-1.92403 -2.04535
-6.34844 3.03635
-6.27268 3.03635
-6.07517 3.02486
-1.9759 -1.46292
-1.84165 -1.43841
-1.71273 -1.41487
-0.669445 0.0209179
-0.191705 0.392448
0.0293648 0.564369
0.719136 0.532129
0.696305 -0.0268025
0.672175 -0.617544
-0.0205007 -0.480675
-0.203151 -0.504097
P -1.27032 3.03135 1.56092
T 0.733891 0 -0.679268
N -0.679268 0 -0.733891
B 0 -1 0
BoundaryCurves 1
SketchPoints 285
1.43698 -0.27462
1.4938 -0.321969
1.55059 -0.378787
1.61691 -0.435606
1.67371 -0.492423
1.72107 -0.539772
1.77789 -0.58712
1.8347 -0.643939
1.88203 -0.691287
1.93888 -0.757575
1.99568 -0.823863
2.03357 -0.861742
2.06198 -0.90909
2.09986 -0.946969
2.16614 -1.0322
2.22296 -1.09848
2.26085 -1.13636
2.29871 -1.18371
2.33659 -1.23106
2.37447 -1.26894
2.40289 -1.31629
2.45021 -1.36364
2.48811 -1.40151
2.526 -1.44886
2.57333 -1.49621
2.63015 -1.55303
2.67751 -1.60038
2.71538 -1.6572
2.7722 -1.70455
2.81955 -1.76136
2.87635 -1.81818
2.91424 -1.86553
2.96159 -1.92235
2.99947 -1.9697
3.02791 -2.01705
3.07524 -2.06439
3.13203 -2.05492
3.16993 -2.01705
3.21727 -1.97917
3.26464 -1.95076
3.31198 -1.92235
3.34986 -1.875
3.40667 -1.82765
3.454 -1.7803
3.4919 -1.74242
3.57714 -1.64773
3.68132 -1.55303
3.77597 -1.45833
3.8612 -1.39205
3.93697 -1.31629
3.9938 -1.24053
4.03167 -1.20265
4.10741 -1.12689
4.18318 -1.05114
4.23055 -1.00379
4.28736 -0.92803
4.34418 -0.871211
4.38205 -0.823863
4.43887 -0.748106
4.48623 -0.691287
4.52409 -0.643939
4.562 -0.606061
4.59986 -0.558711
4.65668 -0.492423
4.74188 -0.397727
4.77978 -0.359848
4.83658 -0.28409
4.87448 -0.236742
4.91235 -0.189393
4.9597 -0.132576
4.99758 -0.0757577
5.03546 -0.0189385
5.09228 0.0662887
5.16803 0.142045
5.24379 0.217804
5.35743 0.293561
5.3953 0.35038
5.43318 0.397728
5.47108 0.435607
5.52789 0.501894
5.57524 0.558713
5.63206 0.63447
5.68887 0.700758
5.73622 0.748107
5.79305 0.823864
5.83092 0.861742
5.8688 0.909092
5.91615 0.95644
5.95403 0.994318
6.00137 1.05114
6.07713 1.11742
6.14341 1.18371
6.20024 1.24053
6.23812 1.28788
6.30438 1.36364
6.37068 1.43939
6.42752 1.49621
6.51275 1.59091
6.56009 1.63826
6.59797 1.69508
6.64531 1.76136
6.68319 1.79924
6.74948 1.88447
6.79682 1.94129
6.85364 2.00758
6.90098 2.07386
6.92941 2.12121
6.97676 2.16856
7.02409 2.23485
7.07146 2.30114
7.10932 2.36742
7.13775 2.41477
7.17561 2.47159
7.20401 2.51894
7.24191 2.56629
7.2703 2.61364
7.3082 2.67045
7.3366 2.7178
7.365 2.76515
7.4029 2.8125
7.43129 2.85985
7.45022 2.9072
7.46918 2.95455
7.47866 3.01136
7.45969 3.05871
7.4029 3.05871
7.34606 3.07765
7.28924 3.06818
7.23244 3.03977
7.17561 3.00189
7.11879 2.96402
7.08093 2.92614
7.04303 2.88826
7.00516 2.82197
6.96727 2.75568
6.91994 2.67992
6.89151 2.62311
6.86311 2.57576
6.83471 2.51894
6.8063 2.47159
6.78733 2.41477
6.75896 2.36742
6.73053 2.32008
6.70212 2.26326
6.66425 2.20644
6.63584 2.15909
6.5885 2.0928
6.55062 2.05492
6.51275 2.00758
6.46538 1.95076
6.42752 1.91288
6.38015 1.85606
6.34229 1.80871
6.30439 1.76136
6.276 1.71402
6.22865 1.66667
6.19077 1.61932
6.14341 1.57197
6.10555 1.52462
6.06766 1.48674
6.02032 1.43939
5.96349 1.39205
5.88773 1.33523
5.84039 1.29735
5.79305 1.25947
5.74569 1.21212
5.68887 1.16477
5.65098 1.12689
5.61312 1.07955
5.57524 1.0322
5.51842 0.96591
5.48053 0.928031
5.44266 0.880683
5.40477 0.833334
5.35743 0.767045
5.31008 0.710228
5.25327 0.65341
5.21539 0.615531
5.17751 0.558713
5.13017 0.501894
5.09228 0.454545
5.0544 0.407197
5.01652 0.369318
4.97865 0.33144
4.92183 0.265152
4.86501 0.208334
4.81767 0.142045
4.76085 0.0852282
4.71349 0.0378797
4.65668 -0.0284092
4.59986 -0.0852275
4.56199 -0.123106
4.52409 -0.170455
4.46728 -0.236742
4.42938 -0.27462
4.38205 -0.340909
4.32524 -0.407196
4.28736 -0.454545
4.25894 -0.501893
4.22108 -0.539772
4.18317 -0.577652
4.13584 -0.643939
4.08847 -0.691287
4.03167 -0.738636
3.9938 -0.785985
3.95592 -0.823863
3.89911 -0.880682
3.85174 -0.937499
3.79494 -0.984848
3.75705 -1.0322
3.70024 -1.09848
3.66236 -1.13636
3.62448 -1.18371
3.59608 -1.23106
3.55818 -1.26894
3.5203 -1.32576
3.48243 -1.37311
3.43508 -1.42992
3.39721 -1.47727
3.36879 -1.52462
3.3309 -1.57197
3.29303 -1.60985
3.2457 -1.63826
3.19833 -1.61932
3.14153 -1.59091
3.09417 -1.5625
3.0563 -1.52462
2.99947 -1.48674
2.96159 -1.44886
2.92374 -1.41098
2.88583 -1.36364
2.85744 -1.31629
2.81955 -1.27841
2.79112 -1.22159
2.76274 -1.16477
2.72486 -1.12689
2.70591 -1.07955
2.67751 -1.0322
2.63016 -0.975379
2.59229 -0.918561
2.56386 -0.861742
2.52599 -0.804923
2.48811 -0.748106
2.44077 -0.691287
2.39342 -0.634469
2.35556 -0.58712
2.31765 -0.549242
2.28924 -0.501893
2.25138 -0.454545
2.21349 -0.416666
2.16614 -0.359848
2.11877 -0.312499
2.08092 -0.27462
2.04303 -0.236742
1.99568 -0.198863
1.9578 -0.160985
1.91993 -0.123106
1.87256 -0.0852275
1.82523 -0.037879
1.78733 -2.38419e-07
1.74948 0.0378797
1.71159 0.0757585
1.66424 0.104167
1.62636 0.142045
1.56956 0.170455
1.52221 0.189394
1.47486 0.208334
1.40857 0.217804
1.35177 0.217804
1.29492 0.227273
1.23812 0.227273
1.17183 0.217804
1.10554 0.208334
1.04871 0.208334
0.991893 0.208334
0.935092 0.198864
0.887713 0.179924
0.830917 0.160986
0.78357 0.142045
0.745691 0.104167
0.717272 0.0473483
0.698365 -0.00946879
0.688874 -0.066287
0.688874 -0.123106
0.707818 -0.170455
BezierPoints 19
-0.203151 -0.504097
-0.81246 -0.582235
-1.6724 -2.02159
-1.79373 -2.03304
-1.92403 -2.04535
-6.34844 3.03635
-6.27268 3.03635
-6.07517 3.02486
-1.9759 -1.46292
-1.84165 -1.43841
-1.71273 -1.41487
-0.669445 0.0209179
-0.191705 0.392448
0.0293648 0.564369
0.719136 0.532129
0.696305 -0.0268025
0.672175 -0.617544
-0.0205007 -0.480675
-0.203151 -0.504097
