HeaderParameters 1
PlaneSketch 6
P 0 3 0
T 0 0 1
N 0 1 0
B 1 0 0
BoundaryCurves 1
SketchPoints 34
0.535038 1.33523
0.487689 1.33523
0.45928 1.33523
0.374053 1.33523
0.16572 1.33523
-0.118371 1.27841
-0.440341 1.22159
-0.800189 1.12689
-1.28314 0.92803
-1.56723 0.757576
-1.77557 0.587121
-1.92708 0.416667
-2.01231 0.208333
-2.04072 0
-2.04072 -0.208333
-1.96496 -0.454545
-1.83239 -0.653409
-1.62405 -0.899621
-1.33996 -1.12689
-1.01799 -1.29735
-0.658144 -1.42992
-0.0804924 -1.44886
0.279356 -1.4678
0.620265 -1.43939
0.904356 -1.37311
1.13163 -1.25947
1.30208 -1.08902
1.39678 -0.842803
1.43466 -0.520833
1.4536 -0.217803
1.43466 0.0662879
1.41572 0.274621
1.36837 0.482955
1.34943 0.549242
BezierPoints 37
1.20459 -0.447855
1.26353 -0.180217
1.27511 0.0935911
0.625175 0.228283
0.575512 0.385035
0.499384 0.530782
0.399103 0.661095
0.277718 0.772015
0.428526 1.4184
0.175189 1.52292
-0.0924489 1.58187
-0.366257 1.59344
-0.500949 0.943509
-0.657701 0.893846
-0.803449 0.817718
-0.933762 0.717438
-1.04468 0.596053
-1.69106 0.746862
-1.79559 0.493525
-1.85453 0.225887
-1.86611 -0.0479209
-1.21618 -0.182614
-1.16651 -0.339366
-1.09039 -0.485114
-0.990106 -0.615427
-0.868721 -0.726347
-1.01953 -1.37273
-0.766195 -1.47725
-0.498557 -1.5362
-0.224749 -1.54777
-0.090055 -0.897843
0.0666976 -0.848181
0.212445 -0.772053
0.342759 -0.671773
0.453679 -0.550388
1.10006 -0.701199
1.20459 -0.447855
P 0.550804 3 -1.73477
T 0 1 0
N -0.666646 0 -0.745375
B 0.745375 0 -0.666646
BoundaryCurves 1
SketchPoints 387
-0.33144 0.0809418
-0.378789 0.0809418
-0.416667 0.090398
-0.445076 0.109352
-0.473485 0.118807
-0.511364 0.147239
-0.530303 0.175617
-0.549242 0.213503
-0.558712 0.241913
-0.568182 0.270313
-0.577651 0.308217
-0.587121 0.34607
-0.587121 0.383957
-0.596592 0.421861
-0.596592 0.469199
-0.596592 0.516535
-0.596592 0.554395
-0.587121 0.601776
-0.587121 0.677534
-0.587121 0.724849
-0.587121 0.753275
-0.587121 0.781685
-0.577651 0.810084
-0.568182 0.847988
-0.558712 0.895309
-0.549242 0.952139
-0.530303 0.999471
-0.520833 1.04685
-0.511364 1.08471
-0.482954 1.14155
-0.445076 1.23623
-0.416667 1.28357
-0.388257 1.33096
-0.350379 1.37828
-0.274621 1.44458
-0.170454 1.54874
-0.0662887 1.69079
0.0473487 1.83283
0.160984 1.96541
0.246211 2.05065
0.32197 2.0885
0.340909 2.11694
0.378787 2.14532
0.407197 2.16428
0.454546 2.19267
0.473484 2.21161
0.492424 2.23056
0.511363 2.25897
0.530303 2.27791
0.549243 2.29683
0.568182 2.31578
0.596591 2.33473
0.625 2.36312
0.653409 2.38206
0.691287 2.41047
0.719697 2.41994
0.748106 2.44836
0.795455 2.48623
0.842803 2.51464
0.890152 2.56201
0.92803 2.59988
0.956439 2.62826
0.92803 2.64721
0.890152 2.67564
0.842803 2.69457
0.795455 2.72299
0.748106 2.7514
0.691287 2.77034
0.63447 2.78928
0.577652 2.81766
0.520833 2.84609
0.416667 2.90291
0.32197 2.96918
0.160984 3.08282
0.0852275 3.13963
0.00946999 3.17753
-0.0662887 3.21539
-0.142045 3.24382
-0.208333 3.29118
-0.255682 3.31009
-0.29356 3.33852
-0.33144 3.36691
-0.369318 3.38585
-0.407197 3.4048
-0.426136 3.42373
-0.454545 3.44268
-0.473485 3.46164
-0.511364 3.48055
-0.530303 3.49949
-0.558712 3.50895
-0.577651 3.52793
-0.61553 3.55631
-0.64394 3.57526
-0.691289 3.60366
-0.710227 3.62259
-0.738636 3.64155
-0.767045 3.66048
-0.795454 3.6794
-0.823864 3.69835
-0.852273 3.71731
-0.880682 3.74572
-0.899621 3.76463
-0.94697 3.80252
-0.965909 3.82146
-0.994318 3.84041
-1.01326 3.85936
-0.984848 3.86881
-0.965909 3.9067
-0.9375 3.94458
-0.909092 4.01087
-0.880682 4.04873
-0.861743 4.0961
-0.842803 4.13397
-0.823864 4.17184
-0.804924 4.20973
-0.776516 4.24758
-0.748106 4.29494
-0.710227 4.34229
-0.672348 4.37072
-0.64394 4.40859
-0.596592 4.44645
-0.530303 4.50326
-0.473485 4.54118
-0.397727 4.59799
-0.265151 4.6832
-0.132576 4.78737
-0.0284088 4.86311
0.0852275 4.94834
0.198863 5.02412
0.3125 5.08093
0.426136 5.12829
0.539773 5.17564
0.643939 5.21353
0.814394 5.27034
0.956439 5.30819
1.09849 5.34609
1.24053 5.38396
1.35417 5.42185
1.4678 5.43133
1.54356 5.45026
1.61932 5.4692
1.72348 5.47865
1.86553 5.49759
1.89394 5.49759
1.95076 5.49759
2.04545 5.49759
2.12121 5.49759
2.23485 5.49759
2.35795 5.49759
2.46212 5.49759
2.53788 5.49759
2.60417 5.49761
2.65152 5.49761
2.68939 5.49761
2.73674 5.48812
2.79356 5.47868
2.82197 5.4692
2.85038 5.45024
2.87879 5.44077
2.9072 5.43131
2.92614 5.41239
2.95455 5.4029
2.99242 5.38396
3.03977 5.35555
3.08712 5.31766
3.125 5.28927
3.15341 5.27031
3.125 5.26084
3.05871 5.27979
2.99242 5.28927
2.93561 5.29875
2.87879 5.30822
2.82197 5.31766
2.76515 5.32714
2.7178 5.33661
2.64205 5.34609
2.5947 5.34609
2.54735 5.34609
2.5 5.34609
2.46212 5.34609
2.42424 5.34609
2.37689 5.34609
2.33902 5.34609
2.31061 5.34609
2.27273 5.33661
2.21591 5.31768
2.13068 5.28925
2.08333 5.27979
2.03598 5.26087
1.99811 5.24193
1.95076 5.22299
1.90341 5.20403
1.84659 5.1851
1.78977 5.16616
1.73295 5.14723
1.67614 5.12827
1.60985 5.09986
1.54356 5.08093
1.41099 5.03358
1.32576 4.99569
1.25 4.9673
1.17424 4.93887
1.10795 4.91047
1.06061 4.89153
1.02273 4.87261
0.965909 4.85365
0.91856 4.83473
0.871211 4.80632
0.833333 4.78737
0.785985 4.76842
0.719697 4.73056
0.681818 4.70215
0.63447 4.6832
0.587121 4.65478
0.539773 4.6264
0.511363 4.60744
0.482955 4.5885
0.445076 4.56957
0.416667 4.55062
0.388258 4.54118
0.359849 4.52223
0.3125 4.49379
0.246211 4.45594
0.208333 4.42753
0.170455 4.3991
0.132576 4.37072
0.0946972 4.34229
0.066287 4.32334
0.0473487 4.29494
0.0189397 4.28549
2.38419e-07 4.26653
-0.0189402 4.24762
-0.0378785 4.22865
-0.0662887 4.21919
-0.085227 4.20027
-0.113636 4.18132
-0.142045 4.16237
-0.170454 4.15289
-0.189394 4.13396
-0.217803 4.12449
-0.236742 4.10554
-0.274621 4.07715
-0.3125 4.05819
-0.33144 4.03926
-0.359848 4.02032
-0.388257 4.00138
-0.426136 3.98246
-0.445076 3.9635
-0.473485 3.94458
-0.492424 3.92565
-0.520833 3.89722
-0.492424 3.89722
-0.464016 3.89722
-0.416667 3.89722
-0.388257 3.89722
-0.359848 3.88776
-0.33144 3.88776
-0.30303 3.87827
-0.255682 3.86881
-0.227273 3.85935
-0.198864 3.84986
-0.160985 3.83093
-0.132576 3.82146
-0.104167 3.80254
-0.0378785 3.78359
-0.00946951 3.76462
0.0189397 3.74572
0.0568185 3.72676
0.113636 3.69838
0.151515 3.66994
0.189394 3.64155
0.227273 3.61314
0.265152 3.58473
0.32197 3.55631
0.378787 3.51844
0.426136 3.49001
0.511363 3.44268
0.568182 3.42373
0.60606 3.39532
0.643939 3.38584
0.672349 3.37638
0.710227 3.35744
0.748106 3.34799
0.776515 3.32903
0.823863 3.31009
0.852273 3.29117
0.890152 3.27221
0.92803 3.25328
0.965909 3.22487
0.994318 3.19644
1.0322 3.17752
1.06061 3.14912
1.08902 3.13017
1.11742 3.11124
1.13636 3.09228
1.16477 3.08281
1.18371 3.05441
1.21212 3.03547
1.24053 3.01653
1.25947 2.99759
1.28788 2.95972
1.31629 2.93131
1.33523 2.91236
1.35417 2.89344
1.37311 2.8745
1.38258 2.84607
1.39205 2.81766
1.40152 2.77981
1.40152 2.7514
1.38258 2.71349
1.37311 2.67564
1.36364 2.64723
1.37311 2.61882
1.38258 2.58094
1.38258 2.55253
1.38258 2.51464
1.38258 2.48623
1.36364 2.46729
1.33523 2.44836
1.30682 2.43889
1.25947 2.42941
1.22159 2.41994
1.19318 2.41049
1.14583 2.401
1.10795 2.38208
1.07008 2.37261
1.04167 2.35365
1.01326 2.33473
0.984849 2.32527
0.94697 2.29684
0.909091 2.27791
0.890152 2.25896
0.861743 2.24002
0.833333 2.22111
0.785985 2.19267
0.757576 2.18318
0.729167 2.16427
0.710227 2.14532
0.681818 2.12637
0.653409 2.10746
0.61553 2.07903
0.596591 2.06011
0.549243 2.02222
0.530303 2.00329
0.492424 1.97487
0.473484 1.94649
0.435606 1.90857
0.407197 1.8802
0.388258 1.85176
0.369318 1.82336
0.350379 1.8044
0.33144 1.78546
0.3125 1.75708
0.284091 1.71919
0.265152 1.70025
0.246211 1.67184
0.227273 1.64343
0.208333 1.62448
0.179924 1.57714
0.160984 1.54874
0.142046 1.52034
0.123106 1.49193
0.113636 1.4635
0.0946972 1.44457
0.0757577 1.41617
0.0568185 1.3783
0.0568185 1.34987
0.0473487 1.32147
0.0473487 1.29306
0.0568185 1.26465
0.066287 1.23623
0.0757577 1.18887
0.0852275 1.15102
0.0946972 1.12261
0.104167 1.0942
0.113636 1.05631
0.132576 1.00896
0.151515 0.971093
0.151515 0.942662
0.170455 0.895314
0.179924 0.857443
0.189394 0.819578
0.198863 0.791146
0.198863 0.753292
0.198863 0.72486
0.217803 0.705927
0.217803 0.677534
BezierPoints 67
0.33144 -0.64488
0.831034 -0.64488
0.540553 0.387535
0.388257 0.605134
0.114222 0.996671
-0.260908 1.33401
-0.625 1.6373
-0.689469 1.69101
-0.956439 1.81442
-0.956439 1.90244
-0.956439 1.96984
-0.574537 2.09183
-0.520833 2.12027
-0.133164 2.32556
0.261086 2.57737
0.61553 2.83049
0.660024 2.86226
1.02863 3.08745
1.01326 3.13354
0.896632 3.48322
0.55893 3.74755
0.265151 3.95738
-0.374816 4.41446
-1.1421 4.77177
-1.95076 4.77177
-2.22723 4.77177
-2.65428 4.85707
-2.9072 4.70548
-2.94718 4.68152
-3.005 4.58861
-3.005 4.54449
-3.005 4.53841
-2.80395 4.59426
-2.76515 4.60132
-2.52838 4.64439
-2.31043 4.62202
-2.08333 4.55397
-1.37258 4.34098
-0.627223 4.03274
-0.0473487 3.56912
0.0369248 3.50174
0.520833 3.27533
0.520833 3.17139
0.520833 3.10818
0.393786 3.17235
0.33144 3.16194
0.230091 3.145
0.131531 3.09527
0.0378785 3.05777
-0.10903 2.99894
-0.245729 2.87731
-0.378787 2.79262
-0.653221 2.61796
-1.3451 2.44874
-1.40152 2.05398
-1.4641 1.61606
-0.687016 1.49011
-0.407197 1.15438
-0.28122 1.00323
-0.0799511 0.791212
-0.0473487 0.595651
-0.0137022 0.393825
-0.217803 0.150575
-0.217803 -0.0482886
-0.217803 -0.251018
0.12871 -0.64488
0.33144 -0.64488
P -1.51027 3 -0.912011
T 0 1 0
N -0.74811 0 0.663574
B -0.663574 0 -0.74811
BoundaryCurves 1
SketchPoints 0
BezierPoints 67
0.33144 -0.64488
0.831034 -0.64488
0.540553 0.387535
0.388257 0.605134
0.114222 0.996671
-0.260908 1.33401
-0.625 1.6373
-0.689469 1.69101
-0.956439 1.81442
-0.956439 1.90244
-0.956439 1.96984
-0.574537 2.09183
-0.520833 2.12027
-0.133164 2.32556
0.261086 2.57737
0.61553 2.83049
0.660024 2.86226
1.02863 3.08745
1.01326 3.13354
0.896632 3.48322
0.55893 3.74755
0.265151 3.95738
-0.374816 4.41446
-1.1421 4.77177
-1.95076 4.77177
-2.22723 4.77177
-2.65428 4.85707
-2.9072 4.70548
-2.94718 4.68152
-3.005 4.58861
-3.005 4.54449
-3.005 4.53841
-2.80395 4.59426
-2.76515 4.60132
-2.52838 4.64439
-2.31043 4.62202
-2.08333 4.55397
-1.37258 4.34098
-0.627223 4.03274
-0.0473487 3.56912
0.0369248 3.50174
0.520833 3.27533
0.520833 3.17139
0.520833 3.10818
0.393786 3.17235
0.33144 3.16194
0.230091 3.145
0.131531 3.09527
0.0378785 3.05777
-0.10903 2.99894
-0.245729 2.87731
-0.378787 2.79262
-0.653221 2.61796
-1.3451 2.44874
-1.40152 2.05398
-1.4641 1.61606
-0.687016 1.49011
-0.407197 1.15438
-0.28122 1.00323
-0.0799511 0.791212
-0.0473487 0.595651
-0.0137022 0.393825
-0.217803 0.150575
-0.217803 -0.0482886
-0.217803 -0.251018
0.12871 -0.64488
0.33144 -0.64488
P -0.692777 3 1.1536
T 0 1 0
N 0.662036 0 0.749472
B -0.749472 0 0.662036
BoundaryCurves 1
SketchPoints 0
BezierPoints 67
0.33144 -0.64488
0.831034 -0.64488
0.540553 0.387535
0.388257 0.605134
0.114222 0.996671
-0.260908 1.33401
-0.625 1.6373
-0.689469 1.69101
-0.956439 1.81442
-0.956439 1.90244
-0.956439 1.96984
-0.574537 2.09183
-0.520833 2.12027
-0.133164 2.32556
0.261086 2.57737
0.61553 2.83049
0.660024 2.86226
1.02863 3.08745
1.01326 3.13354
0.896632 3.48322
0.55893 3.74755
0.265151 3.95738
-0.374816 4.41446
-1.1421 4.77177
-1.95076 4.77177
-2.22723 4.77177
-2.65428 4.85707
-2.9072 4.70548
-2.94718 4.68152
-3.005 4.58861
-3.005 4.54449
-3.005 4.53841
-2.80395 4.59426
-2.76515 4.60132
-2.52838 4.64439
-2.31043 4.62202
-2.08333 4.55397
-1.37258 4.34098
-0.627223 4.03274
-0.0473487 3.56912
0.0369248 3.50174
0.520833 3.27533
0.520833 3.17139
0.520833 3.10818
0.393786 3.17235
0.33144 3.16194
0.230091 3.145
0.131531 3.09527
0.0378785 3.05777
-0.10903 2.99894
-0.245729 2.87731
-0.378787 2.79262
-0.653221 2.61796
-1.3451 2.44874
-1.40152 2.05398
-1.4641 1.61606
-0.687016 1.49011
-0.407197 1.15438
-0.28122 1.00323
-0.0799511 0.791212
-0.0473487 0.595651
-0.0137022 0.393825
-0.217803 0.150575
-0.217803 -0.0482886
-0.217803 -0.251018
0.12871 -0.64488
0.33144 -0.64488
P 1.37449 3 0.340169
T 0 1 0
N 0.750827 0 -0.660499
B 0.660499 0 0.750827
BoundaryCurves 1
SketchPoints 0
BezierPoints 67
0.33144 -0.64488
0.831034 -0.64488
0.540553 0.387535
0.388257 0.605134
0.114222 0.996671
-0.260908 1.33401
-0.625 1.6373
-0.689469 1.69101
-0.956439 1.81442
-0.956439 1.90244
-0.956439 1.96984
-0.574537 2.09183
-0.520833 2.12027
-0.133164 2.32556
0.261086 2.57737
0.61553 2.83049
0.660024 2.86226
1.02863 3.08745
1.01326 3.13354
0.896632 3.48322
0.55893 3.74755
0.265151 3.95738
-0.374816 4.41446
-1.1421 4.77177
-1.95076 4.77177
-2.22723 4.77177
-2.65428 4.85707
-2.9072 4.70548
-2.94718 4.68152
-3.005 4.58861
-3.005 4.54449
-3.005 4.53841
-2.80395 4.59426
-2.76515 4.60132
-2.52838 4.64439
-2.31043 4.62202
-2.08333 4.55397
-1.37258 4.34098
-0.627223 4.03274
-0.0473487 3.56912
0.0369248 3.50174
0.520833 3.27533
0.520833 3.17139
0.520833 3.10818
0.393786 3.17235
0.33144 3.16194
0.230091 3.145
0.131531 3.09527
0.0378785 3.05777
-0.10903 2.99894
-0.245729 2.87731
-0.378787 2.79262
-0.653221 2.61796
-1.3451 2.44874
-1.40152 2.05398
-1.4641 1.61606
-0.687016 1.49011
-0.407197 1.15438
-0.28122 1.00323
-0.0799511 0.791212
-0.0473487 0.595651
-0.0137022 0.393825
-0.217803 0.150575
-0.217803 -0.0482886
-0.217803 -0.251018
0.12871 -0.64488
0.33144 -0.64488
P 0.577009 3 -0.390671
T 0 -1 0
N -5.28991e-07 0 1
B 1 0 5.28991e-07
BoundaryCurves 1
SketchPoints 744
0.130968 0.946881
0.130484 0.975334
0.129984 1.00379
0.129328 1.04172
0.128672 1.07966
0.128014 1.11759
0.117428 1.15553
0.116772 1.19347
0.106033 1.24089
0.105223 1.28831
0.104721 1.31676
0.0843544 1.34521
0.0737686 1.38315
0.0535927 1.40212
0.0431824 1.43057
0.0226707 1.4685
0.00214958 1.50644
-0.0183506 1.54438
-0.0289402 1.58231
-0.0593872 1.62025
-0.0799007 1.65818
-0.0903206 1.68664
-0.100731 1.71509
-0.120907 1.73406
-0.131353 1.76251
-0.151846 1.80044
-0.17235 1.83838
-0.19322 1.89529
-0.213886 1.94271
-0.224474 1.98064
-0.235046 2.01858
-0.25556 2.05651
-0.276072 2.09445
-0.276575 2.1229
-0.297085 2.16084
-0.307673 2.19877
-0.308327 2.23671
-0.308983 2.27465
-0.309641 2.31258
-0.310297 2.35052
-0.310953 2.38845
-0.311434 2.41691
-0.312092 2.45484
-0.312923 2.50226
-0.313581 2.5402
-0.304144 2.56865
-0.3048 2.60659
-0.295681 2.65401
-0.286421 2.69195
-0.287077 2.72988
-0.287733 2.76782
-0.298153 2.79627
-0.298637 2.82472
-0.29962 2.88162
-0.300123 2.91008
-0.300608 2.93853
-0.301262 2.97647
-0.301767 3.00492
-0.302423 3.04285
-0.302904 3.0713
-0.303408 3.09976
-0.294453 3.15666
-0.294956 3.18512
-0.285532 3.21357
-0.276241 3.2515
-0.257206 3.29892
-0.247934 3.33686
-0.238672 3.37479
-0.219471 3.41273
-0.200266 3.45067
-0.200922 3.4886
-0.181568 3.51705
-0.162531 3.56447
-0.13357 3.6119
-0.114359 3.64983
-0.104933 3.67828
-0.0857296 3.71622
-0.0663719 3.74467
-0.0470066 3.77313
-0.0278053 3.81106
-0.00842476 3.83951
0.0107632 3.87745
0.0201912 3.9059
0.0395432 3.93435
0.048996 3.9628
0.0681953 4.00074
0.0776348 4.02919
0.0870724 4.05765
0.0963306 4.09558
0.115538 4.13352
0.134729 4.17145
0.154093 4.19991
0.173136 4.24733
0.192337 4.28526
0.211691 4.31372
0.250927 4.34217
0.270435 4.36114
0.289965 4.3801
0.319439 4.39907
0.338945 4.41804
0.368586 4.42752
0.398184 4.43701
0.427961 4.43701
0.457748 4.43701
0.43725 4.47494
0.41674 4.51288
0.396545 4.53185
0.386124 4.5603
0.375723 4.58875
0.365129 4.62669
0.344444 4.67411
0.333858 4.71204
0.333366 4.7405
0.303427 4.74998
0.273966 4.73101
0.234585 4.71205
0.204969 4.70256
0.165586 4.68359
0.12604 4.67411
0.0666256 4.66462
0.0370274 4.65514
0.00722122 4.65514
-0.0223789 4.64565
-0.0521679 4.64566
-0.0918751 4.64566
-0.121511 4.63617
-0.151297 4.63617
-0.181089 4.63617
-0.220783 4.63617
-0.25058 4.63617
-0.290277 4.63617
-0.329987 4.63617
-0.379471 4.62669
-0.428928 4.6172
-0.458565 4.60772
-0.498272 4.60772
-0.527889 4.59823
-0.55751 4.58875
-0.597231 4.58875
-0.626829 4.57927
-0.656624 4.57927
-0.686409 4.57927
-0.726116 4.57927
-0.755737 4.56978
-0.785528 4.56978
-0.815308 4.56978
-0.855026 4.56979
-0.884802 4.56978
-0.914593 4.56978
-0.954298 4.56979
-0.994017 4.56978
-1.03372 4.56978
-1.06351 4.56978
-1.09329 4.56978
-1.12308 4.56979
-1.15254 4.55081
-1.18216 4.54133
-1.21161 4.52236
-1.23097 4.49391
-1.25034 4.46546
-1.24986 4.43701
-1.25927 4.40855
-1.26871 4.3801
-1.26823 4.35165
-1.23826 4.34216
-1.20848 4.34217
-1.16909 4.36114
-1.12956 4.37062
-1.08025 4.38959
-1.03093 4.40856
-1.00131 4.41804
-0.971691 4.42752
-0.932152 4.43701
-0.902523 4.44649
-0.862812 4.44649
-0.803408 4.45597
-0.7637 4.45598
-0.724146 4.46546
-0.694357 4.46546
-0.664581 4.46546
-0.634789 4.46546
-0.605024 4.46546
-0.565298 4.46546
-0.525589 4.46546
-0.48588 4.46546
-0.446188 4.46546
-0.406467 4.46546
-0.366739 4.46546
-0.336962 4.46546
-0.307196 4.46546
-0.277405 4.46546
-0.266983 4.43701
-0.286491 4.41804
-0.326223 4.41804
-0.355997 4.41804
-0.395718 4.41804
-0.435421 4.41804
-0.4849 4.40855
-0.514523 4.39907
-0.554228 4.39907
-0.593948 4.39907
-0.633652 4.39907
-0.663445 4.39907
-0.713079 4.39907
-0.762712 4.39907
-0.812197 4.38959
-0.861826 4.38959
-0.901211 4.37062
-0.940758 4.36114
-0.970381 4.35165
-0.999994 4.34216
-1.03939 4.3232
-1.06884 4.30423
-1.09828 4.28526
-1.11783 4.2663
-1.13735 4.24733
-1.13687 4.21887
-1.15637 4.19991
-1.14597 4.17145
-1.12577 4.15248
-1.1056 4.13352
-1.07564 4.12403
-1.04587 4.12403
-1.00616 4.12403
-0.976372 4.12403
-0.926888 4.13352
-0.88718 4.13352
-0.857557 4.143
-0.827776 4.143
-0.788239 4.15249
-0.748672 4.16197
-0.718897 4.16197
-0.67935 4.17145
-0.63003 4.19042
-0.600254 4.19042
-0.560547 4.19042
-0.53093 4.1999
-0.491381 4.20939
-0.461601 4.20939
-0.431801 4.20939
-0.402025 4.20939
-0.372423 4.21888
-0.342634 4.21887
-0.322435 4.1999
-0.321955 4.17145
-0.301765 4.15248
-0.301285 4.12403
-0.300783 4.09558
-0.320312 4.07661
-0.33935 4.02919
-0.348448 3.98177
-0.367653 3.94384
-0.387007 3.91539
-0.386526 3.88693
-0.405725 3.849
-0.415142 3.82055
-0.444122 3.77312
-0.453558 3.74467
-0.473068 3.7257
-0.492119 3.67828
-0.511322 3.64035
-0.530359 3.59293
-0.559494 3.55499
-0.579008 3.53602
-0.598375 3.50757
-0.617733 3.47912
-0.656796 3.44118
-0.676138 3.41273
-0.715374 3.38428
-0.744495 3.34634
-0.773628 3.30841
-0.792995 3.27996
-0.822283 3.2515
-0.851412 3.21357
-0.880531 3.17563
-0.899891 3.14718
-0.919254 3.11872
-0.928518 3.08079
-0.947893 3.05234
-0.957335 3.02389
-0.976862 3.00492
-0.98597 2.9575
-1.00515 2.91956
-1.01445 2.88162
-1.0234 2.82472
-1.04274 2.79627
-1.05168 2.73937
-1.07072 2.69195
-1.08016 2.66349
-1.08911 2.60659
-1.09853 2.57813
-1.10781 2.5402
-1.10731 2.51175
-1.11659 2.47381
-1.11609 2.44536
-1.12535 2.40742
-1.12437 2.35052
-1.12338 2.29361
-1.1229 2.26516
-1.11248 2.23671
-1.11149 2.17981
-1.11101 2.15135
-1.11051 2.1229
-1.10985 2.08497
-1.10937 2.05651
-1.10854 2.00909
-1.10788 1.97116
-1.1074 1.94271
-1.10674 1.90477
-1.10624 1.87632
-1.10558 1.83838
-1.11468 1.79096
-1.11403 1.75302
-1.13325 1.71509
-1.1326 1.67715
-1.14202 1.6487
-1.15145 1.62025
-1.17098 1.60128
-1.20061 1.5918
-1.25024 1.5918
-1.3002 1.61076
-1.33032 1.62973
-1.35051 1.6487
-1.39038 1.65818
-1.42066 1.68664
-1.41121 1.71509
-1.39201 1.75302
-1.38274 1.79096
-1.37331 1.81941
-1.37414 1.86683
-1.3748 1.90477
-1.36568 1.95219
-1.36633 1.99012
-1.367 2.02806
-1.36766 2.066
-1.36815 2.09445
-1.3688 2.13238
-1.36946 2.17032
-1.38005 2.20826
-1.39046 2.23671
-1.4012 2.28413
-1.41181 2.32207
-1.42221 2.35052
-1.43263 2.37897
-1.45347 2.43588
-1.47398 2.47381
-1.49433 2.50226
-1.52477 2.5402
-1.54513 2.56865
-1.56563 2.60659
-1.58598 2.63504
-1.60632 2.66349
-1.63694 2.71091
-1.65745 2.74885
-1.67812 2.79627
-1.69864 2.83421
-1.70922 2.87214
-1.72956 2.90059
-1.74015 2.93853
-1.75074 2.97647
-1.77125 3.0144
-1.77175 3.04285
-1.78233 3.08079
-1.79274 3.10924
-1.79325 3.13769
-1.79406 3.18511
-1.80448 3.21357
-1.80496 3.24202
-1.80547 3.27047
-1.80595 3.29892
-1.79652 3.32737
-1.79703 3.35583
-1.79816 3.42222
-1.79882 3.46015
-1.79948 3.49809
-1.80046 3.55499
-1.80129 3.60241
-1.80228 3.65932
-1.80294 3.69725
-1.80359 3.73519
-1.8044 3.78261
-1.80539 3.83951
-1.80589 3.86796
-1.8067 3.91538
-1.80753 3.96281
-1.80834 4.01023
-1.79891 4.03868
-1.78963 4.07661
-1.77044 4.11455
-1.75106 4.143
-1.73188 4.18094
-1.71253 4.20939
-1.69297 4.22836
-1.67361 4.25681
-1.64434 4.28526
-1.61488 4.30423
-1.59534 4.3232
-1.57583 4.34217
-1.55629 4.36114
-1.52667 4.37062
-1.48745 4.39907
-1.46792 4.41804
-1.44841 4.43701
-1.41895 4.45598
-1.38932 4.46546
-1.3597 4.47494
-1.33025 4.49391
-1.30045 4.49391
-1.29102 4.52236
-1.29152 4.55082
-1.292 4.57927
-1.2925 4.60772
-1.32263 4.62669
-1.35256 4.63617
-1.39245 4.64566
-1.43215 4.64565
-1.47186 4.64565
-1.53144 4.64565
-1.56121 4.64565
-1.60092 4.64565
-1.65058 4.64566
-1.69028 4.64566
-1.73991 4.64565
-1.77962 4.64565
-1.81935 4.64565
-1.85907 4.64565
-1.889 4.65514
-1.9388 4.66462
-1.99869 4.68359
-2.03857 4.69308
-2.08839 4.70256
-2.12826 4.71204
-2.188 4.72153
-2.21793 4.73101
-2.24771 4.73101
-2.27751 4.73101
-2.30743 4.74049
-2.31687 4.71204
-2.33642 4.69307
-2.35546 4.64565
-2.37464 4.60772
-2.37415 4.57927
-2.3735 4.54133
-2.37251 4.48443
-2.36175 4.43701
-2.35119 4.39907
-2.35053 4.36114
-2.3401 4.33268
-2.32968 4.30423
-2.31927 4.27578
-2.30884 4.24733
-2.28849 4.21887
-2.28799 4.19042
-2.26716 4.13352
-2.24667 4.09558
-2.23606 4.05764
-2.21506 3.99126
-2.20465 3.9628
-2.20382 3.91538
-2.20333 3.88693
-2.1929 3.85848
-2.19209 3.81106
-2.20152 3.78261
-2.20071 3.73519
-2.19972 3.67828
-2.19922 3.64983
-2.19874 3.62138
-2.19823 3.59293
-2.19758 3.55499
-2.19677 3.50757
-2.19626 3.47912
-2.19545 3.4317
-2.1948 3.39376
-2.18437 3.36531
-2.18356 3.31789
-2.1829 3.27995
-2.18191 3.22305
-2.18141 3.1946
-2.18075 3.15666
-2.17995 3.10924
-2.17911 3.06182
-2.18822 3.0144
-2.19734 2.96698
-2.19668 2.92905
-2.20611 2.90059
-2.20546 2.86266
-2.20462 2.81524
-2.2139 2.7773
-2.22302 2.72988
-2.22254 2.70143
-2.23179 2.66349
-2.25034 2.58762
-2.25944 2.5402
-2.27863 2.50226
-2.28793 2.46433
-2.29701 2.41691
-2.30612 2.36949
-2.31524 2.32207
-2.33443 2.28413
-2.34354 2.23671
-2.35265 2.18929
-2.36176 2.14187
-2.38063 2.08497
-2.39948 2.02806
-2.40861 1.98064
-2.41805 1.95219
-2.43724 1.91425
-2.44652 1.87632
-2.4657 1.83838
-2.46522 1.80993
-2.4945 1.78148
-2.5137 1.74354
-2.53291 1.7056
-2.5521 1.66767
-2.57131 1.62973
-2.59034 1.58231
-2.60971 1.55386
-2.62891 1.51592
-2.65787 1.4685
-2.68715 1.44005
-2.71627 1.40211
-2.73565 1.37366
-2.77486 1.34521
-2.804 1.30727
-2.83328 1.27882
-2.8821 1.2314
-2.93093 1.18398
-2.96966 1.12708
-2.99895 1.09863
-3.0183 1.07017
-3.03766 1.04172
-3.04709 1.01327
-3.06664 0.9943
-3.07591 0.956366
-3.08535 0.927914
-3.06516 0.908945
-3.02496 0.880493
-2.99501 0.871009
-2.9553 0.871009
-2.91558 0.871009
-2.86644 0.899461
-2.8368 0.908944
-2.79743 0.927912
-2.75788 0.937397
-2.73737 0.89946
-2.73654 0.852041
-2.73606 0.823588
-2.73556 0.795136
-2.76354 0.690811
-2.77298 0.662359
-2.8021 0.624423
-2.84083 0.56752
-2.87939 0.501132
-2.88883 0.47268
-2.91781 0.425259
-2.9562 0.349387
-2.9845 0.26403
-3.02306 0.197642
-3.04208 0.150221
-3.06145 0.12177
-3.07056 0.07435
-3.09937 0.0174456
-3.10881 -0.011007
-3.07903 -0.0110065
-3.03913 -0.0204906
-2.99926 -0.0299747
-2.94003 -0.0110067
-2.9205 0.00796164
-2.8816 0.0553815
-2.84256 0.0933177
-2.82317 0.121769
-2.78448 0.178674
-2.75549 0.226094
-2.72621 0.254546
-2.68716 0.292483
-2.65803 0.330419
-2.62905 0.377838
-2.6001 0.425259
-2.55128 0.47268
-2.51271 0.539067
-2.47399 0.595972
-2.44485 0.633906
-2.42534 0.652876
-2.40597 0.681328
-2.37652 0.700297
-2.34707 0.719265
-2.32754 0.738232
-2.29791 0.747716
-2.29726 0.709779
-2.30668 0.681327
-2.30603 0.643392
-2.31532 0.605456
-2.32476 0.577004
-2.33385 0.529582
-2.36264 0.472678
-2.41114 0.406291
-2.43993 0.349386
-2.47884 0.301967
-2.52748 0.245062
-2.55627 0.188158
-2.59484 0.121769
-2.63308 0.0364136
-2.66156 -0.039458
-2.68075 -0.0773953
-2.69002 -0.11533
-2.68919 -0.162751
-2.66903 -0.181719
-2.62864 -0.219656
-2.56761 -0.305012
-2.53683 -0.361916
-2.51616 -0.409336
-2.49499 -0.485208
-2.47284 -0.617985
-2.47202 -0.665405
-2.45101 -0.731793
-2.43944 -0.826634
-2.43845 -0.883539
-2.42691 -0.978378
-2.42559 -1.05425
-2.41416 -1.13961
-2.40276 -1.22496
-2.39104 -1.32929
-2.38923 -1.43361
-2.38758 -1.52845
-2.38579 -1.63278
-2.38332 -1.77504
-2.38167 -1.86988
-2.38003 -1.96472
-2.38913 -2.01214
-2.38733 -2.11646
-2.39562 -2.2113
-2.414 -2.29666
-2.42261 -2.37253
-2.42147 -2.43892
-2.4296 -2.54324
-2.42811 -2.6286
-2.42664 -2.71396
-2.42369 -2.88467
-2.42237 -2.96054
-2.4313 -3.01745
-2.43082 -3.0459
-2.44935 -3.12177
-2.45799 -3.19764
-2.46675 -3.26403
-2.46609 -3.30197
-2.43648 -3.29248
-2.39743 -3.25455
-2.33885 -3.19764
-2.30955 -3.16919
-2.30857 -3.22609
-2.31621 -3.35887
-2.31424 -3.47268
-2.31326 -3.52958
-2.31177 -3.61494
-2.3103 -3.7003
-2.30751 -3.86153
-2.24777 -3.87101
-2.18885 -3.83307
-2.12977 -3.80462
-2.13109 -3.72875
-2.13273 -3.63391
-2.13487 -3.51062
-2.12724 -3.37784
-2.1388 -3.283
-2.13036 -3.19764
-2.11279 -3.06487
-2.10434 -2.97951
-2.08662 -2.85622
-2.06808 -2.78035
-2.04921 -2.72344
-2.03034 -2.66654
-2.01163 -2.60015
-1.99261 -2.55273
-1.98348 -2.50531
-1.97437 -2.45789
-1.94608 -2.37253
-1.91794 -2.27769
-1.89956 -2.19234
-1.8711 -2.11646
-1.85172 -2.08801
-1.82177 -2.09749
-1.8011 -2.14491
-1.80029 -2.19233
-1.79946 -2.23976
-1.79898 -2.26821
-1.78624 -2.42944
-1.77483 -2.51479
-1.77435 -2.54324
-1.77336 -2.60015
-1.74244 -2.66654
-1.71181 -2.71396
-1.67195 -2.72344
-1.64232 -2.71396
-1.52583 -2.56221
-1.4775 -2.48634
-1.44918 -2.40098
-1.43098 -2.30614
-1.40333 -2.18285
-1.39487 -2.09749
-1.37714 -1.9742
-1.36886 -1.87936
-1.35065 -1.78452
-1.34222 -1.69916
-1.33292 -1.66123
-1.31422 -1.59484
-1.29551 -1.52845
-1.27715 -1.4431
-1.2581 -1.39568
-1.24884 -1.35774
-1.22997 -1.30084
-1.20213 -1.18703
-1.1932 -1.13012
-1.15547 -1.01631
-1.1078 -0.902506
-1.05997 -0.798182
-1.02173 -0.712825
-0.983484 -0.627469
-0.964634 -0.570564
-0.92605 -0.504177
-0.907017 -0.456756
-0.887981 -0.409336
-0.858698 -0.380884
-0.829733 -0.333464
-0.820457 -0.295527
-0.791492 -0.248108
-0.762878 -0.181719
-0.733728 -0.143784
-0.714378 -0.115331
-0.695349 -0.0679113
-0.656769 -0.00152245
-0.608444 0.0743495
-0.540588 0.16919
-0.462805 0.26403
-0.384706 0.339903
-0.286558 0.406291
-0.237427 0.434743
-0.188272 0.463196
-0.158655 0.47268
-0.0794067 0.482164
2.86102e-05 0.482163
0.0495129 0.491647
0.138695 0.501131
0.168308 0.510616
0.207861 0.520099
BezierPoints 142
0.391703 1.05719
0.383975 1.51103
-0.143354 1.67518
-0.276072 2.09445
-0.367478 2.38321
-0.342575 2.88134
-0.294956 3.18512
-0.2402 3.53442
0.0133725 3.9771
0.192337 4.28526
0.243516 4.37339
0.433511 4.33802
0.457748 4.43701
0.458443 4.43985
0.336494 4.7366
0.333366 4.7405
0.320509 4.75652
0.0237088 4.65301
-0.0223789 4.64565
-0.288815 4.60312
-0.797569 4.64227
-1.26871 4.3801
-0.761974 4.47485
-0.360843 4.48902
-0.222504 4.39114
-0.166349 4.35141
-0.852596 4.4609
-1.15637 4.19991
-0.764233 4.23767
-0.496703 4.27735
-0.342634 4.21887
-0.230344 4.17626
-0.367367 3.9746
-0.387007 3.91539
-0.506286 3.55575
-0.83089 3.34335
-0.976862 3.00492
-1.12313 2.6658
-1.11408 2.33279
-1.10788 1.97116
-1.10643 1.88635
-1.0866 1.65011
-1.17098 1.60128
-1.22057 1.57258
-1.39999 1.63017
-1.42066 1.68664
-1.45372 1.7769
-1.35043 2.04203
-1.36946 2.17032
-1.42127 2.51968
-1.72625 2.76287
-1.79274 3.10924
-1.84683 3.39099
-2.31244 4.39093
-1.29102 4.52236
-1.6766 4.61698
-1.89017 4.66169
-2.03857 4.69308
-2.09152 4.70427
-2.25679 4.7649
-2.30743 4.74049
-2.53847 4.62916
-2.22602 4.10701
-2.20465 3.9628
-2.10812 3.31158
-2.16487 2.40322
-2.46522 1.80993
-2.591 1.56146
-2.75423 1.39451
-2.93093 1.18398
-2.96926 1.13831
-3.10103 0.997113
-3.08535 0.927914
-3.03689 0.714148
-2.66904 1.11654
-2.73556 0.795136
-2.77691 0.595367
-2.93087 0.379837
-3.02306 0.197642
-3.03702 0.170044
-3.12095 0.00596921
-3.10881 -0.011007
-3.05366 -0.0881575
-2.91857 0.0148943
-2.8816 0.0553815
-2.72987 0.221552
-2.6046 0.41342
-2.47399 0.595972
-2.4595 0.616216
-2.32657 0.774643
-2.29791 0.747716
-2.26304 0.714947
-2.34423 0.502033
-2.36264 0.472678
-2.45367 0.327478
-2.74886 0.0259194
-2.68919 -0.162751
-2.65447 -0.272541
-2.52291 -0.350753
-2.49499 -0.485208
-2.36056 -1.13272
-2.39475 -1.78562
-2.42147 -2.43892
-2.4296 -2.63762
-2.39705 -2.85078
-2.43082 -3.0459
-2.43716 -3.08256
-2.49838 -3.27163
-2.46609 -3.30197
-2.44045 -3.32607
-2.31795 -3.16129
-2.30955 -3.16919
-2.24762 -3.22737
-2.40148 -3.90787
-2.24777 -3.87101
-2.07116 -3.82866
-2.13785 -3.64953
-2.13487 -3.51062
-2.12721 -3.15325
-2.04975 -2.84985
-1.98348 -2.50531
-1.97062 -2.43845
-1.91817 -2.11356
-1.85172 -2.08801
-1.78922 -2.06398
-1.78525 -2.55421
-1.77336 -2.60015
-1.76569 -2.62979
-1.70132 -2.77906
-1.64232 -2.71396
-1.38417 -2.42912
-1.3941 -2.05993
-1.34222 -1.69916
-1.25469 -1.09055
-0.773101 -0.618275
-0.269482 -0.211768
-0.0796262 -0.058523
0.159679 0.0944961
0.383173 0.148084
0.488598 0.173363
0.393548 0.948789
0.391703 1.05719
